timestamps,TP9,AF7,AF8,TP10,Right AUX
1728625416.354,-27.344,-31.738,-47.852,-32.227,0.000
1728625416.358,-22.949,-32.715,-47.363,-63.965,0.000
1728625416.361,-26.367,-38.086,-46.875,-52.246,0.000
1728625416.365,-48.340,-42.969,-50.293,-26.367,0.000
1728625416.369,-31.738,-43.945,-43.457,21.973,0.000
1728625416.373,-25.391,-46.387,-42.969,-6.836,0.000
1728625416.377,-4.395,-37.109,-39.062,-34.668,0.000
1728625416.381,-3.418,-24.902,-33.691,-32.227,0.000
1728625416.385,-33.691,-27.344,-31.738,-20.508,0.000
1728625416.389,-15.137,-41.016,-24.902,26.855,0.000
1728625416.393,-4.395,-33.203,-26.855,-4.395,0.000
1728625416.397,3.906,-33.203,-28.320,-45.410,0.000
1728625416.401,-9.766,-47.363,-25.391,-27.344,0.000
1728625416.404,-25.391,-37.598,-26.367,-3.418,0.000
1728625416.408,-4.395,-22.949,-20.020,25.879,0.000
1728625416.412,-13.184,-30.273,-27.344,-9.766,0.000
1728625416.416,-11.719,-43.457,-36.621,-57.617,0.000
1728625416.420,-3.418,-43.945,-32.715,-45.410,0.000
1728625416.424,-36.133,-39.551,-34.668,-34.668,0.000
1728625416.428,-29.297,-23.926,-26.855,8.301,0.000
1728625416.432,-29.297,-20.020,-29.785,6.836,0.000
1728625416.436,-31.250,-28.320,-41.016,-47.852,0.000
1728625416.440,-13.184,-20.020,-45.410,-70.801,0.000
1728625416.444,-48.828,-18.066,-53.711,-58.594,0.000
1728625416.447,-47.852,-21.973,-52.734,-13.184,0.000
1728625416.451,-39.062,-21.973,-49.805,-19.043,0.000
1728625416.455,-37.598,-27.832,-51.270,-66.895,0.000
1728625416.459,-18.555,-25.879,-49.805,-74.219,0.000
1728625416.463,-41.992,-27.832,-54.199,-53.223,0.000
1728625416.467,-47.852,-29.297,-49.805,-7.812,0.000
1728625416.471,-32.715,-23.926,-42.480,3.418,0.000
1728625416.475,-34.668,-25.391,-53.711,-42.969,0.000
1728625416.479,-17.090,-27.344,-55.176,-57.129,0.000
1728625416.483,-33.203,-42.969,-54.688,-37.598,0.000
1728625416.487,-42.480,-37.598,-39.551,4.395,0.000
1728625416.490,-24.902,-29.785,-32.227,17.578,0.000
1728625416.494,-24.414,-44.434,-43.457,-24.902,0.000
1728625416.498,-2.441,-42.480,-43.945,-41.992,0.000
1728625416.502,-9.277,-37.598,-38.086,-47.852,0.000
1728625416.506,-26.855,-31.738,-35.156,-22.949,0.000
1728625416.510,-11.230,-39.062,-36.133,11.230,0.000
1728625416.514,-18.555,-56.641,-40.527,-25.879,0.000
1728625416.518,-16.113,-50.781,-38.574,-50.781,0.000
1728625416.522,-26.855,-46.387,-35.645,-44.434,0.000
1728625416.526,-45.410,-48.828,-28.320,-3.418,0.000
1728625416.530,-22.461,-36.621,-16.113,32.715,0.000
1728625416.533,-35.156,-34.180,-26.855,-22.461,0.000
1728625416.537,-33.203,-38.086,-35.645,-58.594,0.000
1728625416.541,-31.738,-35.156,-37.598,-41.992,0.000
1728625416.545,-51.270,-37.598,-35.645,-10.742,0.000
1728625416.549,-33.203,-29.297,-37.109,6.348,0.000
1728625416.553,-35.645,-31.738,-48.828,-30.273,0.000
1728625416.557,-26.367,-39.062,-49.805,-67.871,0.000
1728625416.561,-20.020,-40.039,-49.805,-77.637,0.000
1728625416.565,-53.223,-40.039,-42.969,-53.223,0.000
1728625416.569,-62.012,-33.691,-40.527,-12.695,0.000
1728625416.573,-58.594,-42.480,-53.711,-24.414,0.000
1728625416.576,-40.527,-42.969,-52.734,-63.477,0.000
1728625416.580,-29.297,-32.715,-52.734,-69.336,0.000
1728625416.584,-42.480,-39.062,-54.199,-38.086,0.000
1728625416.588,-30.273,-41.992,-46.387,7.812,0.000
1728625416.592,-44.434,-41.992,-48.828,-15.137,0.000
1728625416.596,-39.062,-39.551,-51.270,-62.012,0.000
1728625416.600,-9.766,-38.574,-47.852,-47.852,0.000
1728625416.604,-32.715,-46.387,-47.852,-19.531,0.000
1728625416.608,-27.832,-43.945,-41.992,14.648,0.000
1728625416.612,-20.508,-37.109,-35.156,0.977,0.000
1728625416.615,-20.020,-42.969,-42.969,-48.340,0.000
1728625416.619,-8.301,-54.688,-45.410,-60.059,0.000
1728625416.623,-37.109,-52.246,-38.574,-40.527,0.000
1728625416.627,-29.785,-43.457,-33.203,4.883,0.000
1728625416.631,-23.438,-46.875,-32.227,-2.441,0.000
1728625416.635,-35.156,-47.852,-39.062,-51.270,0.000
1728625416.639,-24.414,-42.969,-39.062,-56.641,0.000
1728625416.643,-41.992,-46.387,-37.109,-34.668,0.000
1728625416.647,-52.246,-37.109,-34.180,-12.207,0.000
1728625416.651,-48.828,-41.016,-38.086,-24.414,0.000
1728625416.655,-46.875,-56.641,-43.945,-72.754,0.000
1728625416.658,-34.180,-58.105,-39.062,-76.172,0.000
1728625416.662,-53.223,-57.617,-34.668,-45.410,0.000
1728625416.666,-63.477,-44.922,-30.762,-16.113,0.000
1728625416.670,-47.363,-40.039,-34.668,-15.137,0.000
1728625416.674,-49.805,-51.270,-40.527,-54.688,0.000
1728625416.678,-29.297,-39.551,-42.480,-73.242,0.000
1728625416.682,-33.691,-28.320,-47.852,-50.781,0.000
1728625416.686,-47.852,-31.738,-44.922,-11.230,0.000
1728625416.690,-28.809,-33.203,-38.086,9.766,0.000
1728625416.694,-30.762,-39.551,-41.504,-30.273,0.000
1728625416.697,-10.254,-41.992,-45.898,-58.105,0.000
1728625416.701,-10.742,-46.875,-48.828,-54.688,0.000
1728625416.705,-24.902,-44.922,-46.387,-13.184,0.000
1728625416.709,-19.043,-31.250,-44.922,21.484,0.000
1728625416.713,-32.227,-30.762,-47.363,-27.832,0.000
1728625416.717,-24.414,-41.504,-45.410,-67.871,0.000
1728625416.721,-25.391,-47.363,-48.828,-59.082,0.000
1728625416.725,-31.250,-42.480,-45.410,-21.973,0.000
1728625416.729,-13.184,-22.949,-35.645,5.859,0.000
1728625416.733,-13.184,-25.879,-42.969,-22.949,0.000
1728625416.737,-4.395,-35.645,-47.852,-47.363,0.000
1728625416.740,-8.301,-29.297,-43.945,-45.410,0.000
1728625416.744,-33.203,-35.156,-41.016,-23.438,0.000
1728625416.748,-20.996,-40.039,-36.621,19.531,0.000
1728625416.752,-27.832,-40.039,-41.992,-2.441,0.000
1728625416.756,-18.555,-36.133,-40.039,-54.199,0.000
1728625416.760,2.930,-31.250,-33.691,-61.035,0.000
1728625416.764,-24.902,-37.109,-32.715,-25.391,0.000
1728625416.768,-35.645,-43.945,-23.438,21.484,0.000
1728625416.772,-39.551,-40.527,-23.926,-3.418,0.000
1728625416.776,-28.809,-38.574,-29.297,-56.152,0.000
1728625416.779,-9.277,-41.992,-25.879,-62.500,0.000
1728625416.783,-44.434,-43.945,-22.461,-42.969,0.000
1728625416.787,-42.480,-35.645,-20.508,-7.324,0.000
1728625416.791,-34.668,-35.645,-30.762,-19.531,0.000
1728625416.795,-31.738,-54.688,-38.574,-43.457,0.000
1728625416.799,-11.719,-48.340,-33.203,-51.758,0.000
1728625416.803,-36.621,-24.902,-29.297,-45.410,0.000
1728625416.807,-38.086,-20.020,-23.438,1.465,0.000
1728625416.811,-29.297,-32.227,-32.227,-5.859,0.000
1728625416.815,-23.438,-38.086,-42.969,-49.316,0.000
1728625416.818,-13.184,-31.250,-41.992,-61.035,0.000
1728625416.822,-45.410,-33.203,-41.992,-41.504,0.000
1728625416.826,-45.410,-37.109,-40.039,1.953,0.000
1728625416.830,-24.414,-36.621,-41.016,0.977,0.000
1728625416.834,-24.414,-37.109,-42.969,-39.062,0.000
1728625416.838,-12.695,-35.156,-41.016,-37.598,0.000
1728625416.842,-30.762,-36.621,-38.086,-18.555,0.000
1728625416.846,-38.574,-33.203,-25.391,5.371,0.000
1728625416.850,-33.691,-34.180,-23.926,5.371,0.000
1728625416.854,-35.156,-39.551,-37.598,-39.062,0.000
1728625416.858,-18.066,-31.250,-41.016,-57.617,0.000
1728625416.861,-41.992,-24.414,-40.527,-58.594,0.000
1728625416.865,-54.688,-22.949,-30.762,-30.762,0.000
1728625416.869,-28.809,-21.484,-24.902,5.859,0.000
1728625416.873,-27.832,-27.832,-34.180,-25.879,0.000
1728625416.877,-18.066,-30.762,-37.598,-56.641,0.000
1728625416.881,-36.621,-34.668,-35.645,-41.504,0.000
1728625416.885,-52.246,-36.621,-35.645,-10.254,0.000
1728625416.889,-29.785,-31.738,-36.133,1.953,0.000
1728625416.893,-48.828,-41.016,-41.016,-30.762,0.000
1728625416.897,-47.852,-43.457,-28.809,-52.734,0.000
1728625416.901,-24.902,-34.668,-26.367,-31.738,0.000
1728625416.904,-43.457,-35.156,-42.969,-15.137,0.000
1728625416.908,-44.434,-31.250,-36.621,0.000,0.000
1728625416.912,-43.457,-31.250,-37.598,-25.879,0.000
1728625416.916,-31.738,-33.691,-47.363,-62.500,0.000
1728625416.920,-19.531,-27.344,-46.875,-53.711,0.000
1728625416.924,-34.180,-29.785,-40.527,-25.391,0.000
1728625416.928,-27.832,-32.227,-32.227,9.766,0.000
1728625416.932,-31.738,-26.855,-36.133,-15.625,0.000
1728625416.936,-19.043,-29.297,-48.340,-51.758,0.000
1728625416.940,-8.789,-35.645,-46.875,-46.875,0.000
1728625416.944,-27.832,-34.668,-40.039,-27.832,0.000
1728625416.947,-24.902,-31.738,-40.039,13.184,0.000
1728625416.951,-35.645,-33.691,-44.434,-10.742,0.000
1728625416.955,-25.391,-43.457,-46.387,-64.941,0.000
1728625416.959,-8.301,-39.551,-41.992,-60.059,0.000
1728625416.963,-34.668,-31.250,-35.645,-31.738,0.000
1728625416.967,-37.109,-24.414,-30.762,15.625,0.000
1728625416.971,-37.109,-28.320,-32.715,-2.930,0.000
1728625416.975,-23.438,-39.062,-37.109,-66.895,0.000
1728625416.979,-12.207,-34.180,-31.738,-58.594,0.000
1728625416.983,-45.410,-36.133,-28.320,-21.484,0.000
1728625416.987,-38.086,-34.180,-24.414,16.602,0.000
1728625416.990,-30.273,-39.551,-35.156,7.324,0.000
1728625416.994,-34.668,-50.293,-48.340,-47.363,0.000
1728625416.998,-17.578,-38.574,-35.156,-63.965,0.000
1728625417.002,-38.086,-40.039,-36.621,-47.363,0.000
1728625417.006,-52.246,-44.434,-38.086,-7.812,0.000
1728625417.010,-47.852,-39.551,-32.227,-4.395,0.000
1728625417.014,-41.992,-39.551,-34.668,-48.340,0.000
1728625417.018,-21.973,-39.551,-31.738,-67.383,0.000
1728625417.022,-30.273,-39.062,-36.621,-47.363,0.000
1728625417.026,-28.809,-33.203,-29.785,-0.977,0.000
1728625417.029,-31.738,-30.762,-33.691,-3.418,0.000
1728625417.033,-38.574,-36.621,-49.805,-37.598,0.000
1728625417.037,-17.578,-42.480,-48.828,-56.641,0.000
1728625417.041,-31.738,-42.480,-41.016,-48.828,0.000
1728625417.045,-45.410,-41.992,-41.504,-15.625,0.000
1728625417.049,-42.480,-42.969,-43.945,-2.930,0.000
1728625417.053,-37.598,-39.062,-44.434,-37.598,0.000
1728625417.057,-13.184,-36.621,-46.387,-65.918,0.000
1728625417.061,-24.902,-35.645,-41.016,-60.059,0.000
1728625417.065,-36.133,-34.180,-39.062,-18.066,0.000
1728625417.069,-23.438,-36.133,-41.016,15.625,0.000
1728625417.072,-33.203,-42.969,-46.875,-20.996,0.000
1728625417.076,-17.090,-46.875,-52.734,-58.594,0.000
1728625417.080,-18.066,-44.922,-50.293,-53.711,0.000
1728625417.084,-42.969,-43.457,-38.574,-10.742,0.000
1728625417.088,-32.227,-38.574,-34.180,5.371,0.000
1728625417.092,-25.391,-39.551,-39.551,-23.926,0.000
1728625417.096,-13.672,-45.410,-36.133,-41.992,0.000
1728625417.100,-12.695,-44.434,-39.551,-58.594,0.000
1728625417.104,-33.203,-42.969,-41.992,-30.762,0.000
1728625417.108,-28.809,-43.945,-34.668,9.766,0.000
1728625417.111,-39.551,-37.598,-38.086,-20.996,0.000
1728625417.115,-27.344,-33.691,-46.387,-53.223,0.000
1728625417.119,-25.879,-36.621,-46.387,-56.641,0.000
1728625417.123,-51.758,-34.180,-45.410,-35.156,0.000
1728625417.127,-33.691,-29.785,-42.480,13.184,0.000
1728625417.131,-34.668,-27.344,-43.457,-14.160,0.000
1728625417.135,-26.367,-27.344,-44.922,-66.406,0.000
1728625417.139,-0.488,-29.785,-43.945,-56.641,0.000
1728625417.143,-28.809,-31.250,-41.992,-21.484,0.000
1728625417.147,-41.504,-30.762,-35.645,17.578,0.000
1728625417.150,-36.621,-30.762,-45.898,-4.395,0.000
1728625417.154,-9.766,-35.645,-49.316,-52.246,0.000
1728625417.158,2.441,-32.227,-44.434,-61.035,0.000
1728625417.162,-31.738,-31.738,-45.898,-45.410,0.000
1728625417.166,-29.785,-32.227,-37.109,2.930,0.000
1728625417.170,-32.227,-41.992,-44.434,0.488,0.000
1728625417.174,-23.438,-50.293,-49.316,-47.363,0.000
1728625417.178,-7.812,-35.645,-41.992,-46.875,0.000
1728625417.182,-35.156,-33.691,-43.945,-22.949,0.000
1728625417.186,-33.691,-38.574,-41.504,8.301,0.000
1728625417.190,-14.160,-25.879,-36.621,7.324,0.000
1728625417.193,-12.695,-23.438,-40.039,-42.480,0.000
1728625417.197,-7.324,-32.227,-46.875,-54.199,0.000
1728625417.201,-40.039,-38.574,-56.152,-45.898,0.000
1728625417.205,-48.828,-30.273,-50.781,-13.672,0.000
1728625417.209,-27.832,-20.508,-40.039,11.719,0.000
1728625417.213,-30.762,-28.809,-46.875,-40.527,0.000
1728625417.217,-25.391,-40.039,-50.293,-70.312,0.000
1728625417.221,-32.715,-37.598,-52.246,-51.270,0.000
1728625417.225,-36.133,-30.762,-50.781,-11.719,0.000
1728625417.229,-32.715,-35.645,-50.293,-2.930,0.000
1728625417.233,-34.180,-42.969,-55.176,-47.363,0.000
1728625417.236,-20.996,-36.133,-47.363,-72.266,0.000
1728625417.240,-32.227,-26.855,-47.852,-65.918,0.000
1728625417.244,-40.039,-34.180,-48.828,-32.227,0.000
1728625417.248,-26.855,-42.969,-42.480,-4.395,0.000
1728625417.252,-38.086,-36.621,-43.457,-35.156,0.000
1728625417.256,-15.625,-29.297,-42.480,-64.453,0.000
1728625417.260,-12.695,-34.180,-41.016,-61.035,0.000
1728625417.264,-33.691,-34.180,-41.992,-28.809,0.000
1728625417.268,-26.855,-30.273,-39.062,10.254,0.000
1728625417.272,-23.438,-28.320,-34.668,-13.672,0.000
1728625417.276,11.719,-30.273,-43.945,-50.781,0.000
1728625417.279,1.953,-38.086,-47.363,-45.410,0.000
1728625417.283,-45.898,-29.785,-37.598,-18.066,0.000
1728625417.287,-34.668,-18.066,-32.227,13.672,0.000
1728625417.291,0.000,-31.250,-39.551,-17.090,0.000
1728625417.295,0.000,-50.781,-42.480,-59.082,0.000
1728625417.299,0.000,-45.898,-41.992,-54.688,0.000
1728625417.303,0.000,-45.898,-38.086,-19.043,0.000
1728625417.307,0.000,-45.410,-29.785,19.043,0.000
1728625417.311,0.000,-41.992,-32.715,-10.254,0.000
1728625417.315,0.000,-41.992,-36.621,-62.012,0.000
1728625417.318,0.000,-36.621,-34.180,-57.617,0.000
1728625417.322,0.000,-44.922,-36.621,-19.531,0.000
1728625417.326,0.000,-42.480,-36.621,18.066,0.000
1728625417.330,0.000,-39.062,-41.016,-7.324,0.000
1728625417.334,0.000,-42.969,-49.805,-41.504,0.000
1728625417.338,-36.621,-47.852,-51.270,-38.086,0.000
1728625417.342,-35.156,-47.363,-44.434,-35.156,0.000
1728625417.346,-29.785,-26.367,-29.785,4.395,0.000
1728625417.350,-57.129,-28.809,-39.062,-5.859,0.000
1728625417.353,-54.199,-45.410,-50.781,-57.129,0.000
1728625417.357,-46.387,-45.410,-42.969,-62.988,0.000
1728625417.361,-31.738,-48.828,-42.480,-44.434,0.000
1728625417.365,-16.113,-41.992,-37.109,5.371,0.000
1728625417.369,-41.992,-39.551,-40.527,-0.488,0.000
1728625417.373,-41.016,-40.039,-43.457,-54.688,0.000
1728625417.377,-35.645,-41.016,-39.062,-55.176,0.000
1728625417.381,-37.109,-44.922,-44.434,-40.039,0.000
1728625417.385,-43.457,-40.039,-41.016,-19.043,0.000
1728625417.389,-32.227,-46.875,-42.480,-18.066,0.000
1728625417.392,-28.320,-51.758,-46.875,-58.105,0.000
1728625417.396,-19.043,-41.016,-44.922,-61.523,0.000
1728625417.400,-30.273,-33.691,-40.527,-33.203,0.000
1728625417.404,-35.156,-32.227,-36.133,0.488,0.000
1728625417.408,-35.156,-33.691,-40.527,-3.906,0.000
1728625417.412,-33.691,-52.734,-46.387,-44.434,0.000
1728625417.416,-18.066,-45.410,-47.852,-62.500,0.000
1728625417.420,-27.832,-32.227,-47.852,-54.199,0.000
1728625417.424,-26.855,-38.574,-39.062,0.488,0.000
1728625417.428,-22.949,-30.762,-30.762,18.555,0.000
1728625417.432,0.000,-29.297,-37.109,-29.297,0.000
1728625417.435,0.000,-30.273,-41.992,-57.129,0.000
1728625417.439,0.000,-35.645,-47.852,-56.641,0.000
1728625417.443,0.000,-41.992,-51.758,-32.227,0.000
1728625417.447,0.000,-30.273,-47.852,-7.812,0.000
1728625417.451,0.000,-41.992,-50.781,-40.527,0.000
1728625417.455,0.000,-53.223,-55.664,-70.312,0.000
1728625417.459,0.000,-40.527,-49.805,-55.664,0.000
1728625417.463,0.000,-37.109,-37.109,-26.855,0.000
1728625417.467,0.000,-37.109,-32.715,2.441,0.000
1728625417.471,0.000,-49.805,-39.062,-36.133,0.000
1728625417.474,0.000,-52.734,-46.387,-77.637,0.000
1728625417.478,-16.602,-43.457,-47.363,-69.336,0.000
1728625417.482,-45.898,-42.969,-41.504,-33.691,0.000
1728625417.486,-33.691,-30.762,-28.809,12.207,0.000
1728625417.490,-34.668,-34.180,-35.645,-31.250,0.000
1728625417.494,-24.414,-48.828,-40.039,-61.035,0.000
1728625417.498,-5.371,-48.340,-37.109,-50.293,0.000
1728625417.502,-25.391,-43.945,-35.156,-36.133,0.000
1728625417.506,-28.320,-35.156,-22.461,16.113,0.000
1728625417.510,-40.039,-35.645,-27.344,-0.977,0.000
1728625417.514,-35.156,-44.434,-34.668,-46.387,0.000
1728625417.517,-10.742,-43.945,-33.691,-43.945,0.000
1728625417.521,-15.625,-39.551,-41.504,-30.762,0.000
1728625417.525,-8.301,-31.738,-36.133,15.625,0.000
1728625417.529,-9.766,-25.391,-34.668,10.742,0.000
1728625417.533,-21.973,-36.621,-40.039,-39.062,0.000
1728625417.537,-21.973,-41.016,-34.180,-40.527,0.000
1728625417.541,-44.922,-37.598,-37.109,-19.531,0.000
1728625417.545,-37.109,-41.016,-39.062,26.367,0.000
1728625417.549,-28.320,-43.457,-31.738,22.461,0.000
1728625417.553,-24.414,-38.086,-39.062,-37.109,0.000
1728625417.556,-5.371,-34.668,-42.969,-35.645,0.000
1728625417.560,-20.020,-25.879,-34.668,-11.230,0.000
1728625417.564,-24.414,-20.996,-33.691,14.648,0.000
1728625417.568,-18.066,-29.785,-36.133,22.461,0.000
1728625417.572,-17.090,-36.621,-42.969,-16.113,0.000
1728625417.576,1.465,-36.621,-37.598,-43.945,0.000
1728625417.580,-20.996,-31.738,-38.086,-44.922,0.000
1728625417.584,-26.855,-25.879,-37.598,-6.836,0.000
1728625417.588,-11.719,-27.344,-36.621,1.953,0.000
1728625417.592,-26.855,-38.086,-48.828,-51.758,0.000
1728625417.596,-18.555,-32.227,-44.922,-62.988,0.000
1728625417.599,-49.316,-35.156,-42.969,-41.992,0.000
1728625417.603,-64.941,-46.387,-52.246,-6.348,0.000
1728625417.607,-49.316,-45.898,-51.270,8.301,0.000
1728625417.611,-52.246,-40.527,-50.293,-35.156,0.000
1728625417.615,-15.137,-32.227,-52.734,-62.012,0.000
1728625417.619,-30.762,-38.574,-47.363,-60.059,0.000
1728625417.623,-51.270,-31.738,-41.992,-20.020,0.000
1728625417.627,-26.367,-22.461,-34.180,10.254,0.000
1728625417.631,-26.367,-26.367,-39.062,-37.598,0.000
1728625417.635,-12.207,-36.621,-51.270,-68.848,0.000
1728625417.639,-22.461,-45.898,-51.758,-52.734,0.000
1728625417.642,-45.898,-37.109,-43.457,-26.855,0.000
1728625417.646,-41.504,-35.645,-28.809,6.348,0.000
1728625417.650,-38.574,-46.387,-37.598,-7.324,0.000
1728625417.654,-12.695,-43.457,-51.758,-47.363,0.000
1728625417.658,-18.555,-35.645,-35.645,-55.176,0.000
1728625417.662,-43.945,-27.832,-34.668,-24.414,0.000
1728625417.666,-28.809,-22.461,-41.992,11.719,0.000
1728625417.670,-41.016,-37.598,-43.945,-29.297,0.000
1728625417.674,-21.484,-41.016,-47.852,-71.289,0.000
1728625417.678,-18.555,-32.715,-45.898,-58.594,0.000
1728625417.682,-48.828,-33.203,-49.316,-27.344,0.000
1728625417.685,-18.066,-26.855,-41.992,17.090,0.000
1728625417.689,-13.672,-23.926,-41.504,-8.301,0.000
1728625417.693,-9.766,-30.762,-58.105,-58.105,0.000
1728625417.697,-13.184,-39.062,-58.594,-56.641,0.000
1728625417.701,-42.969,-32.227,-47.363,-26.367,0.000
1728625417.705,-41.504,-31.250,-41.992,3.906,0.000
1728625417.709,-44.922,-42.480,-52.734,-33.691,0.000
1728625417.713,-32.715,-44.434,-58.105,-61.035,0.000
1728625417.717,-20.996,-40.527,-49.316,-52.734,0.000
1728625417.721,-52.734,-35.156,-46.875,-40.527,0.000
1728625417.724,-48.828,-37.109,-50.293,-6.836,0.000
1728625417.728,-45.898,-33.691,-54.199,-18.555,0.000
1728625417.732,-41.016,-32.715,-54.199,-71.777,0.000
1728625417.736,-22.461,-41.504,-48.828,-78.125,0.000
1728625417.740,-33.203,-44.434,-47.363,-36.133,0.000
1728625417.744,-24.414,-36.621,-40.527,9.277,0.000
1728625417.748,-35.156,-31.738,-44.434,-4.395,0.000
1728625417.752,-35.645,-41.504,-53.223,-50.293,0.000
1728625417.756,-21.973,-39.551,-49.316,-67.383,0.000
1728625417.760,-34.180,-36.621,-48.340,-59.082,0.000
1728625417.764,-30.762,-31.738,-46.875,-4.395,0.000
1728625417.767,-37.109,-35.645,-45.898,21.973,0.000
1728625417.771,-41.016,-44.922,-51.270,-43.945,0.000
1728625417.775,-18.066,-34.668,-43.457,-63.965,0.000
1728625417.779,-28.809,-30.762,-43.457,-45.898,0.000
1728625417.783,-34.668,-36.621,-41.016,-9.277,0.000
1728625417.787,-28.809,-37.598,-39.062,13.184,0.000
1728625417.791,-38.574,-46.387,-47.852,-43.945,0.000
1728625417.795,-32.227,-44.434,-44.434,-75.195,0.000
1728625417.799,-46.387,-49.316,-44.922,-60.059,0.000
1728625417.803,-57.617,-46.875,-38.086,-11.719,0.000
1728625417.806,-43.945,-40.527,-27.344,18.555,0.000
1728625417.810,-39.551,-44.434,-38.574,-37.109,0.000
1728625417.814,-24.902,-45.898,-43.457,-72.266,0.000
1728625417.818,-38.086,-44.922,-37.109,-58.594,0.000
1728625417.822,-51.758,-41.016,-30.762,-19.043,0.000
1728625417.826,-35.156,-43.945,-30.273,0.977,0.000
1728625417.830,-24.902,-44.922,-38.086,-36.133,0.000
1728625417.834,-8.789,-33.691,-41.016,-62.988,0.000
1728625417.838,-31.250,-35.645,-41.504,-54.199,0.000
1728625417.842,-51.758,-36.621,-43.457,-20.020,0.000
1728625417.846,-27.832,-37.598,-43.945,15.625,0.000
1728625417.849,-31.250,-35.645,-52.246,-21.973,0.000
1728625417.853,-25.879,-26.367,-55.176,-66.895,0.000
1728625417.857,-9.277,-27.832,-53.711,-61.523,0.000
1728625417.861,-30.273,-31.250,-60.059,-31.738,0.000
1728625417.865,-28.809,-27.832,-58.594,4.395,0.000
1728625417.869,-35.645,-34.668,-55.664,-5.371,0.000
1728625417.873,-30.762,-37.109,-55.664,-30.762,0.000
1728625417.877,-5.371,-36.133,-55.664,-34.668,0.000
1728625417.881,-10.254,-25.391,-48.828,-19.531,0.000
1728625417.885,-14.160,-11.719,-40.039,6.836,0.000
1728625417.888,-25.879,-29.785,-49.316,-14.648,0.000
1728625417.892,-9.277,-35.156,-49.805,-53.711,0.000
1728625417.896,7.812,-26.367,-34.180,-45.898,0.000
1728625417.900,-28.320,-35.156,-31.738,-25.879,0.000
1728625417.904,-39.062,-42.969,-37.109,-9.277,0.000
1728625417.908,-51.270,-50.781,-39.551,-24.902,0.000
1728625417.912,-54.688,-42.480,-41.504,-57.617,0.000
1728625417.916,-27.832,-31.250,-39.551,-65.430,0.000
1728625417.920,-42.480,-40.039,-35.156,-28.809,0.000
1728625417.924,-45.410,-42.480,-30.273,18.066,0.000
1728625417.927,-32.715,-34.180,-27.832,-10.254,0.000
1728625417.931,-35.645,-33.691,-36.133,-62.012,0.000
1728625417.935,-22.949,-37.598,-37.598,-53.711,0.000
1728625417.939,-42.480,-45.410,-35.645,-28.320,0.000
1728625417.943,-60.547,-46.875,-32.715,6.348,0.000
1728625417.947,-47.363,-43.457,-34.180,1.465,0.000
1728625417.951,-29.297,-48.340,-46.875,-61.035,0.000
1728625417.955,-17.090,-44.922,-43.945,-67.871,0.000
1728625417.959,-48.340,-41.016,-41.504,-52.734,0.000
1728625417.963,-43.457,-43.457,-44.434,-19.531,0.000
1728625417.967,-20.996,-38.574,-46.875,4.395,0.000
1728625417.970,-31.250,-39.551,-55.176,-38.574,0.000
1728625417.974,-20.020,-36.133,-49.316,-61.035,0.000
1728625417.978,-35.156,-29.785,-47.852,-61.035,0.000
1728625417.982,-41.016,-37.598,-55.176,-24.902,0.000
1728625417.986,-31.738,-41.504,-43.945,8.789,0.000
1728625417.990,-42.480,-38.574,-40.527,-23.438,0.000
1728625417.994,-18.066,-39.062,-45.898,-44.922,0.000
1728625417.998,-21.484,-39.062,-47.363,-48.828,0.000
1728625418.002,-43.945,-39.062,-47.363,-25.391,0.000
1728625418.006,-33.203,-41.992,-41.992,-3.906,0.000
1728625418.010,-30.273,-44.922,-42.480,-37.109,0.000
1728625418.013,-3.418,-42.969,-45.410,-68.848,0.000
1728625418.017,-10.254,-38.574,-48.828,-68.848,0.000
1728625418.021,-33.203,-36.621,-46.875,-27.344,0.000
1728625418.025,-15.137,-41.016,-40.039,18.066,0.000
1728625418.029,-20.020,-44.922,-44.922,-24.902,0.000
1728625418.033,-16.113,-35.156,-41.992,-68.359,0.000
1728625418.037,-22.949,-33.691,-45.410,-59.082,0.000
1728625418.041,-36.621,-40.527,-45.410,-33.691,0.000
1728625418.045,-14.648,-26.367,-37.109,0.000,0.000
1728625418.049,-45.898,-31.738,-41.992,-19.531,0.000
1728625418.053,-46.387,-41.504,-47.852,-56.152,0.000
1728625418.056,-15.625,-37.109,-50.293,-54.199,0.000
1728625418.060,-38.086,-35.645,-45.898,-32.227,0.000
1728625418.064,-35.645,-37.109,-38.574,8.301,0.000
1728625418.068,-22.461,-33.203,-44.434,-6.836,0.000
1728625418.072,-13.184,-30.273,-47.363,-33.691,0.000
1728625418.076,-10.254,-33.691,-40.527,-44.922,0.000
1728625418.080,-26.367,-28.809,-36.133,-45.410,0.000
1728625418.084,-28.809,-35.156,-36.621,-4.395,0.000
1728625418.088,-34.668,-49.805,-46.875,-5.859,0.000
1728625418.092,-28.809,-41.504,-45.898,-49.316,0.000
1728625418.096,-14.648,-37.109,-38.574,-56.641,0.000
1728625418.099,-52.734,-56.641,-43.457,-37.598,0.000
1728625418.103,-51.758,-47.852,-39.062,-2.441,0.000
1728625418.107,-36.621,-37.109,-30.273,-6.348,0.000
1728625418.111,-35.156,-47.852,-33.691,-57.617,0.000
1728625418.115,-9.766,-48.828,-47.852,-61.035,0.000
1728625418.119,-34.180,-57.129,-51.758,-30.762,0.000
1728625418.123,-53.223,-52.246,-36.621,-7.812,0.000
1728625418.127,-41.992,-48.340,-31.738,-11.719,0.000
1728625418.131,-52.246,-20.020,-52.734,-56.152,0.000
1728625418.135,-51.758,-20.508,-40.527,-81.543,0.000
1728625418.138,-36.133,-67.871,-15.625,-42.480,0.000
1728625418.142,-43.457,-41.016,-24.414,-2.441,0.000
1728625418.146,-42.969,-48.340,-22.949,-3.906,0.000
1728625418.150,0.488,-68.359,-32.227,-10.254,0.000
1728625418.154,-63.965,-3.906,-28.809,-106.445,0.000
1728625418.158,-114.258,6.836,-27.832,-124.512,0.000
1728625418.162,-27.344,-70.312,-25.879,12.695,0.000
1728625418.166,-30.273,-51.270,-41.016,-14.160,0.000
1728625418.170,-65.430,-11.719,-55.664,-62.988,0.000
1728625418.174,-19.531,-78.613,8.301,-38.086,0.000
1728625418.178,-152.344,20.508,7.324,-152.344,0.000
1728625418.181,-170.410,8.789,-38.574,-106.934,0.000
1728625418.185,35.156,-96.680,-41.016,69.336,0.000
1728625418.189,19.043,-62.012,-62.500,5.859,0.000
1728625418.193,-16.113,-49.805,-74.707,-99.121,0.000
1728625418.197,49.316,3.418,-108.398,20.996,0.000
1728625418.201,-175.293,-59.570,-13.184,-94.727,0.000
1728625418.205,-328.125,-56.641,58.594,-319.336,0.000
1728625418.209,-205.566,9.766,-9.766,-162.109,0.000
1728625418.213,-50.781,7.812,-119.141,-108.398,0.000
1728625418.217,31.738,-63.965,-105.469,-75.195,0.000
1728625418.220,144.531,-79.102,-80.078,197.754,0.000
1728625418.224,74.707,-55.664,-65.918,157.227,0.000
1728625418.228,-6.348,-146.973,-14.648,8.301,0.000
1728625418.232,-2.441,-43.945,-68.848,-99.609,0.000
1728625418.236,2.441,-51.270,-69.336,-85.938,0.000
1728625418.240,22.949,-93.262,-54.688,93.750,0.000
1728625418.244,-30.762,-21.973,-74.707,77.148,0.000
1728625418.248,-50.781,-19.043,-62.988,22.949,0.000
1728625418.252,82.520,-75.195,-94.238,46.387,0.000
1728625418.256,136.719,-81.543,-62.012,96.680,0.000
1728625418.259,24.902,-50.781,-16.602,45.410,0.000
1728625418.263,-33.691,-17.090,-47.852,11.230,0.000
1728625418.267,10.254,-65.430,-83.008,79.590,0.000
1728625418.271,67.871,-82.520,-75.684,49.805,0.000
1728625418.275,106.445,-59.082,-47.363,59.570,0.000
1728625418.279,62.500,-53.223,-58.105,98.633,0.000
1728625418.283,23.438,-1.953,-82.520,109.375,0.000
1728625418.287,15.137,-8.789,-60.547,19.043,0.000
1728625418.291,83.984,-89.844,-65.918,24.414,0.000
1728625418.295,46.387,-65.430,-54.688,12.207,0.000
1728625418.299,-72.266,-48.340,-20.508,-66.406,0.000
1728625418.302,21.973,-77.637,-47.363,83.008,0.000
1728625418.306,76.172,-47.363,-84.961,131.348,0.000
1728625418.310,-41.016,-35.645,-74.707,23.438,0.000
1728625418.314,-27.344,-46.387,-52.734,-27.832,0.000
1728625418.318,27.832,-42.969,-40.527,-6.348,0.000
1728625418.322,-24.414,-49.316,-35.156,0.488,0.000
1728625418.326,14.648,-70.312,-24.414,20.020,0.000
1728625418.330,50.293,-50.781,-62.012,7.324,0.000
1728625418.334,48.340,-46.875,-80.566,2.441,0.000
1728625418.338,11.719,-39.062,-60.547,-0.488,0.000
1728625418.342,-32.715,-48.340,-46.875,15.137,0.000
1728625418.345,-33.203,-52.734,-33.203,39.062,0.000
1728625418.349,-26.855,-37.598,-29.297,-3.418,0.000
1728625418.353,-3.906,-43.457,-34.180,-36.133,0.000
1728625418.357,-9.766,-46.875,-38.086,-4.883,0.000
1728625418.361,-27.344,-36.133,-35.156,15.625,0.000
1728625418.365,-17.090,-28.320,-33.691,18.066,0.000
1728625418.369,-20.996,-44.922,-41.016,-13.672,0.000
1728625418.373,-18.066,-54.199,-47.363,-51.270,0.000
1728625418.377,-38.574,-44.922,-37.109,-63.965,0.000
1728625418.381,-34.668,-27.832,-37.598,-8.789,0.000
1728625418.385,-3.418,-24.902,-39.062,42.969,0.000
1728625418.388,-20.508,-36.621,-44.434,-20.508,0.000
1728625418.392,-40.039,-47.363,-41.504,-66.406,0.000
1728625418.396,-21.484,-39.551,-48.828,-46.387,0.000
1728625418.400,-19.531,-39.062,-51.758,-6.348,0.000
1728625418.404,-17.090,-34.668,-41.992,37.109,0.000
1728625418.408,-30.762,-23.926,-41.016,-17.578,0.000
1728625418.412,-20.508,-21.973,-43.945,-70.801,0.000
1728625418.416,0.000,-17.578,-40.039,-51.758,0.000
1728625418.420,0.000,-23.926,-36.621,-37.109,0.000
1728625418.424,0.000,-34.180,-31.738,-2.441,0.000
1728625418.427,0.000,-37.598,-35.645,-14.648,0.000
1728625418.431,0.000,-41.016,-47.363,-58.594,0.000
1728625418.435,0.000,-44.434,-43.457,-49.805,0.000
1728625418.439,0.000,-34.668,-41.016,-19.043,0.000
1728625418.443,0.000,-21.973,-39.062,12.695,0.000
1728625418.447,0.000,-32.715,-47.852,-2.930,0.000
1728625418.451,0.000,-39.062,-50.781,-58.105,0.000
1728625418.455,0.000,-23.926,-39.062,-71.289,0.000
1728625418.459,0.000,-21.973,-38.086,-42.969,0.000
1728625418.463,-26.367,-33.203,-31.250,0.000,0.000
1728625418.467,-41.016,-41.992,-30.273,-16.113,0.000
1728625418.470,-46.875,-43.457,-40.527,-65.918,0.000
1728625418.474,-20.508,-41.992,-44.922,-82.031,0.000
1728625418.478,-32.715,-32.227,-37.598,-52.246,0.000
1728625418.482,-35.645,-24.902,-30.273,-3.906,0.000
1728625418.486,-33.203,-26.367,-32.715,-22.949,0.000
1728625418.490,-25.879,-27.832,-36.621,-59.570,0.000
1728625418.494,-19.043,-33.691,-41.992,-73.242,0.000
1728625418.498,-36.133,-37.598,-39.062,-64.453,0.000
1728625418.502,-38.086,-34.180,-35.156,-11.230,0.000
1728625418.506,-44.922,-36.133,-35.645,-16.113,0.000
1728625418.510,-41.992,-40.527,-45.898,-76.660,0.000
1728625418.513,-14.648,-29.785,-43.945,-87.891,0.000
1728625418.517,-34.180,-21.973,-37.109,-68.359,0.000
1728625418.521,-38.086,-30.273,-36.621,-24.902,0.000
1728625418.525,-17.578,-30.762,-31.250,0.488,0.000
1728625418.529,-37.598,-23.926,-37.109,-41.016,0.000
1728625418.533,-18.555,-36.621,-41.992,-71.289,0.000
1728625418.537,-18.555,-53.711,-38.574,-48.340,0.000
1728625418.541,-45.898,-43.457,-28.809,-13.672,0.000
1728625418.545,-35.645,-29.297,-23.926,-1.465,0.000
1728625418.549,-34.180,-29.297,-30.762,-31.738,0.000
1728625418.552,-21.484,-26.367,-26.855,-56.641,0.000
1728625418.556,-38.574,-35.156,-30.762,-49.805,0.000
1728625418.560,-64.941,-40.527,-29.785,-26.367,0.000
1728625418.564,-46.875,-31.250,-22.949,-4.395,0.000
1728625418.568,-53.223,-44.434,-27.344,-33.203,0.000
1728625418.572,-46.875,-48.340,-33.691,-62.500,0.000
1728625418.576,-32.227,-35.156,-44.434,-70.801,0.000
1728625418.580,-33.691,-39.551,-38.086,-33.691,0.000
1728625418.584,-35.156,-42.480,-35.156,2.930,0.000
1728625418.588,-52.734,-39.062,-34.668,-49.316,0.000
1728625418.592,-40.527,-34.180,-38.574,-80.078,0.000
1728625418.595,-27.344,-34.668,-41.992,-62.500,0.000
1728625418.599,-47.363,-31.738,-34.180,-43.457,0.000
1728625418.603,-52.246,-24.414,-39.062,-29.297,0.000
1728625418.607,-50.293,-34.668,-41.992,-41.016,0.000
1728625418.611,-17.090,-37.109,-33.691,-67.871,0.000
1728625418.615,-10.742,-32.227,-28.320,-67.383,0.000
1728625418.619,-53.223,-36.133,-31.250,-40.039,0.000
1728625418.623,-45.410,-49.316,-30.762,-10.742,0.000
1728625418.627,-37.109,-52.246,-40.527,-22.461,0.000
1728625418.631,-39.062,-36.621,-41.992,-68.848,0.000
1728625418.634,-29.297,-28.320,-31.738,-81.055,0.000
1728625418.638,-51.270,-39.062,-27.832,-47.852,0.000
1728625418.642,-56.641,-34.180,-28.320,-10.254,0.000
1728625418.646,-59.570,-28.809,-37.109,-28.320,0.000
1728625418.650,-46.387,-37.598,-38.574,-62.500,0.000
1728625418.654,-30.273,-38.086,-36.133,-68.848,0.000
1728625418.658,-54.688,-40.039,-37.109,-59.082,0.000
1728625418.662,-42.969,-34.180,-34.180,-24.902,0.000
1728625418.666,-35.645,-30.273,-31.738,-35.156,0.000
1728625418.670,-34.180,-36.621,-32.715,-77.148,0.000
1728625418.673,-23.926,-39.551,-31.738,-85.449,0.000
1728625418.677,-55.176,-30.273,-30.762,-76.172,0.000
1728625418.681,-58.105,-25.879,-29.785,-33.203,0.000
1728625418.685,-50.293,-48.828,-38.086,-26.367,0.000
1728625418.689,-63.477,-56.641,-41.504,-75.684,0.000
1728625418.693,-46.387,-40.039,-39.062,-94.238,0.000
1728625418.697,-45.898,-36.133,-47.852,-71.777,0.000
1728625418.701,-56.641,-38.574,-38.086,-25.879,0.000
1728625418.705,-47.852,-34.180,-34.180,-9.766,0.000
1728625418.709,-52.734,-29.785,-40.527,-60.547,0.000
1728625418.713,-35.645,-21.484,-35.156,-77.148,0.000
1728625418.716,-53.711,-29.297,-40.527,-62.500,0.000
1728625418.720,-69.824,-43.457,-38.086,-31.738,0.000
1728625418.724,-48.340,-35.156,-33.691,-1.953,0.000
1728625418.728,-59.082,-32.715,-41.016,-45.898,0.000
1728625418.732,-44.434,-37.598,-48.828,-74.219,0.000
1728625418.736,-50.781,-39.551,-47.363,-60.059,0.000
1728625418.740,-57.129,-37.109,-37.598,-16.113,0.000
1728625418.744,-42.480,-37.598,-32.227,18.555,0.000
1728625418.748,-56.641,-41.992,-41.016,-32.227,0.000
1728625418.752,-43.945,-39.062,-45.410,-60.059,0.000
1728625418.756,-42.969,-40.039,-43.457,-51.758,0.000
1728625418.759,-56.152,-42.480,-41.504,-30.273,0.000
1728625418.763,-39.062,-36.621,-35.156,11.719,0.000
1728625418.767,-34.180,-32.715,-37.109,-11.719,0.000
1728625418.771,-23.438,-28.320,-35.645,-47.363,0.000
1728625418.775,-17.578,-37.109,-33.691,-38.574,0.000
1728625418.779,-35.645,-39.062,-39.551,-13.184,0.000
1728625418.783,-24.902,-17.090,-32.227,4.883,0.000
1728625418.787,-28.809,-20.996,-32.715,-20.020,0.000
1728625418.791,-21.484,-32.227,-43.945,-61.523,0.000
1728625418.795,-9.766,-33.203,-44.434,-67.383,0.000
1728625418.799,-34.668,-36.133,-44.434,-33.203,0.000
1728625418.802,-31.250,-36.133,-44.434,16.113,0.000
1728625418.806,-24.414,-36.621,-45.898,-12.207,0.000
1728625418.810,-2.930,-29.785,-46.387,-65.430,0.000
1728625418.814,-6.836,-24.902,-44.434,-67.383,0.000
1728625418.818,-47.852,-35.156,-44.922,-46.875,0.000
1728625418.822,-38.574,-33.691,-42.969,0.977,0.000
1728625418.826,-40.527,-26.855,-39.062,-9.277,0.000
1728625418.830,-45.898,-37.598,-33.203,-59.082,0.000
1728625418.834,-26.367,-32.227,-31.738,-56.152,0.000
1728625418.838,-50.781,-26.855,-39.551,-36.133,0.000
1728625418.842,-48.828,-32.715,-34.180,3.906,0.000
1728625418.845,-38.574,-36.621,-39.551,-9.277,0.000
1728625418.849,-42.969,-39.551,-50.293,-53.711,0.000
1728625418.853,-20.508,-27.344,-41.504,-52.734,0.000
1728625418.857,-36.133,-23.926,-40.039,-36.133,0.000
1728625418.861,-41.504,-28.809,-43.945,3.418,0.000
1728625418.865,-33.203,-33.203,-46.875,0.488,0.000
1728625418.869,-35.156,-41.504,-47.363,-49.805,0.000
1728625418.873,-18.555,-34.668,-39.551,-64.941,0.000
1728625418.877,-32.715,-27.344,-41.016,-50.781,0.000
1728625418.881,-34.180,-30.273,-37.598,-9.277,0.000
1728625418.884,-38.574,-33.203,-31.250,2.441,0.000
1728625418.888,-43.945,-30.762,-33.691,-49.316,0.000
1728625418.892,-18.066,-35.156,-39.062,-65.918,0.000
1728625418.896,-38.574,-36.133,-43.945,-54.688,0.000
1728625418.900,-60.547,-32.715,-40.039,-21.973,0.000
1728625418.904,-49.805,-41.992,-32.715,-2.930,0.000
1728625418.908,-52.734,-47.363,-32.227,-45.410,0.000
1728625418.912,-21.484,-38.086,-29.297,-61.035,0.000
1728625418.916,-17.578,-29.297,-23.438,-40.527,0.000
1728625418.920,-53.711,-28.809,-27.344,-8.301,0.000
1728625418.924,-37.109,-33.691,-36.621,4.395,0.000
1728625418.927,-20.020,-36.621,-39.062,-38.574,0.000
1728625418.931,-20.996,-34.668,-39.551,-70.801,0.000
1728625418.935,-37.109,-38.086,-42.480,-63.477,0.000
1728625418.939,-46.387,-40.039,-45.410,-30.273,0.000
1728625418.943,-22.461,-39.551,-39.551,14.648,0.000
1728625418.947,-24.902,-41.992,-40.527,-19.531,0.000
1728625418.951,-17.090,-41.992,-46.387,-55.664,0.000
1728625418.955,-15.625,-38.086,-42.480,-28.320,0.000
1728625418.959,-43.457,-33.203,-48.340,-2.441,0.000
1728625418.963,-32.227,-34.668,-45.898,4.395,0.000
1728625418.966,-39.551,-42.480,-46.387,-21.973,0.000
1728625418.970,-44.434,-45.898,-49.805,-54.688,0.000
1728625418.974,-31.738,-39.062,-43.945,-59.082,0.000
1728625418.978,-44.922,-35.156,-39.062,-33.203,0.000
1728625418.982,-23.438,-32.227,-27.832,11.719,0.000
1728625418.986,-14.160,-23.438,-33.691,-17.578,0.000
1728625418.990,-15.137,-23.926,-36.621,-59.570,0.000
1728625418.994,-19.043,-25.391,-23.438,-30.762,0.000
1728625418.998,-41.016,-22.949,-23.926,-16.113,0.000
1728625419.002,-36.621,-31.250,-25.391,12.695,0.000
1728625419.006,-42.480,-40.527,-29.785,-5.371,0.000
1728625419.009,-27.832,-40.527,-39.062,-62.988,0.000
1728625419.013,-2.441,-35.645,-36.133,-65.430,0.000
1728625419.017,-27.832,-30.273,-37.109,-38.574,0.000
1728625419.021,-36.133,-26.855,-38.086,-2.441,0.000
1728625419.025,-31.250,-29.297,-32.227,-3.906,0.000
1728625419.029,-16.602,-30.273,-31.250,-43.457,0.000
1728625419.033,-1.465,-23.926,-33.203,-46.875,0.000
1728625419.037,-27.832,-32.715,-33.691,-25.391,0.000
1728625419.041,-27.832,-37.109,-23.926,-7.324,0.000
1728625419.045,-21.973,-43.457,-31.250,-12.695,0.000
1728625419.048,-30.273,-45.898,-45.410,-44.922,0.000
1728625419.052,-32.715,-34.180,-37.109,-42.480,0.000
1728625419.056,-60.547,-32.715,-34.668,-24.902,0.000
1728625419.060,-56.152,-32.715,-36.133,11.719,0.000
1728625419.064,-45.410,-32.227,-36.133,6.348,0.000
1728625419.068,-35.645,-26.367,-39.062,-61.523,0.000
1728625419.072,-6.348,-27.832,-38.574,-66.406,0.000
1728625419.076,-29.785,-40.527,-38.574,-48.828,0.000
1728625419.080,-43.457,-39.062,-40.039,-23.926,0.000
1728625419.084,-34.668,-37.598,-35.156,-6.836,0.000
1728625419.088,-27.344,-41.992,-39.062,-41.992,0.000
1728625419.091,-3.418,-41.992,-45.898,-60.547,0.000
1728625419.095,-30.762,-41.016,-47.363,-65.918,0.000
1728625419.099,-48.340,-38.086,-42.969,-22.949,0.000
1728625419.103,-26.855,-37.598,-33.691,15.625,0.000
1728625419.107,-25.391,-37.109,-38.086,-29.297,0.000
1728625419.111,-15.137,-39.062,-46.875,-62.012,0.000
1728625419.115,-23.926,-47.852,-41.016,-57.129,0.000
1728625419.119,-54.688,-49.805,-37.598,-20.020,0.000
1728625419.123,-47.363,-38.086,-35.645,8.301,0.000
1728625419.127,-34.180,-32.227,-40.527,-24.902,0.000
1728625419.131,-19.043,-35.156,-44.434,-53.223,0.000
1728625419.134,-4.883,-39.062,-41.016,-41.992,0.000
1728625419.138,-26.855,-41.504,-36.133,-15.625,0.000
1728625419.142,-32.715,-27.832,-23.926,21.484,0.000
1728625419.146,-45.410,-22.461,-32.715,-8.789,0.000
1728625419.150,-33.203,-39.062,-38.574,-47.852,0.000
1728625419.154,-27.344,-42.480,-29.297,-45.410,0.000
1728625419.158,-47.363,-34.668,-29.785,-33.203,0.000
1728625419.162,-26.367,-34.668,-31.738,-1.953,0.000
1728625419.166,0.000,-43.457,-37.598,-12.695,0.000
1728625419.170,0.000,-39.062,-36.621,-41.016,0.000
1728625419.174,0.000,-32.715,-35.645,-44.434,0.000
1728625419.177,0.000,-35.645,-35.156,-27.344,0.000
1728625419.181,0.000,-34.180,-32.227,17.090,0.000
1728625419.185,0.000,-41.016,-36.621,1.953,0.000
1728625419.189,0.000,-45.410,-37.598,-46.875,0.000
1728625419.193,0.000,-47.852,-37.109,-55.176,0.000
1728625419.197,0.000,-54.688,-45.410,-22.461,0.000
1728625419.201,0.000,-49.805,-41.504,23.438,0.000
1728625419.205,0.000,-43.945,-36.621,6.836,0.000
1728625419.209,0.000,-42.969,-38.574,-52.734,0.000
1728625419.213,-12.695,-40.039,-44.434,-67.871,0.000
1728625419.217,-37.598,-35.156,-46.875,-36.133,0.000
1728625419.220,-20.020,-31.250,-40.527,-5.859,0.000
1728625419.224,-12.207,-38.574,-35.645,-16.113,0.000
1728625419.228,-32.715,-43.945,-34.668,-57.617,0.000
1728625419.232,-35.645,-36.133,-37.109,-69.824,0.000
1728625419.236,-40.039,-38.086,-37.109,-47.852,0.000
1728625419.240,-33.691,-39.062,-32.227,-7.324,0.000
1728625419.244,-25.391,-37.598,-37.598,-9.277,0.000
1728625419.248,-30.762,-30.762,-40.039,-56.152,0.000
1728625419.252,-13.184,-27.344,-32.227,-62.988,0.000
1728625419.256,-28.809,-32.227,-31.250,-43.945,0.000
1728625419.259,-43.457,-40.039,-33.203,-11.230,0.000
1728625419.263,-39.062,-41.016,-34.180,-9.766,0.000
1728625419.267,-37.109,-40.039,-36.133,-41.016,0.000
1728625419.271,-14.648,-38.574,-38.086,-60.059,0.000
1728625419.275,-31.738,-37.598,-37.598,-44.922,0.000
1728625419.279,-39.551,-34.668,-27.832,-0.977,0.000
1728625419.283,-18.066,-27.344,-25.879,6.836,0.000
1728625419.287,-33.691,-37.598,-38.086,-33.691,0.000
1728625419.291,-23.438,-30.273,-41.992,-63.965,0.000
1728625419.295,-25.879,-20.508,-36.133,-62.988,0.000
1728625419.299,-37.598,-27.832,-23.926,-16.602,0.000
1728625419.302,-9.766,-33.691,-21.484,15.137,0.000
1728625419.306,-10.742,-41.992,-33.691,-27.344,0.000
1728625419.310,-20.996,-37.109,-37.109,-53.223,0.000
1728625419.314,-40.527,-39.062,-42.480,-53.223,0.000
1728625419.318,-62.012,-44.922,-44.922,-15.137,0.000
1728625419.322,-42.969,-35.645,-38.574,10.742,0.000
1728625419.326,-44.434,-34.668,-42.480,-41.992,0.000
1728625419.330,-28.320,-38.086,-39.551,-62.988,0.000
1728625419.334,-20.020,-35.645,-36.133,-52.246,0.000
1728625419.338,-56.152,-36.621,-33.203,-23.926,0.000
1728625419.341,-43.945,-37.109,-34.668,18.066,0.000
1728625419.345,-38.574,-38.574,-43.945,-15.137,0.000
1728625419.349,-25.391,-36.621,-40.527,-49.805,0.000
1728625419.353,-6.348,-33.691,-33.691,-40.527,0.000
1728625419.357,-43.945,-44.922,-36.621,-27.832,0.000
1728625419.361,-35.156,-37.598,-35.645,4.883,0.000
1728625419.365,-27.344,-41.016,-40.039,-27.832,0.000
1728625419.369,-27.344,-48.340,-44.434,-65.918,0.000
1728625419.373,-28.809,-45.898,-45.410,-64.941,0.000
1728625419.377,-49.805,-51.758,-46.875,-38.086,0.000
1728625419.381,-34.180,-39.062,-39.062,14.160,0.000
1728625419.384,-28.320,-34.668,-40.527,-7.324,0.000
1728625419.388,-26.367,-42.969,-48.828,-54.199,0.000
1728625419.392,-22.461,-45.410,-51.758,-60.059,0.000
1728625419.396,-38.086,-43.457,-40.527,-35.645,0.000
1728625419.400,0.000,-33.203,-28.809,20.996,0.000
1728625419.404,0.000,-31.250,-36.133,11.230,0.000
1728625419.408,0.000,-32.227,-46.387,-44.434,0.000
1728625419.412,0.000,-27.832,-52.734,-54.688,0.000
1728625419.416,0.000,-31.250,-54.688,-51.758,0.000
1728625419.420,0.000,-37.109,-51.270,-13.184,0.000
1728625419.423,0.000,-33.203,-52.246,-9.766,0.000
1728625419.427,0.000,-26.367,-48.340,-61.523,0.000
1728625419.431,0.000,-25.879,-39.551,-69.336,0.000
1728625419.435,0.000,-40.039,-51.758,-58.105,0.000
1728625419.439,0.000,-40.039,-52.246,-23.926,0.000
1728625419.443,0.000,-34.180,-39.551,-8.789,0.000
1728625419.447,-48.828,-46.387,-53.223,-56.641,0.000
1728625419.451,-39.062,-47.852,-56.152,-70.801,0.000
1728625419.455,-42.480,-41.016,-45.898,-43.945,0.000
1728625419.459,-41.016,-37.598,-46.875,-5.859,0.000
1728625419.463,-27.832,-32.227,-43.457,14.648,0.000
1728625419.466,-29.785,-33.203,-41.992,-21.484,0.000
1728625419.470,-18.066,-32.715,-48.340,-53.711,0.000
1728625419.474,-50.781,-31.738,-51.758,-51.758,0.000
1728625419.478,-65.918,-37.598,-41.016,-0.488,0.000
1728625419.482,-29.297,-35.645,-35.645,35.645,0.000
1728625419.486,-38.574,-35.156,-45.410,-39.551,0.000
1728625419.490,-27.344,-39.551,-44.434,-88.867,0.000
1728625419.494,-15.625,-40.039,-41.016,-59.570,0.000
1728625419.498,-40.527,-34.180,-44.434,-22.461,0.000
1728625419.502,-30.273,-31.738,-36.621,11.230,0.000
1728625419.506,-19.531,-37.109,-44.434,-31.738,0.000
1728625419.509,-14.160,-44.434,-55.664,-69.336,0.000
1728625419.513,-12.695,-43.945,-48.340,-51.270,0.000
1728625419.517,-50.781,-42.969,-41.016,-31.738,0.000
1728625419.521,-42.480,-40.039,-36.133,4.395,0.000
1728625419.525,-23.926,-35.156,-39.551,-9.277,0.000
1728625419.529,-14.160,-34.668,-41.016,-59.570,0.000
1728625419.533,-13.672,-31.250,-33.691,-67.871,0.000
1728625419.537,-48.340,-33.203,-30.273,-28.320,0.000
1728625419.541,-45.410,-33.691,-29.297,16.113,0.000
1728625419.545,-44.922,-41.504,-28.809,-12.695,0.000
1728625419.549,-36.133,-39.062,-31.250,-51.758,0.000
1728625419.552,-16.113,-35.645,-28.320,-48.340,0.000
1728625419.556,-22.949,-37.598,-22.461,-27.344,0.000
1728625419.560,-12.695,-20.996,-23.926,13.672,0.000
1728625419.564,-18.555,-26.855,-30.273,-10.254,0.000
1728625419.568,-15.137,-33.203,-30.273,-45.898,0.000
1728625419.572,2.441,-27.832,-30.273,-45.898,0.000
1728625419.576,-33.203,-35.645,-32.227,-32.715,0.000
1728625419.580,-55.664,-38.574,-30.273,-8.789,0.000
1728625419.584,-45.898,-40.527,-29.297,-10.254,0.000
1728625419.588,-33.691,-50.293,-38.086,-39.551,0.000
1728625419.592,-8.301,-38.574,-39.551,-52.246,0.000
1728625419.595,-24.414,-24.414,-35.156,-45.410,0.000
1728625419.599,-19.531,-21.973,-29.785,-3.906,0.000
1728625419.603,-16.602,-25.879,-31.250,3.418,0.000
1728625419.607,-32.715,-34.668,-41.016,-50.781,0.000
1728625419.611,-16.113,-31.738,-42.969,-64.941,0.000
1728625419.615,-16.602,-34.668,-44.434,-48.828,0.000
1728625419.619,-18.066,-37.109,-46.875,-20.508,0.000
1728625419.623,-19.043,-26.855,-44.922,-7.812,0.000
1728625419.627,-23.926,-25.391,-46.875,-44.922,0.000
1728625419.631,-15.137,-27.832,-43.945,-60.547,0.000
1728625419.634,-34.180,-31.250,-35.156,-40.039,0.000
1728625419.638,-45.410,-35.645,-36.621,-3.418,0.000
1728625419.642,-31.738,-37.598,-37.598,27.344,0.000
1728625419.646,-38.574,-38.574,-38.086,-21.973,0.000
1728625419.650,-29.785,-43.945,-38.086,-55.176,0.000
1728625419.654,-37.598,-56.641,-39.062,-42.969,0.000
1728625419.658,-43.457,-52.246,-39.062,-19.531,0.000
1728625419.662,-19.531,-39.551,-40.039,-1.465,0.000
1728625419.666,-25.391,-38.086,-42.969,-41.016,0.000
1728625419.670,-12.695,-38.086,-42.969,-60.059,0.000
1728625419.674,-19.043,-43.945,-44.922,-43.945,0.000
1728625419.677,-49.316,-46.387,-43.945,-23.438,0.000
1728625419.681,-29.785,-43.457,-41.992,7.324,0.000
1728625419.685,-42.480,-40.527,-41.992,-23.438,0.000
1728625419.689,-43.457,-38.086,-41.016,-63.477,0.000
1728625419.693,-38.574,-39.551,-39.551,-62.012,0.000
1728625419.697,-61.035,-43.457,-38.086,-26.855,0.000
1728625419.701,-35.156,-36.133,-30.762,20.996,0.000
1728625419.705,-21.484,-33.203,-37.598,-6.836,0.000
1728625419.709,-17.578,-46.875,-42.969,-57.129,0.000
1728625419.713,-12.695,-41.504,-39.062,-66.406,0.000
1728625419.716,-38.574,-36.133,-39.551,-38.086,0.000
1728625419.720,-41.504,-39.551,-36.133,2.930,0.000
1728625419.724,-44.434,-41.016,-40.039,-18.066,0.000
1728625419.728,-28.320,-42.480,-38.574,-63.477,0.000
1728625419.732,-6.836,-39.062,-35.156,-55.664,0.000
1728625419.736,-31.250,-34.668,-39.062,-22.949,0.000
1728625419.740,-19.531,-24.414,-34.668,16.602,0.000
1728625419.744,-21.973,-31.250,-31.738,-1.465,0.000
1728625419.748,-29.785,-40.527,-35.645,-54.199,0.000
1728625419.752,-15.137,-42.480,-42.480,-51.758,0.000
1728625419.755,-31.738,-42.480,-35.645,-20.508,0.000
1728625419.759,-24.902,-31.250,-24.414,13.672,0.000
1728625419.763,-17.090,-30.273,-30.273,3.418,0.000
1728625419.767,-20.020,-27.344,-36.621,-47.852,0.000
1728625419.771,-14.648,-25.879,-37.598,-52.246,0.000
1728625419.775,-41.992,-37.598,-34.668,-26.855,0.000
1728625419.779,-48.340,-47.363,-36.133,7.324,0.000
1728625419.783,-33.203,-48.828,-41.504,2.441,0.000
1728625419.787,-30.762,-48.340,-44.922,-38.574,0.000
1728625419.791,-20.996,-41.992,-44.434,-54.199,0.000
1728625419.795,-34.668,-42.480,-44.434,-34.180,0.000
1728625419.798,-36.621,-48.828,-44.922,13.184,0.000
1728625419.802,-33.203,-46.387,-39.551,10.254,0.000
1728625419.806,-42.480,-39.551,-42.480,-42.480,0.000
1728625419.810,-6.348,-40.527,-47.852,-47.852,0.000
1728625419.814,-20.020,-45.410,-47.852,-40.039,0.000
1728625419.818,-31.738,-35.645,-36.621,-14.648,0.000
1728625419.822,-18.555,-33.203,-34.668,-7.324,0.000
1728625419.826,-19.043,-43.945,-43.945,-58.105,0.000
1728625419.830,-13.672,-44.434,-41.992,-71.777,0.000
1728625419.834,-31.738,-31.250,-38.574,-45.898,0.000
1728625419.838,-38.086,-25.391,-40.527,-13.184,0.000
1728625419.841,-31.250,-32.227,-41.016,0.488,0.000
1728625419.845,-29.297,-36.133,-42.969,-36.133,0.000
1728625419.849,-6.836,-30.762,-37.109,-56.152,0.000
1728625419.853,-16.113,-28.809,-32.227,-41.504,0.000
1728625419.857,-43.457,-37.598,-27.832,-4.395,0.000
1728625419.861,-33.691,-40.527,-21.973,20.020,0.000
1728625419.865,-24.902,-34.180,-32.715,-30.273,0.000
1728625419.869,-20.996,-34.180,0.000,-74.219,0.000
1728625419.873,-36.133,-39.062,0.000,-64.941,0.000
1728625419.877,-49.805,-39.551,0.000,-31.250,0.000
1728625419.881,-43.457,-38.574,0.000,1.465,0.000
1728625419.884,-52.734,-44.434,0.000,-25.879,0.000
1728625419.888,-26.855,-47.363,0.000,-54.199,0.000
1728625419.892,-17.578,-38.574,0.000,-54.199,0.000
1728625419.896,-41.504,-41.504,0.000,-28.809,0.000
1728625419.900,-32.715,-44.922,0.000,18.555,0.000
1728625419.904,-30.762,-37.109,0.000,-11.230,0.000
1728625419.908,-19.043,-37.109,0.000,-63.477,0.000
1728625419.912,-16.113,-47.852,0.000,-57.129,0.000
1728625419.916,-37.598,-44.922,-41.992,-32.227,0.000
1728625419.920,-25.879,-38.086,-41.992,2.930,0.000
1728625419.923,-36.621,-41.504,-49.316,-21.973,0.000
1728625419.927,-34.668,-46.875,-48.340,-56.641,0.000
1728625419.931,-20.996,-39.062,-40.039,-53.223,0.000
1728625419.935,-38.574,-30.273,-40.527,-33.203,0.000
1728625419.939,-23.926,-25.391,-40.039,19.531,0.000
1728625419.943,-26.855,-35.645,-47.363,1.953,0.000
1728625419.947,-32.227,-55.176,-64.453,-59.082,0.000
1728625419.951,-34.668,-49.805,-57.617,-78.125,0.000
1728625419.955,-63.965,-45.410,-44.922,-62.988,0.000
1728625419.959,-52.246,-43.945,-40.527,-17.090,0.000
1728625419.963,-24.414,-39.062,-38.574,-16.602,0.000
1728625419.966,-16.602,-39.551,-41.504,-53.711,0.000
1728625419.970,-24.902,-39.062,-41.504,-62.500,0.000
1728625419.974,-43.945,-46.875,-41.992,-54.199,0.000
1728625419.978,-28.320,-44.434,-45.410,-12.695,0.000
1728625419.982,-31.250,-42.969,-46.875,-6.348,0.000
1728625419.986,-49.805,-49.805,-47.852,-58.594,0.000
1728625419.990,-19.531,-42.480,-49.316,-58.594,0.000
1728625419.994,-39.551,-38.574,-42.969,-30.273,0.000
1728625419.998,-48.340,-31.250,-36.133,-5.859,0.000
1728625420.002,-20.020,-22.949,-34.180,10.742,0.000
1728625420.006,-22.949,-28.809,-39.062,-24.414,0.000
1728625420.009,0.488,-30.762,-42.969,-55.664,0.000
1728625420.013,-15.625,-34.668,-39.551,-47.363,0.000
1728625420.017,-42.969,-42.969,-35.645,-13.184,0.000
1728625420.021,-25.391,-41.504,-34.180,0.488,0.000
1728625420.025,-44.922,-46.875,-34.180,-35.645,0.000
1728625420.029,-35.645,-43.945,-37.598,-57.129,0.000
1728625420.033,-25.879,-37.598,-37.598,-48.340,0.000
1728625420.037,-37.598,-34.668,-35.156,-3.906,0.000
1728625420.041,-28.320,-26.855,-31.738,20.508,0.000
1728625420.045,-41.016,-31.250,-34.180,-28.809,0.000
1728625420.048,-21.484,-43.457,-42.969,-60.547,0.000
1728625420.052,-22.461,-44.922,-45.410,-55.664,0.000
1728625420.056,-49.316,-42.969,-42.969,-26.367,0.000
1728625420.060,-43.945,-40.039,-38.086,-3.418,0.000
1728625420.064,-44.922,-38.574,-37.598,-40.527,0.000
1728625420.068,-16.113,-29.297,-30.273,-64.941,0.000
1728625420.072,-1.465,-15.137,-25.391,-58.105,0.000
1728625420.076,-26.855,-25.391,-30.762,-23.438,0.000
1728625420.080,-23.438,-33.691,-29.785,21.973,0.000
1728625420.084,-28.809,-35.156,-34.668,-9.277,0.000
1728625420.088,-20.020,-41.992,-36.621,-61.523,0.000
1728625420.091,-6.348,-38.574,-32.715,-65.430,0.000
1728625420.095,-29.785,-36.621,-34.180,-31.738,0.000
1728625420.099,-22.949,-26.855,-21.484,19.531,0.000
1728625420.103,-5.371,-11.230,-20.508,-0.977,0.000
1728625420.107,-6.836,-29.785,-36.133,-53.223,0.000
1728625420.111,-17.578,-40.039,-36.133,-53.711,0.000
1728625420.115,-38.086,-36.621,-28.809,-34.180,0.000
1728625420.119,-35.645,-39.551,-26.367,-12.207,0.000
1728625420.123,-35.645,-41.992,-32.227,-16.113,0.000
1728625420.127,-23.926,-48.828,-36.133,-33.203,0.000
1728625420.130,-10.254,-38.086,-29.297,-44.434,0.000
1728625420.134,-39.062,-16.113,-26.855,-35.156,0.000
1728625420.138,-38.574,-21.973,-24.902,19.531,0.000
1728625420.142,-29.297,-38.574,-27.832,3.906,0.000
1728625420.146,-22.461,-37.109,-36.133,-43.457,0.000
1728625420.150,0.000,-23.926,-35.156,-37.109,0.000
1728625420.154,0.000,-26.367,-34.668,-21.484,0.000
1728625420.158,0.000,-29.785,-29.785,12.207,0.000
1728625420.162,0.000,-38.574,-30.273,4.883,0.000
1728625420.166,0.000,-41.504,-42.480,-42.480,0.000
1728625420.169,0.000,-32.227,-45.898,-53.711,0.000
1728625420.173,0.000,-46.875,-46.387,-34.668,0.000
1728625420.177,0.000,-48.828,-39.062,3.906,0.000
1728625420.181,0.000,-36.133,-43.457,-1.465,0.000
1728625420.185,0.000,-34.180,-53.223,-50.781,0.000
1728625420.189,0.000,-34.180,-45.410,-61.523,0.000
1728625420.193,0.000,-34.668,-31.250,-39.062,0.000
1728625420.197,-26.367,-23.438,-22.949,11.719,0.000
1728625420.201,-25.391,-25.879,-19.531,26.855,0.000
1728625420.205,-46.387,-38.574,-31.738,-28.809,0.000
1728625420.209,-23.438,-32.715,-38.086,-54.688,0.000
1728625420.212,-33.203,-26.855,-35.645,-38.086,0.000
1728625420.216,-35.645,-22.949,-33.691,-3.906,0.000
1728625420.220,-17.090,-20.508,-27.344,4.395,0.000
1728625420.224,-38.086,-27.344,-33.203,-35.645,0.000
1728625420.228,-7.812,-21.484,-35.645,-56.152,0.000
1728625420.232,-1.953,-20.996,-40.039,-47.852,0.000
1728625420.236,-33.203,-31.738,-39.551,-19.043,0.000
1728625420.240,-18.555,-32.715,-32.227,7.812,0.000
1728625420.244,-21.973,-33.691,-41.016,-32.715,0.000
1728625420.248,-7.324,-28.809,-41.992,-56.152,0.000
1728625420.252,-16.113,-29.785,-37.109,-45.898,0.000
1728625420.255,-48.828,-37.598,-41.504,-26.855,0.000
1728625420.259,-30.273,-39.551,-40.039,10.742,0.000
1728625420.263,-25.879,-28.809,-41.016,-10.742,0.000
1728625420.267,-26.367,-31.250,-45.410,-61.523,0.000
1728625420.271,-39.551,-43.945,-46.875,-67.383,0.000
1728625420.275,-63.965,-44.922,-49.805,-31.738,0.000
1728625420.279,-39.551,-45.898,-45.410,0.488,0.000
1728625420.283,-34.180,-48.340,-39.551,-26.367,0.000
1728625420.287,-28.809,-41.016,-43.945,-54.688,0.000
1728625420.291,-13.672,-46.387,-37.598,-42.480,0.000
1728625420.295,-34.668,-44.922,-31.250,-8.789,0.000
1728625420.298,-37.109,-30.273,-34.180,24.414,0.000
1728625420.302,-38.086,-43.457,-35.645,2.441,0.000
1728625420.306,-23.926,-45.898,-40.527,-40.039,0.000
1728625420.310,-9.277,-46.875,-41.016,-39.062,0.000
1728625420.314,-34.180,-52.734,-37.109,-16.602,0.000
1728625420.318,-41.992,-52.246,-37.598,2.930,0.000
1728625420.322,-37.598,-54.688,-47.852,-4.395,0.000
1728625420.326,-40.527,-50.293,-46.875,-43.457,0.000
1728625420.330,-27.344,-36.621,-44.434,-67.871,0.000
1728625420.334,-23.438,-31.738,-46.875,-48.340,0.000
1728625420.338,-27.344,-30.762,-42.480,0.000,0.000
1728625420.341,-29.785,-29.297,-41.016,4.883,0.000
1728625420.345,-19.531,-31.738,-40.527,-35.156,0.000
1728625420.349,-8.301,-37.109,-46.875,-55.664,0.000
1728625420.353,-30.273,-46.387,-55.664,-52.734,0.000
1728625420.357,-23.926,-41.992,-45.410,-4.395,0.000
1728625420.361,-13.672,-33.203,-43.457,4.395,0.000
1728625420.365,-8.789,-40.527,-50.293,-41.504,0.000
1728625420.369,22.461,-34.668,-44.434,-46.875,0.000
1728625420.373,-13.184,-26.855,-41.992,-48.828,0.000
1728625420.377,-40.527,-37.109,-41.504,-20.508,0.000
1728625420.380,-32.715,-41.992,-46.875,7.324,0.000
1728625420.384,-34.668,-40.527,-53.223,-37.109,0.000
1728625420.388,-20.508,-37.109,-46.875,-62.500,0.000
1728625420.392,-36.133,-41.992,-45.898,-47.363,0.000
1728625420.396,-38.574,-43.457,-47.852,-16.602,0.000
1728625420.400,-35.156,-45.898,-39.551,7.812,0.000
1728625420.404,-38.086,-47.852,-39.551,-28.809,0.000
1728625420.408,-16.113,-34.180,-43.457,-55.664,0.000
1728625420.412,-20.996,-40.039,-42.480,-38.574,0.000
1728625420.416,-27.344,-41.016,-37.598,-12.207,0.000
1728625420.420,-17.090,-26.855,-31.250,6.836,0.000
1728625420.423,-39.062,-30.762,-42.480,-35.156,0.000
1728625420.427,-34.668,-38.086,-47.852,-79.102,0.000
1728625420.431,-19.531,-43.457,-40.527,-67.383,0.000
1728625420.435,-25.879,-37.598,-40.527,-34.180,0.000
1728625420.439,-12.695,-31.738,-44.922,-8.301,0.000
1728625420.443,-20.508,-39.062,-48.828,-41.016,0.000
1728625420.447,-22.949,-33.691,-46.875,-66.406,0.000
1728625420.451,-23.926,-32.227,-40.527,-47.363,0.000
1728625420.455,-34.668,-45.410,-44.434,-24.414,0.000
1728625420.459,-36.621,-43.457,-38.086,17.578,0.000
1728625420.463,-47.363,-36.621,-35.156,-14.160,0.000
1728625420.466,-30.273,-37.598,-41.016,-57.129,0.000
1728625420.470,-17.578,-36.621,-35.156,-42.969,0.000
1728625420.474,-42.480,-32.715,-39.062,-33.203,0.000
1728625420.478,-35.156,-28.320,-43.457,-11.230,0.000
1728625420.482,-27.832,-25.391,-43.457,-17.090,0.000
1728625420.486,-24.414,-32.227,-49.805,-56.152,0.000
1728625420.490,-16.113,-46.387,-48.340,-62.500,0.000
1728625420.494,-38.086,-48.340,-41.504,-41.504,0.000
1728625420.498,-33.203,-45.898,-41.992,-6.836,0.000
1728625420.502,-33.203,-44.922,-48.828,-9.766,0.000
1728625420.505,-32.715,-39.062,-48.828,-48.828,0.000
1728625420.509,-22.461,-41.504,-43.457,-53.223,0.000
1728625420.513,-34.668,-41.992,-41.504,-33.203,0.000
1728625420.517,-27.832,-31.738,-36.621,5.859,0.000
1728625420.521,-20.996,-26.367,-34.180,0.488,0.000
1728625420.525,-21.973,-36.133,-43.945,-45.410,0.000
1728625420.529,-18.066,-45.410,-43.945,-52.246,0.000
1728625420.533,-43.945,-38.574,-41.016,-44.434,0.000
1728625420.537,-45.898,-31.250,-35.645,-12.207,0.000
1728625420.541,-30.762,-33.691,-30.273,-6.348,0.000
1728625420.544,-23.438,-38.086,-36.133,-43.945,0.000
1728625420.548,-15.137,-37.598,-40.527,-49.805,0.000
1728625420.552,-40.039,-39.062,-39.551,-37.109,0.000
1728625420.556,-46.875,-38.086,-30.273,3.418,0.000
1728625420.560,-41.016,-35.645,-25.391,17.090,0.000
1728625420.564,-36.133,-34.180,-32.715,-35.156,0.000
1728625420.568,-18.066,-27.344,-34.668,-53.223,0.000
1728625420.572,-36.133,-38.574,-39.062,-43.945,0.000
1728625420.576,-42.969,-40.527,-41.504,-16.602,0.000
1728625420.580,-30.762,-27.832,-30.273,3.906,0.000
1728625420.584,-44.434,-33.203,-31.738,-28.320,0.000
1728625420.587,-20.996,-38.574,-41.504,-54.688,0.000
1728625420.591,-14.160,-36.133,-39.062,-52.246,0.000
1728625420.595,-40.527,-32.715,-33.203,-16.113,0.000
1728625420.599,-41.992,-30.273,-38.086,0.000,0.000
1728625420.603,-30.762,-32.715,-47.363,-40.039,0.000
1728625420.607,-9.277,-40.039,-52.734,-61.035,0.000
1728625420.611,-20.020,-43.945,-55.176,-57.129,0.000
1728625420.615,-37.109,-36.133,-45.898,-20.996,0.000
1728625420.619,0.000,-32.227,-35.156,11.230,0.000
1728625420.623,0.000,-40.039,-48.828,-29.297,0.000
1728625420.627,0.000,-37.109,-50.781,-58.594,0.000
1728625420.630,0.000,-22.949,-41.992,-43.457,0.000
1728625420.634,0.000,-24.414,-41.992,-11.230,0.000
1728625420.638,0.000,-34.180,-41.504,25.391,0.000
1728625420.642,0.000,-35.645,-42.969,-8.301,0.000
1728625420.646,0.000,-33.203,-43.945,-62.988,0.000
1728625420.650,0.000,-35.156,-41.016,-52.734,0.000
1728625420.654,0.000,-38.574,-41.504,-16.113,0.000
1728625420.658,0.000,-31.250,-34.668,12.695,0.000
1728625420.662,0.000,-27.344,-35.156,-11.719,0.000
1728625420.666,-21.973,-33.203,-40.039,-47.852,0.000
1728625420.670,-3.418,-35.156,-41.504,-41.016,0.000
1728625420.673,-30.762,-35.156,-41.992,-19.043,0.000
1728625420.677,-29.297,-32.715,-39.062,8.789,0.000
1728625420.681,-41.504,-36.133,-36.133,0.000,0.000
1728625420.685,-47.852,-35.156,-40.039,-45.898,0.000
1728625420.689,-21.484,-29.785,-46.875,-52.246,0.000
1728625420.693,-42.480,-30.273,-49.805,-32.227,0.000
1728625420.697,-39.551,-30.762,-43.457,7.324,0.000
1728625420.701,-49.805,-38.086,-45.898,-9.766,0.000
1728625420.705,-46.875,-35.645,-50.781,-61.523,0.000
1728625420.709,-19.043,-29.785,-42.969,-64.941,0.000
1728625420.713,-47.852,-33.691,-35.645,-45.898,0.000
1728625420.716,-42.480,-26.367,-25.391,8.301,0.000
1728625420.720,-26.855,-23.438,-27.832,12.695,0.000
1728625420.724,-34.668,-34.668,-37.109,-36.621,0.000
1728625420.728,-14.648,-31.250,-40.039,-53.711,0.000
1728625420.732,-25.879,-26.855,-41.992,-43.945,0.000
1728625420.736,-36.621,-23.926,-34.180,-4.883,0.000
1728625420.740,-23.438,-23.926,-36.133,11.230,0.000
1728625420.744,-25.391,-26.855,-45.410,-31.250,0.000
1728625420.748,-9.277,-23.438,-42.969,-59.082,0.000
1728625420.752,-29.785,-24.902,-40.527,-48.828,0.000
1728625420.755,-39.062,-31.738,-39.551,-13.184,0.000
1728625420.759,-18.066,-29.297,-39.062,0.000,0.000
1728625420.763,-28.320,-22.461,-37.598,-30.273,0.000
1728625420.767,-18.555,-19.531,-41.992,-52.246,0.000
1728625420.771,-27.344,-30.273,-49.805,-57.129,0.000
1728625420.775,-40.039,-39.551,-43.945,-11.719,0.000
1728625420.779,-24.414,-38.574,-42.969,19.043,0.000
1728625420.783,-29.785,-39.062,-50.781,-21.484,0.000
1728625420.787,-13.672,-43.457,-46.875,-41.016,0.000
1728625420.791,-15.137,-42.969,-40.039,-45.410,0.000
1728625420.795,-45.410,-37.109,-34.180,-11.230,0.000
1728625420.798,-40.039,-28.320,-30.273,28.320,0.000
1728625420.802,-24.414,-27.832,-31.250,-5.859,0.000
1728625420.806,3.906,-34.180,-35.156,-44.922,0.000
1728625420.810,-5.371,-41.992,-41.504,-51.270,0.000
1728625420.814,-35.645,-49.316,-41.504,-20.020,0.000
1728625420.818,-29.297,-40.039,-37.109,19.531,0.000
1728625420.822,-41.016,-35.645,-34.180,-19.531,0.000
1728625420.826,-24.902,-35.156,-36.621,-58.105,0.000
1728625420.830,-13.184,-39.551,-38.574,-47.363,0.000
1728625420.834,-41.504,-44.434,-34.668,-16.113,0.000
1728625420.837,-40.527,-30.762,-33.691,16.113,0.000
1728625420.841,-44.922,-36.621,-42.480,-13.184,0.000
1728625420.845,-37.109,-45.410,-55.176,-58.594,0.000
1728625420.849,-30.273,-38.086,-52.734,-58.105,0.000
1728625420.853,-62.500,-39.551,-42.480,-31.738,0.000
1728625420.857,-26.367,-36.133,-38.574,7.324,0.000
1728625420.861,-16.602,-37.598,-39.551,5.371,0.000
1728625420.865,-40.039,-32.715,-37.109,-34.668,0.000
1728625420.869,-13.672,-19.043,-37.598,-49.805,0.000
1728625420.873,-28.320,-23.926,-39.551,-32.227,0.000
1728625420.877,-28.320,-31.250,-39.551,12.207,0.000
1728625420.880,-29.785,-38.086,-47.363,-3.418,0.000
1728625420.884,-37.598,-45.410,-47.852,-72.266,0.000
1728625420.888,-26.855,-51.270,-46.387,-86.914,0.000
1728625420.892,-38.086,-50.293,-45.898,-50.781,0.000
1728625420.896,-21.973,-35.645,-39.551,-1.953,0.000
1728625420.900,-20.508,-40.039,-40.527,1.953,0.000
1728625420.904,-39.062,-45.410,-48.828,-41.504,0.000
1728625420.908,-20.020,-31.250,-41.504,-45.410,0.000
1728625420.912,-29.297,-35.156,-35.156,-29.785,0.000
1728625420.916,-43.457,-35.156,-37.109,-7.324,0.000
1728625420.919,-36.621,-40.039,-45.898,-10.254,0.000
1728625420.923,-19.043,-41.992,-47.852,-44.922,0.000
1728625420.927,-2.441,-29.297,-40.039,-59.570,0.000
1728625420.931,-24.902,-34.668,-43.945,-56.152,0.000
1728625420.935,-24.414,-33.203,-41.504,-11.719,0.000
1728625420.939,-10.742,-26.855,-41.504,9.277,0.000
1728625420.943,-22.949,-33.203,-44.922,-44.434,0.000
1728625420.947,-13.672,-40.527,-42.969,-56.641,0.000
1728625420.951,-20.508,-41.504,-47.852,-44.434,0.000
1728625420.955,-31.250,-34.180,-39.551,-6.836,0.000
1728625420.959,-36.133,-33.691,-37.109,20.996,0.000
1728625420.962,-46.875,-34.180,-52.734,-33.691,0.000
1728625420.966,-14.648,-33.203,-50.781,-54.199,0.000
1728625420.970,-21.973,-32.715,-43.457,-29.297,0.000
1728625420.974,-45.898,-25.879,-38.086,-3.906,0.000
1728625420.978,-27.832,-34.180,-31.250,12.695,0.000
1728625420.982,-32.227,-57.129,-36.621,-23.926,0.000
1728625420.986,-19.531,-47.852,-38.086,-54.199,0.000
1728625420.990,-22.949,-35.156,-38.574,-48.340,0.000
1728625420.994,-44.434,-41.992,-36.621,-16.113,0.000
1728625420.998,-32.715,-43.945,-31.738,24.414,0.000
1728625421.002,-22.949,-32.227,-37.598,-9.766,0.000
1728625421.005,-10.254,-31.738,-40.039,-46.875,0.000
1728625421.009,-7.324,-47.852,-38.574,-52.246,0.000
1728625421.013,-22.461,-42.480,-36.133,-20.020,0.000
1728625421.017,-19.043,-26.855,-27.344,22.949,0.000
1728625421.021,-18.066,-37.109,-33.203,-14.160,0.000
1728625421.025,-3.906,-45.410,-44.922,-54.199,0.000
1728625421.029,-9.277,-37.109,-41.016,-41.504,0.000
1728625421.033,-43.945,-31.738,-36.621,-20.996,0.000
1728625421.037,-35.645,-25.879,-33.203,1.953,0.000
1728625421.041,-38.086,-30.762,-36.133,-8.789,0.000
1728625421.045,-41.992,-32.715,-43.945,-50.781,0.000
1728625421.048,-18.066,-33.203,-44.434,-60.547,0.000
1728625421.052,-25.391,-40.039,-50.781,-38.086,0.000
1728625421.056,-35.156,-41.016,-48.828,-5.859,0.000
1728625421.060,-23.438,-38.574,-45.898,-22.949,0.000
1728625421.064,-13.184,-34.668,-52.246,-66.895,0.000
1728625421.068,-15.625,-44.434,-47.852,-63.477,0.000
1728625421.072,-39.551,-51.758,-49.805,-41.992,0.000
1728625421.076,-41.016,-34.668,-44.434,-5.371,0.000
1728625421.080,-24.902,-28.320,-39.551,-7.324,0.000
1728625421.084,-27.344,-34.668,-50.293,-59.570,0.000
1728625421.087,0.000,-30.762,-47.363,-69.336,0.000
1728625421.091,0.000,-39.062,-42.969,-48.340,0.000
1728625421.095,0.000,-40.527,-37.598,-1.465,0.000
1728625421.099,0.000,-38.086,-40.527,16.602,0.000
1728625421.103,0.000,-42.969,-50.781,-34.668,0.000
1728625421.107,0.000,-37.598,-50.293,-62.012,0.000
1728625421.111,0.000,-36.133,-48.340,-46.875,0.000
1728625421.115,0.000,-30.762,-40.039,-3.906,0.000
1728625421.119,0.000,-26.855,-30.273,8.789,0.000
1728625421.123,0.000,-27.832,-31.250,-38.574,0.000
1728625421.127,0.000,-27.344,-34.668,-57.129,0.000
1728625421.130,0.000,-36.621,-39.062,-59.570,0.000
1728625421.134,-42.480,-37.598,-36.133,-25.391,0.000
1728625421.138,-22.461,-29.785,-31.738,6.348,0.000
1728625421.142,-23.926,-37.109,-36.621,-27.344,0.000
1728625421.146,-17.578,-31.738,-39.062,-46.875,0.000
1728625421.150,-23.926,-28.809,-38.086,-48.340,0.000
1728625421.154,-40.039,-38.086,-41.016,-27.344,0.000
1728625421.158,-30.762,-38.086,-39.551,-4.395,0.000
1728625421.162,-41.016,-49.316,-44.922,-28.809,0.000
1728625421.166,-27.832,-50.293,-49.805,-55.176,0.000
1728625421.169,-22.949,-35.156,-41.992,-50.293,0.000
1728625421.173,-35.156,-36.133,-33.203,-21.484,0.000
1728625421.177,-17.090,-31.250,-29.297,5.371,0.000
1728625421.181,-38.086,-33.203,-35.156,-18.555,0.000
1728625421.185,-31.738,-39.062,-35.645,-36.133,0.000
1728625421.189,-19.043,-35.645,-34.668,-13.184,0.000
1728625421.193,-27.344,-34.668,-37.109,-2.930,0.000
1728625421.197,-17.090,-39.551,-29.785,14.648,0.000
1728625421.201,-26.855,-41.016,-33.691,-15.137,0.000
1728625421.205,-20.996,-43.457,-41.504,-47.363,0.000
1728625421.209,-16.602,-47.363,-38.574,-29.785,0.000
1728625421.212,-38.574,-31.250,-37.109,-12.207,0.000
1728625421.216,-24.414,-22.949,-37.598,16.113,0.000
1728625421.220,-32.715,-35.156,-36.133,2.441,0.000
1728625421.224,-23.438,-32.227,-36.621,-35.156,0.000
1728625421.228,0.000,-30.273,-40.039,-45.410,0.000
1728625421.232,-19.043,-29.785,-40.527,-32.227,0.000
1728625421.236,-22.949,-28.809,-35.645,13.184,0.000
1728625421.240,-30.273,-32.227,-36.133,-1.465,0.000
1728625421.244,-26.367,-40.039,-43.457,-56.152,0.000
1728625421.248,-7.324,-46.875,-41.504,-52.734,0.000
1728625421.251,-18.555,-41.016,-45.898,-32.715,0.000
1728625421.255,-13.184,-28.320,-37.109,14.160,0.000
1728625421.259,-22.949,-20.508,-25.879,9.766,0.000
1728625421.263,-38.086,-27.832,-42.480,-53.711,0.000
1728625421.267,-9.766,-39.062,-48.340,-55.664,0.000
1728625421.271,-31.738,-45.898,-44.922,-33.203,0.000
1728625421.275,-40.527,-53.223,-47.363,-5.371,0.000
1728625421.279,-29.297,-46.875,-46.387,0.488,0.000
1728625421.283,-38.574,-39.551,-47.852,-41.992,0.000
1728625421.287,-16.113,-37.598,-37.109,-58.594,0.000
1728625421.291,-27.344,-41.992,-35.645,-49.316,0.000
1728625421.294,-30.762,-36.621,-32.227,-11.230,0.000
1728625421.298,-21.973,-27.344,-23.926,6.836,0.000
1728625421.302,-31.738,-37.109,-36.621,-49.805,0.000
1728625421.306,-13.184,-44.434,-41.504,-77.148,0.000
1728625421.310,-34.668,-46.387,-40.039,-49.316,0.000
1728625421.314,-45.410,-48.340,-37.598,-7.324,0.000
1728625421.318,-23.438,-40.527,-36.133,-2.930,0.000
1728625421.322,-26.367,-43.945,-43.457,-53.711,0.000
1728625421.326,-15.625,-48.340,-43.945,-53.711,0.000
1728625421.330,-35.156,-33.691,-37.109,-41.016,0.000
1728625421.334,-49.316,-22.461,-32.715,-20.996,0.000
1728625421.337,-32.227,-35.645,-36.621,10.742,0.000
1728625421.341,-32.715,-50.781,-50.781,-37.109,0.000
1728625421.345,-23.438,-42.969,-59.082,-85.449,0.000
1728625421.349,-35.156,-38.574,-59.082,-81.055,0.000
1728625421.353,-51.758,-41.504,-58.105,-37.109,0.000
1728625421.357,-33.203,-47.852,-54.199,-1.953,0.000
1728625421.361,-41.992,-45.410,-51.758,-41.016,0.000
1728625421.365,-28.809,-29.297,-44.434,-55.664,0.000
1728625421.369,-24.902,-32.715,-43.945,-32.227,0.000
1728625421.373,-44.434,-41.992,-48.828,-20.996,0.000
1728625421.377,-26.855,-36.133,-43.457,-1.953,0.000
1728625421.380,-31.738,-31.250,-44.922,-25.879,0.000
1728625421.384,-27.344,-38.574,-51.758,-59.570,0.000
1728625421.388,-18.066,-39.551,-50.781,-40.527,0.000
1728625421.392,-30.762,-23.438,-41.992,-1.465,0.000
1728625421.396,-19.531,-20.020,-31.250,31.250,0.000
1728625421.400,-28.320,-38.574,-44.922,-12.695,0.000
1728625421.404,-24.902,-52.246,-56.152,-69.336,0.000
1728625421.408,-27.832,-39.062,-51.270,-74.219,0.000
1728625421.412,-46.387,-32.715,-46.387,-43.457,0.000
1728625421.416,-25.391,-34.668,-39.062,9.766,0.000
1728625421.419,-26.367,-32.715,-33.203,0.977,0.000
1728625421.423,-24.414,-23.926,-28.320,-32.227,0.000
1728625421.427,-18.555,-28.809,-35.156,-47.363,0.000
1728625421.431,-52.734,-45.898,-35.156,-36.621,0.000
1728625421.435,-36.621,-37.598,-29.297,13.672,0.000
1728625421.439,-28.320,-32.227,-35.645,10.742,0.000
1728625421.443,-40.527,-32.715,-40.039,-38.574,0.000
1728625421.447,-15.137,-43.457,-41.016,-35.156,0.000
1728625421.451,-16.113,-42.969,-41.016,-17.578,0.000
1728625421.455,-26.367,-24.902,-28.320,17.090,0.000
1728625421.459,-40.039,-25.879,-31.250,12.207,0.000
1728625421.462,-27.832,-27.344,-42.480,-33.203,0.000
1728625421.466,5.371,-30.273,-41.016,-39.551,0.000
1728625421.470,-32.227,-37.598,-47.363,-41.016,0.000
1728625421.474,-65.430,-44.434,-46.875,2.441,0.000
1728625421.478,-42.480,-48.340,-41.016,14.648,0.000
1728625421.482,-29.297,-47.363,-41.992,-53.711,0.000
1728625421.486,-13.184,-46.387,-44.922,-78.125,0.000
1728625421.490,-20.508,-44.922,-57.617,-51.270,0.000
1728625421.494,-36.133,-31.250,-48.340,-5.859,0.000
1728625421.498,-32.227,-23.438,-29.785,10.742,0.000
1728625421.502,-40.039,-22.949,-36.621,-24.902,0.000
1728625421.505,-20.996,-39.062,-47.852,-47.363,0.000
1728625421.509,-32.715,-58.105,-38.086,-24.902,0.000
1728625421.513,-69.824,-44.922,-27.344,-3.418,0.000
1728625421.517,-45.410,-24.414,-33.203,3.418,0.000
1728625421.521,-19.043,-46.387,-35.645,-33.203,0.000
1728625421.525,1.465,-77.637,-12.695,-67.383,0.000
1728625421.529,-12.207,-42.969,-20.996,-71.777,0.000
1728625421.533,-61.523,-39.062,-19.531,-39.062,0.000
1728625421.537,-56.641,-22.949,29.297,-14.648,0.000
1728625421.541,-65.918,-17.578,2.930,-91.309,0.000
1728625421.544,-70.312,-43.945,-43.457,-106.934,0.000
1728625421.548,-84.961,-9.277,-72.754,-125.000,0.000
1728625421.552,-74.707,10.254,-82.520,-58.594,0.000
1728625421.556,14.648,-63.965,-31.738,70.801,0.000
1728625421.560,-11.719,16.113,-68.848,-32.715,0.000
1728625421.564,-17.090,1.953,-76.660,-54.688,0.000
1728625421.568,147.461,-101.074,-41.016,81.543,0.000
1728625421.572,89.355,-51.270,-58.594,93.750,0.000
1728625421.576,-125.000,-39.551,-18.066,-89.355,0.000
1728625421.580,-404.785,28.320,37.598,-385.742,0.000
1728625421.584,-316.895,22.949,-62.500,-287.109,0.000
1728625421.587,-80.078,-66.895,-64.941,-57.617,0.000
1728625421.591,-104.492,-82.520,-14.160,-11.719,0.000
1728625421.595,129.395,-72.266,-115.723,214.844,0.000
1728625421.599,261.719,-57.617,-132.812,237.305,0.000
1728625421.603,61.523,-36.133,-66.895,41.504,0.000
1728625421.607,28.320,-62.500,-49.805,12.207,0.000
1728625421.611,2.441,-37.109,-124.023,-61.035,0.000
1728625421.615,-13.672,-56.641,-100.098,-22.949,0.000
1728625421.619,-31.250,-51.270,-32.715,111.328,0.000
1728625421.623,-3.906,-33.203,-57.617,10.742,0.000
1728625421.626,108.887,-44.922,-63.965,0.977,0.000
1728625421.630,74.707,-62.988,-37.109,115.234,0.000
1728625421.634,15.137,-68.359,-26.367,106.445,0.000
1728625421.638,56.152,-87.891,-59.082,86.914,0.000
1728625421.642,62.988,-62.012,-64.453,22.461,0.000
1728625421.646,108.398,-57.617,-55.664,39.551,0.000
1728625421.650,0.000,-40.527,-80.078,54.688,0.000
1728625421.654,0.000,-6.836,-96.680,70.312,0.000
1728625421.658,0.000,-34.180,-81.055,55.664,0.000
1728625421.662,0.000,-63.477,-49.805,-49.805,0.000
1728625421.665,0.000,-45.410,-60.059,-19.531,0.000
1728625421.669,0.000,-51.758,-67.383,34.180,0.000
1728625421.673,0.000,-48.340,-39.062,29.785,0.000
1728625421.677,0.000,6.836,-46.387,18.555,0.000
1728625421.681,0.000,-36.133,-54.688,7.324,0.000
1728625421.685,0.000,-83.496,-20.996,-23.926,0.000
1728625421.689,0.000,-55.664,-42.480,-30.762,0.000
1728625421.693,0.000,-46.387,-58.105,9.277,0.000
1728625421.697,-20.508,-47.363,-41.504,18.066,0.000
1728625421.701,-16.602,-48.828,-55.664,-14.648,0.000
1728625421.705,20.508,-39.062,-51.758,-36.133,0.000
1728625421.708,2.441,-34.668,-44.434,-28.320,0.000
1728625421.712,-31.250,-33.203,-36.133,-14.648,0.000
1728625421.716,-22.461,-46.875,-31.738,-7.324,0.000
1728625421.720,-22.461,-45.898,-43.945,-37.598,0.000
1728625421.724,-19.043,-39.062,-45.410,-54.688,0.000
1728625421.728,-44.434,-41.016,-45.410,-45.410,0.000
1728625421.732,-44.922,-42.480,-41.504,-4.883,0.000
1728625421.736,-14.648,-43.945,-33.691,30.762,0.000
1728625421.740,-33.203,-51.758,-37.598,-8.301,0.000
1728625421.744,-41.504,-51.758,-38.574,-42.480,0.000
1728625421.748,-39.062,-39.062,-32.715,-43.945,0.000
1728625421.751,-25.391,-29.297,-35.645,-17.578,0.000
1728625421.755,-15.137,-40.527,-36.133,12.695,0.000
1728625421.759,-17.090,-42.480,-45.410,-23.438,0.000
1728625421.763,-9.277,-40.039,-51.270,-55.664,0.000
1728625421.767,-6.348,-36.133,-44.434,-49.805,0.000
1728625421.771,-29.297,-30.273,-32.715,-16.602,0.000
1728625421.775,-16.602,-33.203,-31.250,15.625,0.000
1728625421.779,-15.137,-46.875,-46.875,-21.484,0.000
1728625421.783,-21.484,-44.922,-39.062,-60.547,0.000
1728625421.787,-17.578,-28.809,-22.949,-65.430,0.000
1728625421.791,-46.875,-26.367,-34.668,-51.758,0.000
1728625421.794,-34.668,-24.414,-41.016,-14.648,0.000
1728625421.798,-25.391,-24.414,-41.992,-28.809,0.000
1728625421.802,-38.086,-25.391,-43.457,-60.059,0.000
1728625421.806,-32.227,-31.738,-42.480,-60.059,0.000
1728625421.810,-52.246,-34.668,-42.969,-45.898,0.000
1728625421.814,-42.969,-22.949,-35.156,-3.418,0.000
1728625421.818,-29.785,-20.508,-35.645,-15.137,0.000
1728625421.822,-29.785,-33.691,-43.945,-63.965,0.000
1728625421.826,-11.719,-27.832,-37.109,-65.918,0.000
1728625421.830,-25.879,-17.090,-38.574,-47.363,0.000
1728625421.834,-33.203,-20.508,-43.457,-8.301,0.000
1728625421.837,-32.715,-25.391,-45.410,-18.066,0.000
1728625421.841,-41.504,-27.832,-40.039,-66.895,0.000
1728625421.845,-22.949,-24.414,-26.367,-63.965,0.000
1728625421.849,-44.922,-29.785,-28.809,-45.898,0.000
1728625421.853,-60.059,-31.250,-34.668,-16.113,0.000
1728625421.857,-54.199,-32.227,-31.250,-8.789,0.000
1728625421.861,-48.340,-32.227,-28.320,-51.270,0.000
1728625421.865,-14.160,-25.879,-27.344,-57.129,0.000
1728625421.869,-36.133,-37.598,-32.715,-41.016,0.000
1728625421.873,-59.082,-39.062,-27.832,-15.625,0.000
1728625421.877,-36.133,-36.621,-23.926,-0.977,0.000
1728625421.880,-40.039,-43.945,-36.621,-44.922,0.000
1728625421.884,-29.297,-35.645,-39.062,-76.660,0.000
1728625421.888,-28.320,-33.203,-35.156,-69.336,0.000
1728625421.892,-49.805,-40.039,-39.551,-33.203,0.000
1728625421.896,-38.086,-37.598,-38.574,-1.953,0.000
1728625421.900,-38.574,-28.809,-28.809,-30.273,0.000
1728625421.904,-27.832,-28.320,-23.438,-59.082,0.000
1728625421.908,-33.691,-28.809,-35.645,-56.152,0.000
1728625421.912,-33.203,-38.574,-37.598,-14.160,0.000
1728625421.916,-25.391,-40.527,-32.227,6.836,0.000
1728625421.919,-43.945,-35.156,-39.062,-35.645,0.000
1728625421.923,-16.113,-35.156,-38.086,-55.176,0.000
1728625421.927,-18.555,-31.250,-40.039,-50.293,0.000
1728625421.931,-40.527,-33.691,-41.504,-21.484,0.000
1728625421.935,-25.391,-23.438,-30.762,-2.930,0.000
1728625421.939,-33.691,-25.879,-34.180,-52.246,0.000
1728625421.943,-21.973,-40.527,-44.434,-87.402,0.000
1728625421.947,-32.715,-36.621,-49.805,-76.660,0.000
1728625421.951,-49.805,-30.762,-46.875,-45.410,0.000
1728625421.955,-13.672,-34.668,-43.457,-1.953,0.000
1728625421.959,-21.484,-44.922,-45.898,-26.855,0.000
1728625421.962,-31.250,-39.062,-42.480,-68.848,0.000
1728625421.966,-19.531,-34.668,-38.574,-68.848,0.000
1728625421.970,-35.645,-41.016,-36.621,-45.410,0.000
1728625421.974,-34.180,-39.062,-24.414,0.488,0.000
1728625421.978,-40.527,-45.898,-31.250,-22.461,0.000
1728625421.982,-33.691,-48.828,-39.062,-63.477,0.000
1728625421.986,-15.625,-33.203,-34.180,-62.988,0.000
1728625421.990,-41.504,-35.645,-30.273,-44.434,0.000
1728625421.994,-42.480,-32.227,-23.438,10.742,0.000
1728625421.998,-43.945,-32.227,-22.949,-0.488,0.000
1728625422.001,-39.062,-38.086,-28.320,-50.293,0.000
1728625422.005,-11.719,-31.250,-23.438,-51.270,0.000
1728625422.009,-32.715,-29.785,-21.973,-36.133,0.000
1728625422.013,-38.086,-28.320,-28.809,-0.488,0.000
1728625422.017,-41.016,-40.039,-28.320,-3.418,0.000
1728625422.021,-44.434,-40.527,-32.715,-39.551,0.000
1728625422.025,-25.879,-33.691,-32.715,-53.711,0.000
1728625422.029,-49.316,-40.527,-31.738,-49.805,0.000
1728625422.033,-41.504,-31.738,-30.273,-2.930,0.000
1728625422.037,-41.504,-28.320,-22.461,-0.488,0.000
1728625422.040,-51.758,-30.762,-29.785,-62.012,0.000
1728625422.044,-22.949,-27.832,-35.645,-73.242,0.000
1728625422.048,-41.016,-33.691,-30.762,-50.293,0.000
1728625422.052,-63.965,-28.809,-28.320,-24.414,0.000
1728625422.056,-64.453,-30.762,-29.297,-16.113,0.000
1728625422.060,-58.594,-41.504,-38.574,-63.477,0.000
1728625422.064,-35.156,-40.039,-43.457,-86.914,0.000
1728625422.068,-43.457,-41.992,-35.156,-71.777,0.000
1728625422.072,-46.875,-39.062,-27.344,-16.113,0.000
1728625422.076,-38.086,-27.344,-25.879,23.926,0.000
1728625422.080,-49.316,-36.621,-37.598,-29.297,0.000
1728625422.083,-31.738,-41.016,-42.480,-71.777,0.000
1728625422.087,-40.039,-38.086,-44.922,-70.801,0.000
1728625422.091,-51.270,-40.527,-42.480,-22.461,0.000
1728625422.095,-29.785,-35.156,-30.762,7.324,0.000
1728625422.099,-33.691,-34.668,-31.250,-34.668,0.000
1728625422.103,-7.324,-31.738,-33.203,-61.523,0.000
1728625422.107,-3.418,-29.785,-29.785,-48.340,0.000
1728625422.111,-41.992,-28.809,-28.809,-21.484,0.000
1728625422.115,-42.480,-40.527,-32.227,3.906,0.000
1728625422.119,-49.316,-50.293,-40.527,-28.809,0.000
1728625422.123,-40.527,-38.574,-41.992,-58.594,0.000
1728625422.126,-28.809,-32.227,-38.574,-53.223,0.000
1728625422.130,-43.945,-38.086,-33.691,-22.461,0.000
1728625422.134,-28.809,-39.062,-32.227,11.230,0.000
1728625422.138,-24.414,-40.527,-41.992,-20.020,0.000
1728625422.142,-14.648,-32.227,-38.086,-61.523,0.000
1728625422.146,-14.648,-32.227,-34.180,-57.617,0.000
1728625422.150,-45.410,-53.711,-38.574,-27.832,0.000
1728625422.154,-31.250,-48.340,-36.621,3.906,0.000
1728625422.158,-32.227,-34.668,-39.551,-23.926,0.000
1728625422.162,-19.531,-36.621,-41.504,-69.824,0.000
1728625422.166,0.000,-30.762,-31.250,-65.430,0.000
1728625422.169,0.000,-27.832,-20.508,-36.133,0.000
1728625422.173,0.000,-25.391,-14.648,2.441,0.000
1728625422.177,0.000,-21.484,-19.531,-4.395,0.000
1728625422.181,0.000,-34.180,-29.297,-46.875,0.000
1728625422.185,0.000,-39.062,-33.203,-49.316,0.000
1728625422.189,0.000,-35.156,-32.227,-30.762,0.000
1728625422.193,0.000,-37.598,-24.902,0.000,0.000
1728625422.197,0.000,-33.691,-33.203,-8.301,0.000
1728625422.201,0.000,-24.902,-39.062,-55.176,0.000
1728625422.205,0.000,-17.090,-26.367,-65.918,0.000
1728625422.209,0.000,-19.043,-30.762,-37.109,0.000
1728625422.212,-24.902,-31.250,-36.621,-3.418,0.000
1728625422.216,-22.949,-33.691,-36.621,-14.160,0.000
1728625422.220,-41.016,-38.086,-40.039,-57.617,0.000
1728625422.224,-15.137,-37.109,-40.527,-58.594,0.000
1728625422.228,-25.391,-30.273,-41.016,-50.293,0.000
1728625422.232,-43.945,-30.273,-33.691,-4.395,0.000
1728625422.236,-33.691,-23.438,-25.879,23.438,0.000
1728625422.240,-35.156,-28.320,-32.227,-35.156,0.000
1728625422.244,-19.043,-38.574,-31.250,-62.988,0.000
1728625422.248,-31.738,-40.527,-29.297,-56.152,0.000
1728625422.252,-34.668,-39.062,-35.645,-30.273,0.000
1728625422.255,-37.109,-35.156,-35.645,-13.672,0.000
1728625422.259,-65.430,-42.969,-33.691,-44.434,0.000
1728625422.263,-37.598,-37.598,-27.344,-57.129,0.000
1728625422.267,-31.738,-29.297,-26.367,-39.062,0.000
1728625422.271,-53.711,-37.109,-32.227,-9.766,0.000
1728625422.275,-38.574,-42.969,-35.156,12.207,0.000
1728625422.279,-37.598,-45.410,-39.551,-23.438,0.000
1728625422.283,-15.625,-42.480,-40.039,-47.363,0.000
1728625422.287,-18.066,-40.527,-45.898,-45.898,0.000
1728625422.291,-59.570,-37.598,-48.828,-18.555,0.000
1728625422.294,-50.293,-24.414,-37.109,6.348,0.000
1728625422.298,-49.805,-25.879,-36.133,-29.785,0.000
1728625422.302,-30.762,-32.715,-37.598,-48.828,0.000
1728625422.306,-23.926,-37.109,-33.691,-43.457,0.000
1728625422.310,-39.551,-36.133,-37.109,-16.602,0.000
1728625422.314,-20.996,-31.250,-37.598,22.461,0.000
1728625422.318,-22.461,-29.297,-36.621,-17.578,0.000
1728625422.322,-18.066,-25.879,-31.738,-50.293,0.000
1728625422.326,-20.996,-26.855,-31.738,-43.457,0.000
1728625422.330,-38.574,-38.574,-41.992,-21.973,0.000
1728625422.334,-34.668,-41.504,-39.551,17.090,0.000
1728625422.337,-40.527,-37.109,-41.992,-30.762,0.000
1728625422.341,-36.621,-42.969,-47.363,-84.473,0.000
1728625422.345,-12.207,-40.039,-47.363,-70.801,0.000
1728625422.349,-12.207,-36.133,-50.781,-41.016,0.000
1728625422.353,-22.949,-31.738,-41.504,4.883,0.000
1728625422.357,-36.621,-27.344,-39.062,-15.625,0.000
1728625422.361,-33.691,-29.785,-48.340,-59.082,0.000
1728625422.365,-17.578,-36.133,-49.316,-58.105,0.000
1728625422.369,-39.062,-43.457,-45.410,-38.574,0.000
1728625422.373,-36.621,-37.109,-43.457,1.465,0.000
1728625422.376,-41.992,-41.504,-52.246,-3.906,0.000
1728625422.380,-45.898,-45.410,-50.781,-52.734,0.000
1728625422.384,-22.949,-28.809,-44.434,-77.637,0.000
1728625422.388,-51.270,-29.297,-44.922,-52.734,0.000
1728625422.392,-48.828,-31.738,-44.922,-3.906,0.000
1728625422.396,-37.109,-30.273,-46.875,-12.207,0.000
1728625422.400,0.000,-39.551,-47.363,-61.035,0.000
1728625422.404,0.000,-28.809,-48.340,-55.176,0.000
1728625422.408,0.000,-21.484,-49.805,-37.109,0.000
1728625422.412,0.000,-22.949,-42.480,-15.137,0.000
1728625422.415,0.000,-21.484,-40.527,-9.766,0.000
1728625422.419,0.000,-38.086,-49.805,-43.457,0.000
1728625422.423,0.000,-42.969,-50.781,-57.129,0.000
1728625422.427,0.000,-40.527,-52.246,-59.570,0.000
1728625422.431,0.000,-35.645,-49.316,-27.344,0.000
1728625422.435,0.000,-33.203,-48.340,-7.812,0.000
1728625422.439,0.000,-36.133,-48.828,-46.387,0.000
1728625422.443,0.000,-27.832,-41.992,-67.383,0.000
1728625422.447,-17.578,-32.227,-49.805,-54.199,0.000
1728625422.451,-43.945,-40.039,-50.781,-7.324,0.000
1728625422.455,-37.598,-32.227,-43.457,22.949,0.000
1728625422.458,-37.598,-36.133,-44.922,-17.090,0.000
1728625422.462,-15.625,-41.992,-44.434,-46.875,0.000
1728625422.466,-14.648,-43.457,-42.480,-46.387,0.000
1728625422.470,-41.504,-35.156,-36.621,-17.090,0.000
1728625422.474,-33.203,-28.320,-31.738,10.742,0.000
1728625422.478,-18.066,-34.180,-36.133,-32.715,0.000
1728625422.482,-5.371,-33.691,-43.945,-67.383,0.000
1728625422.486,-21.973,-33.691,-44.434,-55.664,0.000
1728625422.490,-50.781,-38.574,-40.527,-14.160,0.000
1728625422.494,-33.203,-36.133,-44.922,7.812,0.000
1728625422.498,-33.691,-34.668,-52.246,-40.039,0.000
1728625422.501,-28.809,-35.156,-49.316,-66.406,0.000
1728625422.505,-11.719,-32.715,-46.875,-57.617,0.000
1728625422.509,-17.578,-31.250,-41.016,-22.949,0.000
1728625422.513,-9.766,-30.762,-30.273,30.762,0.000
1728625422.517,-25.879,-36.621,-37.109,-3.906,0.000
1728625422.521,-16.113,-36.621,-40.527,-62.988,0.000
1728625422.525,-4.395,-52.246,-40.527,-55.176,0.000
1728625422.529,-33.203,-52.734,-41.016,-24.902,0.000
1728625422.533,-35.645,-30.273,-36.621,6.348,0.000
1728625422.537,-40.527,-33.203,-36.621,-13.184,0.000
1728625422.541,-35.156,-34.668,-40.527,-60.547,0.000
1728625422.544,-16.113,-26.367,-38.574,-55.664,0.000
1728625422.548,-35.156,-33.203,-35.156,-22.949,0.000
1728625422.552,-30.762,-29.785,-32.715,13.672,0.000
1728625422.556,-39.551,-28.809,-33.691,3.418,0.000
1728625422.560,-41.016,-40.527,-42.480,-49.805,0.000
1728625422.564,-24.414,-44.922,-33.691,-59.570,0.000
1728625422.568,-45.410,-36.621,-27.344,-26.855,0.000
1728625422.572,-41.504,-35.645,-31.738,26.855,0.000
1728625422.576,-40.039,-40.527,-34.668,10.254,0.000
1728625422.580,-41.992,-37.109,-40.527,-51.758,0.000
1728625422.584,-15.137,-33.691,-38.086,-58.105,0.000
1728625422.587,-40.527,-31.738,-31.738,-35.156,0.000
1728625422.591,-62.988,-31.250,-27.344,0.488,0.000
1728625422.595,-37.598,-25.879,-28.320,2.930,0.000
1728625422.599,-22.949,-33.691,-34.180,-32.227,0.000
1728625422.603,-4.883,-38.086,-35.645,-45.410,0.000
1728625422.607,-12.207,-33.691,-38.086,-31.250,0.000
1728625422.611,-17.578,-27.832,-29.785,-2.930,0.000
1728625422.615,-25.391,-25.391,-25.391,2.930,0.000
1728625422.619,-41.504,-38.574,-41.016,-39.551,0.000
1728625422.623,-25.391,-35.645,-43.945,-60.059,0.000
1728625422.626,-39.062,-32.715,-45.410,-56.641,0.000
1728625422.630,-40.527,-37.109,-50.293,-27.344,0.000
1728625422.634,-20.020,-34.180,-47.363,-11.230,0.000
1728625422.638,-28.320,-37.109,-46.875,-52.246,0.000
1728625422.642,-6.836,-42.969,-43.945,-63.965,0.000
1728625422.646,-29.297,-36.133,-48.828,-55.176,0.000
1728625422.650,-56.152,-37.598,-52.734,-29.297,0.000
1728625422.654,-47.852,-50.293,-46.875,1.465,0.000
1728625422.658,-50.781,-48.828,-49.805,-33.203,0.000
1728625422.662,-27.832,-45.410,-49.316,-59.082,0.000
1728625422.666,-32.715,-41.504,-44.434,-54.199,0.000
1728625422.669,-45.410,-30.762,-46.387,-30.762,0.000
1728625422.673,-22.461,-29.297,-38.086,12.207,0.000
1728625422.677,-19.043,-37.109,-41.992,-33.691,0.000
1728625422.681,-18.066,-41.504,-44.922,-77.637,0.000
1728625422.685,-19.531,-35.645,-41.016,-62.500,0.000
1728625422.689,-36.621,-40.039,-42.969,-35.156,0.000
1728625422.693,-27.832,-37.598,-37.109,0.488,0.000
1728625422.697,-37.109,-40.527,-40.527,-23.926,0.000
1728625422.701,-33.203,-49.805,-46.387,-63.965,0.000
1728625422.705,-20.508,-51.270,-44.434,-70.312,0.000
1728625422.709,-31.250,-49.316,-40.039,-38.574,0.000
1728625422.712,-19.531,-35.645,-33.203,-0.977,0.000
1728625422.716,-33.203,-41.992,-43.945,-26.855,0.000
1728625422.720,-31.250,-41.016,-48.828,-51.270,0.000
1728625422.724,-16.113,-37.598,-45.410,-49.805,0.000
1728625422.728,-40.039,-45.410,-43.457,-31.738,0.000
1728625422.732,-33.691,-29.297,-40.039,4.395,0.000
1728625422.736,-23.926,-22.461,-45.898,-4.883,0.000
1728625422.740,-20.996,-33.203,-52.246,-33.691,0.000
1728625422.744,6.348,-28.320,-45.410,-47.852,0.000
1728625422.748,-16.602,-27.344,-40.527,-41.016,0.000
1728625422.751,-46.387,-35.156,-44.434,2.930,0.000
1728625422.755,-45.898,-29.785,-48.828,0.000,0.000
1728625422.759,-32.227,-22.461,-49.805,-53.711,0.000
1728625422.763,-24.902,-32.227,-52.734,-55.664,0.000
1728625422.767,-42.480,-40.039,-54.199,-40.039,0.000
1728625422.771,-33.691,-31.738,-50.293,-3.906,0.000
1728625422.775,-26.855,-32.227,-54.199,-1.465,0.000
1728625422.779,-21.484,-46.875,-55.176,-46.387,0.000
1728625422.783,-8.789,-43.945,-49.805,-49.316,0.000
1728625422.787,-45.898,-43.457,-51.758,-50.293,0.000
1728625422.790,-62.012,-39.551,-43.457,-14.648,0.000
1728625422.794,-52.734,-40.527,-41.992,7.324,0.000
1728625422.798,-41.992,-53.711,-49.805,-34.180,0.000
1728625422.802,-8.789,-40.039,-46.387,-58.594,0.000
1728625422.806,-21.484,-33.203,-45.898,-53.711,0.000
1728625422.810,-36.133,-35.156,-45.898,-5.859,0.000
1728625422.814,-21.973,-31.738,-41.504,10.742,0.000
1728625422.818,-29.785,-31.738,-41.016,-41.016,0.000
1728625422.822,-18.555,-29.785,-42.969,-53.711,0.000
1728625422.826,-27.832,-29.297,-49.316,-43.457,0.000
1728625422.830,-55.176,-29.297,-50.781,-22.461,0.000
1728625422.833,-36.133,-24.414,-46.875,-2.441,0.000
1728625422.837,-35.156,-31.250,-56.641,-27.832,0.000
1728625422.841,-30.273,-50.781,-59.570,-49.316,0.000
1728625422.845,-26.855,-46.875,-55.176,-55.664,0.000
1728625422.849,-42.480,-35.156,-47.852,-25.391,0.000
1728625422.853,-23.438,-28.809,-38.574,18.555,0.000
1728625422.857,-24.414,-32.715,-45.410,-11.719,0.000
1728625422.861,-13.672,-30.273,-39.551,-53.711,0.000
1728625422.865,-16.602,-28.809,-38.574,-57.129,0.000
1728625422.869,-40.039,-44.434,-44.434,-36.621,0.000
1728625422.873,-32.227,-42.969,-40.039,-6.348,0.000
1728625422.876,-41.016,-35.645,-41.992,-36.621,0.000
1728625422.880,-25.391,-35.645,-45.898,-71.289,0.000
1728625422.884,-19.531,-43.945,-51.270,-59.082,0.000
1728625422.888,-37.598,-44.922,-39.551,-26.367,0.000
1728625422.892,-25.391,-34.668,-26.367,14.160,0.000
1728625422.896,-31.738,-41.016,-34.180,-6.348,0.000
1728625422.900,-26.367,-45.898,-40.039,-55.664,0.000
1728625422.904,-20.508,-44.922,-36.621,-54.688,0.000
1728625422.908,-51.270,-45.898,-29.297,-16.113,0.000
1728625422.912,-40.039,-35.645,-21.973,20.020,0.000
1728625422.916,-12.207,-29.297,-27.832,-3.418,0.000
1728625422.919,-6.836,-31.738,-37.109,-63.477,0.000
1728625422.923,-7.324,-27.344,-31.250,-64.941,0.000
1728625422.927,-26.855,-27.832,-31.250,-30.273,0.000
1728625422.931,-33.203,-32.227,-29.297,16.113,0.000
1728625422.935,-33.203,-34.668,-34.668,-2.930,0.000
1728625422.939,-32.227,-32.227,-47.852,-55.664,0.000
1728625422.943,-19.531,-36.133,-48.340,-61.035,0.000
1728625422.947,-30.762,-37.109,-48.828,-39.551,0.000
1728625422.951,-29.297,-22.461,-40.527,18.066,0.000
1728625422.955,-25.391,-21.484,-29.785,6.836,0.000
1728625422.958,-33.203,-34.668,-38.086,-56.152,0.000
1728625422.962,-18.066,-39.062,-43.457,-60.547,0.000
1728625422.966,-31.250,-37.109,-38.574,-35.156,0.000
1728625422.970,-33.203,-28.809,-29.785,-3.418,0.000
1728625422.974,-28.809,-27.832,-25.391,1.953,0.000
1728625422.978,-32.715,-38.574,-31.250,-43.457,0.000
1728625422.982,-13.672,-47.852,-32.227,-50.781,0.000
1728625422.986,-33.203,-41.504,-36.133,-31.738,0.000
1728625422.990,-52.246,-37.109,-40.527,-6.836,0.000
1728625422.994,-41.992,-45.410,-36.621,9.277,0.000
1728625422.998,-44.434,-41.992,-32.715,-33.203,0.000
1728625423.001,-20.508,-37.109,-34.180,-56.152,0.000
1728625423.005,-30.762,-49.316,-43.457,-45.410,0.000
1728625423.009,-40.039,-49.316,-37.598,-9.766,0.000
1728625423.013,-32.227,-36.133,-30.273,10.742,0.000
1728625423.017,-58.594,-42.969,-40.527,-49.805,0.000
1728625423.021,-34.668,-54.199,-43.457,-77.148,0.000
1728625423.025,-39.551,-51.758,-41.504,-41.016,0.000
1728625423.029,-55.176,-45.410,-46.387,-12.695,0.000
1728625423.033,-31.250,-31.250,-37.598,5.371,0.000
1728625423.037,-24.902,-26.855,-42.480,-25.391,0.000
1728625423.041,-24.414,-35.156,-51.758,-63.965,0.000
1728625423.044,-23.926,-33.691,-43.945,-51.270,0.000
1728625423.048,-37.109,-31.738,-47.363,-19.531,0.000
1728625423.052,-27.344,-33.203,-50.293,0.977,0.000
1728625423.056,-30.273,-48.828,-54.199,-34.668,0.000
1728625423.060,-28.320,-49.316,-58.594,-68.359,0.000
1728625423.064,-30.762,-36.133,-57.129,-64.453,0.000
1728625423.068,-52.246,-35.156,-50.293,-26.855,0.000
1728625423.072,-36.133,-35.156,-39.551,9.766,0.000
1728625423.076,-41.504,-43.945,-45.898,-35.156,0.000
1728625423.080,-35.156,-53.711,-50.293,-62.500,0.000
1728625423.083,-28.320,-54.688,-52.246,-53.223,0.000
1728625423.087,-56.152,-42.969,-52.246,-51.270,0.000
1728625423.091,-41.992,-40.039,-41.504,-8.789,0.000
1728625423.095,-30.762,-46.387,-36.621,-16.602,0.000
1728625423.099,-25.879,-45.410,-37.109,-62.500,0.000
1728625423.103,-20.508,-41.992,-39.551,-58.105,0.000
1728625423.107,-54.688,-51.758,-42.969,-29.297,0.000
1728625423.111,-60.547,-55.176,-42.969,9.766,0.000
1728625423.115,-38.574,-43.945,-41.016,-0.977,0.000
1728625423.119,-26.855,-36.621,-46.387,-44.922,0.000
1728625423.123,-18.555,-44.434,-47.363,-54.688,0.000
1728625423.126,-37.598,-52.734,-44.434,-38.574,0.000
1728625423.130,-41.504,-43.457,-40.039,3.906,0.000
1728625423.134,-40.039,-32.715,-36.133,-6.348,0.000
1728625423.138,-30.273,-37.598,-40.039,-51.758,0.000
1728625423.142,-14.648,-40.039,-38.086,-65.430,0.000
1728625423.146,-47.363,-46.387,-39.551,-50.781,0.000
1728625423.150,-39.062,-41.504,-40.039,7.812,0.000
1728625423.154,-26.855,-39.551,-41.016,17.090,0.000
1728625423.158,-26.367,-44.434,-44.434,-57.129,0.000
1728625423.162,-7.324,-33.691,-42.480,-74.219,0.000
1728625423.165,-36.621,-34.180,-42.480,-38.086,0.000
1728625423.169,-43.945,-40.527,-41.016,10.254,0.000
1728625423.173,-26.855,-41.992,-43.457,12.207,0.000
1728625423.177,-36.133,-39.062,-41.992,-52.734,0.000
1728625423.181,-17.090,-32.227,-40.039,-74.707,0.000
1728625423.185,-35.156,-39.551,-41.504,-57.617,0.000
1728625423.189,-42.969,-35.645,-27.832,-18.066,0.000
1728625423.193,-21.484,-27.344,-20.996,-5.371,0.000
1728625423.197,-29.297,-42.969,-34.180,-41.016,0.000
1728625423.201,-22.949,-39.551,-40.527,-56.641,0.000
1728625423.205,-40.527,-33.203,-39.062,-60.059,0.000
1728625423.208,-57.617,-39.551,-39.551,-24.414,0.000
1728625423.212,-44.434,-37.109,-41.016,6.348,0.000
1728625423.216,-39.551,-40.527,-41.992,-35.645,0.000
1728625423.220,-24.414,-35.156,-38.086,-61.523,0.000
1728625423.224,-27.344,-27.344,-38.574,-56.152,0.000
1728625423.228,-43.457,-33.203,-46.387,-36.133,0.000
1728625423.232,-32.715,-41.992,-46.387,0.488,0.000
1728625423.236,-41.504,-35.645,-43.945,-27.832,0.000
1728625423.240,-31.738,-26.367,-46.387,-60.547,0.000
1728625423.244,-28.320,-41.992,-47.852,-47.363,0.000
1728625423.248,-48.828,-46.875,-41.016,-13.184,0.000
1728625423.251,-30.273,-30.762,-32.715,26.855,0.000
1728625423.255,-22.949,-27.832,-31.738,-18.066,0.000
1728625423.259,-9.766,-39.062,-41.504,-51.270,0.000
1728625423.263,-6.836,-49.316,-54.199,-45.410,0.000
1728625423.267,-37.598,-42.480,-52.246,-29.785,0.000
1728625423.271,-18.066,-25.391,-44.434,0.977,0.000
1728625423.275,-25.879,-32.227,-47.363,-26.855,0.000
1728625423.279,-44.434,-47.852,-48.340,-56.641,0.000
1728625423.283,-25.879,-41.504,-40.527,-61.035,0.000
1728625423.287,-27.344,-29.297,-44.434,-56.641,0.000
1728625423.291,-16.602,-32.715,-50.293,-13.184,0.000
1728625423.294,-14.160,-38.574,-46.387,-16.602,0.000
1728625423.298,-5.371,-43.945,-48.340,-65.918,0.000
1728625423.302,-5.371,-48.340,-51.270,-76.660,0.000
1728625423.306,-51.758,-43.457,-52.734,-47.852,0.000
1728625423.310,-47.852,-34.180,-46.875,-3.418,0.000
1728625423.314,-41.504,-29.297,-41.016,-2.441,0.000
1728625423.318,-39.062,-28.809,-42.480,-49.316,0.000
1728625423.322,-11.230,-39.551,-42.969,-58.105,0.000
1728625423.326,-31.738,-46.387,-44.922,-37.109,0.000
1728625423.330,-41.504,-42.480,-36.621,-1.953,0.000
1728625423.333,-34.668,-39.062,-41.992,-8.789,0.000
1728625423.337,-33.203,-35.156,-52.734,-63.965,0.000
1728625423.341,-8.789,-18.555,-41.504,-61.523,0.000
1728625423.345,-30.762,-18.066,-36.133,-44.434,0.000
1728625423.349,-33.691,-21.484,-41.504,-14.648,0.000
1728625423.353,-5.371,-21.973,-40.527,-0.488,0.000
1728625423.357,-12.695,-35.156,-41.992,-36.133,0.000
1728625423.361,-14.160,-34.180,-44.922,-51.758,0.000
1728625423.365,-29.785,-34.180,-44.922,-47.852,0.000
1728625423.369,-41.992,-35.156,-35.645,-9.766,0.000
1728625423.373,-41.016,-24.414,-25.879,4.395,0.000
1728625423.376,-33.203,-30.273,-34.668,-32.715,0.000
1728625423.380,-12.207,-42.480,-40.039,-37.109,0.000
1728625423.384,-31.250,-49.316,-39.551,-40.039,0.000
1728625423.388,-49.316,-47.363,-37.109,-24.414,0.000
1728625423.392,-38.086,-39.062,-34.180,8.789,0.000
1728625423.396,-37.109,-41.504,-41.504,-20.020,0.000
1728625423.400,-22.949,-42.969,-47.852,-56.152,0.000
1728625423.404,-33.691,-43.945,-51.758,-55.664,0.000
1728625423.408,-42.480,-41.016,-43.457,-22.461,0.000
1728625423.412,-12.207,-29.785,-29.785,26.367,0.000
1728625423.416,-18.555,-29.297,-38.086,-3.418,0.000
1728625423.419,-32.227,-39.551,-44.922,-52.734,0.000
1728625423.423,-31.738,-43.945,-48.828,-61.523,0.000
1728625423.427,-43.945,-40.527,-52.734,-33.691,0.000
1728625423.431,-28.809,-33.203,-46.387,13.184,0.000
1728625423.435,-36.621,-39.551,-44.434,-23.438,0.000
1728625423.439,-27.832,-38.086,-53.223,-66.406,0.000
1728625423.443,-20.020,-36.133,-52.734,-62.012,0.000
1728625423.447,-42.969,-35.156,-42.969,-41.504,0.000
1728625423.451,-25.879,-31.250,-39.062,-1.465,0.000
1728625423.455,-25.879,-41.016,-41.504,-20.508,0.000
1728625423.458,-26.855,-45.898,-49.316,-61.035,0.000
1728625423.462,-25.879,-35.645,-45.898,-57.617,0.000
1728625423.466,-43.457,-32.715,-35.645,-21.973,0.000
1728625423.470,-37.598,-31.250,-31.250,20.996,0.000
1728625423.474,-40.527,-35.645,-37.598,-4.395,0.000
1728625423.478,-26.367,-41.016,-41.016,-44.434,0.000
1728625423.482,-18.555,-42.480,-36.133,-58.594,0.000
1728625423.486,-56.152,-41.992,-41.992,-39.551,0.000
1728625423.490,-50.293,-43.945,-40.039,11.230,0.000
1728625423.494,-25.879,-40.039,-42.480,-5.371,0.000
1728625423.498,-24.902,-40.527,-49.805,-53.223,0.000
1728625423.501,-26.367,-55.664,-47.852,-53.223,0.000
1728625423.505,-36.133,-45.410,-40.039,-23.926,0.000
1728625423.509,-42.480,-28.320,-32.227,10.254,0.000
1728625423.513,-39.551,-33.691,-32.715,2.441,0.000
1728625423.517,-26.367,-32.715,-36.133,-45.410,0.000
1728625423.521,-3.418,-31.738,-37.109,-57.129,0.000
1728625423.525,-22.949,-40.527,-36.133,-42.969,0.000
1728625423.529,-26.855,-39.551,-31.738,0.977,0.000
1728625423.533,-26.367,-35.156,-28.809,15.137,0.000
1728625423.537,-35.645,-37.109,-31.250,-27.832,0.000
1728625423.540,-7.324,-31.250,-33.691,-51.270,0.000
1728625423.544,-16.602,-30.273,-36.133,-40.527,0.000
1728625423.548,-43.457,-38.086,-39.551,2.930,0.000
1728625423.552,-45.410,-29.785,-43.945,8.789,0.000
1728625423.556,-32.715,-33.691,-41.992,-37.109,0.000
1728625423.560,-0.977,-38.086,-45.410,-54.688,0.000
1728625423.564,-18.555,-30.273,-46.875,-50.293,0.000
1728625423.568,-32.227,-26.855,-37.598,-15.625,0.000
1728625423.572,-33.203,-26.855,-35.156,10.254,0.000
1728625423.576,-35.156,-34.668,-40.039,-31.250,0.000
1728625423.580,-9.766,-39.062,-37.598,-52.246,0.000
1728625423.583,-32.715,-36.621,-38.086,-30.273,0.000
1728625423.587,-49.316,-44.922,-42.480,-8.789,0.000
1728625423.591,-34.668,-45.898,-39.551,17.578,0.000
1728625423.595,-33.203,-43.945,-41.016,-16.113,0.000
1728625423.599,-7.324,-39.551,-38.574,-55.664,0.000
1728625423.603,-3.906,-37.109,-35.645,-47.363,0.000
1728625423.607,-28.320,-48.828,-39.062,-12.695,0.000
1728625423.611,-26.855,-41.504,-34.668,19.531,0.000
1728625423.615,-29.785,-35.156,-40.039,-16.113,0.000
1728625423.619,-20.508,-41.504,-49.805,-50.293,0.000
1728625423.623,-15.625,-44.434,-44.922,-44.434,0.000
1728625423.626,-31.250,-41.992,-36.621,-20.996,0.000
1728625423.630,-26.855,-32.715,-30.762,20.020,0.000
1728625423.634,-21.973,-31.738,-35.645,-4.883,0.000
1728625423.638,-17.578,-33.691,-47.852,-57.617,0.000
1728625423.642,-18.555,-36.621,-55.664,-42.480,0.000
1728625423.646,-38.574,-33.203,-48.340,-11.719,0.000
1728625423.650,-39.551,-29.785,-42.969,6.348,0.000
1728625423.654,-37.598,-37.109,-54.688,-23.926,0.000
1728625423.658,-15.137,-28.809,-57.617,-75.195,0.000
1728625423.662,-4.395,-24.902,-44.922,-68.848,0.000
1728625423.666,-20.996,-31.250,0.000,-44.922,0.000
1728625423.669,-28.809,-30.762,0.000,-15.137,0.000
1728625423.673,-41.016,-27.832,0.000,-16.602,0.000
1728625423.677,-35.645,-29.297,0.000,-51.758,0.000
1728625423.681,-17.578,-36.621,0.000,-56.152,0.000
1728625423.685,-26.855,-41.992,0.000,-36.621,0.000
1728625423.689,-41.016,-36.133,0.000,4.395,0.000
1728625423.693,-51.270,-31.250,0.000,-0.488,0.000
1728625423.697,-32.227,-37.109,0.000,-41.992,0.000
1728625423.701,-5.859,-42.480,0.000,-59.082,0.000
1728625423.705,-35.645,-38.574,0.000,-43.457,0.000
1728625423.708,-32.227,-42.969,0.000,-0.977,0.000
1728625423.712,-16.602,-43.457,-43.945,-3.418,0.000
1728625423.716,-21.973,-30.762,-55.664,-46.387,0.000
1728625423.720,-10.254,-30.273,-47.363,-49.805,0.000
1728625423.724,-25.391,-35.156,-39.551,-31.738,0.000
1728625423.728,-20.508,-28.809,-39.062,-10.742,0.000
1728625423.732,-26.855,-35.645,-39.062,2.441,0.000
1728625423.736,-51.270,-43.457,-44.434,-39.551,0.000
1728625423.740,-17.578,-41.016,-46.875,-61.523,0.000
1728625423.744,-16.113,-42.969,-48.828,-46.875,0.000
1728625423.748,-29.297,-31.250,-41.504,-12.695,0.000
1728625423.751,-24.902,-32.715,-36.133,-3.418,0.000
1728625423.755,-41.016,-42.969,-40.039,-45.898,0.000
1728625423.759,-26.367,-34.180,-36.133,-62.012,0.000
1728625423.763,-50.293,-39.551,-34.180,-56.152,0.000
1728625423.767,-59.570,-37.598,-30.273,-17.090,0.000
1728625423.771,-29.297,-33.691,-23.438,17.090,0.000
1728625423.775,-36.133,-42.969,-35.156,-34.668,0.000
1728625423.779,-14.160,-39.062,-37.598,-60.547,0.000
1728625423.783,-12.695,-34.180,-36.133,-38.086,0.000
1728625423.787,-32.227,-43.945,-37.598,-8.789,0.000
1728625423.791,-34.668,-37.598,-38.574,13.672,0.000
1728625423.794,-55.176,-41.992,-41.016,-35.156,0.000
1728625423.798,-39.062,-53.223,-41.504,-66.406,0.000
1728625423.802,-38.574,-42.480,-45.898,-51.270,0.000
1728625423.806,-54.688,-36.621,-39.062,-17.090,0.000
1728625423.810,-38.086,-30.273,-27.832,6.348,0.000
1728625423.814,-32.227,-33.691,-35.645,-19.043,0.000
1728625423.818,-22.461,-40.039,-38.574,-46.387,0.000
1728625423.822,-22.949,-43.945,-34.668,-50.293,0.000
1728625423.826,-27.832,-46.387,-40.039,-37.109,0.000
1728625423.830,-19.043,-39.062,-40.527,1.465,0.000
1728625423.833,-32.715,-37.109,-41.016,-19.043,0.000
1728625423.837,-32.715,-36.133,-48.340,-71.777,0.000
1728625423.841,-18.066,-40.039,-49.805,-63.477,0.000
1728625423.845,-32.715,-45.410,-39.062,-18.066,0.000
1728625423.849,-25.391,-30.762,-33.203,14.648,0.000
1728625423.853,-24.414,-30.273,-35.156,-10.254,0.000
1728625423.857,-29.297,-46.387,-41.504,-51.758,0.000
1728625423.861,-19.043,-46.875,-42.480,-55.176,0.000
1728625423.865,-37.598,-32.227,-39.551,-33.203,0.000
1728625423.869,-28.809,-29.297,-32.715,9.766,0.000
1728625423.873,-22.949,-39.551,-38.574,-7.324,0.000
1728625423.876,-26.367,-45.898,-50.781,-56.641,0.000
1728625423.880,-12.207,-36.621,-38.086,-49.805,0.000
1728625423.884,-43.457,-22.949,-32.715,-45.410,0.000
1728625423.888,-42.969,-34.668,-38.086,-10.254,0.000
1728625423.892,-19.043,-36.133,-38.574,0.000,0.000
1728625423.896,-24.414,-30.762,-41.504,-43.945,0.000
1728625423.900,-16.602,-35.645,-45.410,-50.293,0.000
1728625423.904,-32.715,-36.621,-46.875,-37.598,0.000
1728625423.908,-40.039,-34.668,-38.086,7.812,0.000
1728625423.912,-35.645,-33.203,-33.203,12.695,0.000
1728625423.915,-21.973,-25.879,-40.039,-44.434,0.000
1728625423.919,-4.395,-35.156,-48.340,-62.012,0.000
1728625423.923,-39.062,-56.152,-45.898,-45.898,0.000
1728625423.927,-39.062,-43.457,-39.062,-4.883,0.000
1728625423.931,-20.996,-24.902,-35.645,16.113,0.000
1728625423.935,-30.762,-35.156,-41.016,-33.203,0.000
1728625423.939,-15.625,-34.180,-46.875,-60.547,0.000
1728625423.943,-22.949,-33.203,-44.434,-30.273,0.000
1728625423.947,-40.039,-35.156,-32.715,14.160,0.000
1728625423.951,-27.344,-30.762,-31.738,17.090,0.000
1728625423.954,-31.250,-38.086,-46.875,-28.809,0.000
1728625423.958,-21.484,-42.969,-45.898,-51.758,0.000
1728625423.962,-20.508,-36.621,-42.480,-51.758,0.000
1728625423.966,-35.156,-33.203,-37.109,-17.090,0.000
1728625423.970,-27.344,-29.297,-30.762,12.207,0.000
1728625423.974,-41.016,-31.738,-36.621,-25.391,0.000
1728625423.978,-21.484,-32.715,-33.691,-37.598,0.000
1728625423.982,-15.137,-32.715,-29.297,-30.273,0.000
1728625423.986,-40.527,-40.527,-29.785,-9.766,0.000
1728625423.990,-33.203,-35.156,-32.227,7.812,0.000
1728625423.994,-31.738,-35.645,-38.574,-23.926,0.000
1728625423.997,-17.578,-38.086,-39.551,-49.805,0.000
1728625424.001,-9.766,-33.691,-39.062,-48.340,0.000
1728625424.005,-23.926,-23.926,-43.945,-20.996,0.000
1728625424.009,-11.719,-27.344,-44.434,12.207,0.000
1728625424.013,-22.949,-41.504,-45.410,-14.160,0.000
1728625424.017,-22.461,-40.527,-43.945,-61.523,0.000
1728625424.021,-18.066,-38.574,-38.086,-62.500,0.000
1728625424.025,-40.527,-41.992,-41.016,-32.227,0.000
1728625424.029,-29.297,-42.480,-34.180,11.230,0.000
1728625424.033,-24.414,-26.367,-30.273,-9.766,0.000
1728625424.036,-23.926,-17.090,-39.062,-45.898,0.000
1728625424.040,-23.438,-34.180,-44.434,-58.594,0.000
1728625424.044,-45.410,-40.039,-41.016,-45.898,0.000
1728625424.048,-46.875,-26.367,-36.133,10.254,0.000
1728625424.052,-38.574,-25.391,-39.551,4.883,0.000
1728625424.056,-20.996,-38.086,-34.180,-41.016,0.000
1728625424.060,1.465,-33.691,-30.273,-51.758,0.000
1728625424.064,-20.508,-28.809,-28.809,-26.855,0.000
1728625424.068,-26.855,-22.461,-29.297,19.531,0.000
1728625424.072,-40.039,-37.109,-38.574,5.859,0.000
1728625424.076,-33.203,-46.387,-49.316,-60.547,0.000
1728625424.079,6.836,-22.949,-42.480,-69.824,0.000
1728625424.083,-19.043,-21.973,-37.109,-43.945,0.000
1728625424.087,-26.855,-22.949,-32.227,3.906,0.000
1728625424.091,-26.367,-22.949,-30.762,-7.812,0.000
1728625424.095,-31.250,-30.762,-45.410,-63.965,0.000
1728625424.099,-9.277,-38.086,-48.340,-71.289,0.000
1728625424.103,-18.555,-42.480,-45.898,-71.777,0.000
1728625424.107,-22.949,-44.434,-45.410,-26.367,0.000
1728625424.111,-33.691,-37.598,-47.363,-10.742,0.000
1728625424.115,-39.062,-40.039,-53.711,-50.781,0.000
1728625424.119,-7.324,-34.668,-52.734,-51.758,0.000
1728625424.122,-31.738,-26.855,-47.363,-34.668,0.000
1728625424.126,-42.480,-27.832,-41.504,-3.906,0.000
1728625424.130,-35.156,-31.738,-41.016,12.695,0.000
1728625424.134,-37.598,-42.480,-37.109,-25.879,0.000
1728625424.138,-7.324,-28.320,-30.762,-69.336,0.000
1728625424.142,-25.879,-21.973,-40.039,-59.082,0.000
1728625424.146,-51.270,-32.227,-37.598,-7.812,0.000
1728625424.150,-39.551,-28.809,-33.203,5.859,0.000
1728625424.154,-48.828,-41.992,-38.086,-31.250,0.000
1728625424.158,-40.527,-43.945,-34.180,-51.758,0.000
1728625424.162,-43.457,-43.945,-41.992,-38.086,0.000
1728625424.165,-56.152,-41.992,-43.457,1.953,0.000
1728625424.169,-30.762,-25.391,-30.762,21.973,0.000
1728625424.173,-30.762,-33.203,-32.715,-20.996,0.000
1728625424.177,-31.738,-49.316,-42.480,-60.547,0.000
1728625424.181,-33.691,-50.781,-47.852,-64.453,0.000
1728625424.185,-57.617,-40.527,-51.758,-41.992,0.000
1728625424.189,-51.270,-34.180,-42.480,0.488,0.000
1728625424.193,-34.180,-41.992,-40.527,-18.555,0.000
1728625424.197,-29.785,-43.945,-49.805,-69.824,0.000
1728625424.201,-23.438,-43.457,-46.875,-54.688,0.000
1728625424.204,-29.297,-38.574,-41.992,-6.836,0.000
1728625424.208,-20.996,-33.691,-34.180,28.320,0.000
1728625424.212,-30.273,-31.250,-33.691,-4.395,0.000
1728625424.216,-25.391,-25.391,-39.062,-43.457,0.000
1728625424.220,-13.184,-34.180,-37.598,-39.551,0.000
1728625424.224,-36.133,-39.062,-39.062,-26.855,0.000
1728625424.228,0.000,-26.367,-30.762,3.906,0.000
1728625424.232,0.000,-20.996,-27.344,-10.742,0.000
1728625424.236,0.000,-29.785,-38.574,-53.223,0.000
1728625424.240,0.000,-29.297,-38.574,-66.406,0.000
1728625424.244,0.000,-33.691,-35.156,-43.457,0.000
1728625424.247,0.000,-34.668,-33.203,6.348,0.000
1728625424.251,0.000,-39.551,-34.180,-4.883,0.000
1728625424.255,0.000,-40.527,-37.598,-41.016,0.000
1728625424.259,0.000,-25.879,-33.203,-52.246,0.000
1728625424.263,0.000,-26.367,-33.203,-42.480,0.000
1728625424.267,0.000,-28.809,-32.715,11.230,0.000
1728625424.271,0.000,-34.668,-36.133,6.348,0.000
1728625424.275,-46.875,-43.457,-41.992,-42.480,0.000
1728625424.279,-28.320,-41.016,-44.922,-54.199,0.000
1728625424.283,-38.574,-36.133,-41.992,-36.133,0.000
1728625424.286,-32.715,-29.297,-35.156,5.371,0.000
1728625424.290,-4.883,-20.996,-36.133,13.672,0.000
1728625424.294,3.418,-24.902,-41.016,-34.668,0.000
1728625424.298,8.301,-34.668,-38.574,-41.016,0.000
1728625424.302,-30.273,-35.156,-43.457,-27.344,0.000
1728625424.306,-44.922,-24.414,-47.363,-6.836,0.000
1728625424.310,-42.480,-28.320,-42.969,10.254,0.000
1728625424.314,-49.316,-39.551,-51.270,-36.133,0.000
1728625424.318,-14.648,-28.809,-46.875,-59.082,0.000
1728625424.322,-19.043,-18.555,-40.039,-36.133,0.000
1728625424.326,-41.016,-24.414,-42.480,7.812,0.000
1728625424.329,-36.621,-34.180,-44.922,17.578,0.000
1728625424.333,-39.062,-33.203,-52.246,-35.156,0.000
1728625424.337,-14.648,-33.691,-50.781,-55.664,0.000
1728625424.341,-19.531,-37.109,-47.363,-48.340,0.000
1728625424.345,-36.621,-34.668,-51.270,-30.762,0.000
1728625424.349,-31.250,-37.598,-47.363,-9.766,0.000
1728625424.353,-36.133,-37.109,-50.781,-41.016,0.000
1728625424.357,-28.809,-41.016,-60.059,-71.777,0.000
1728625424.361,-36.133,-41.016,-50.781,-70.312,0.000
1728625424.365,-46.875,-34.668,-42.969,-38.574,0.000
1728625424.369,-37.598,-38.086,-51.270,-7.324,0.000
1728625424.372,-34.668,-41.504,-50.781,-42.480,0.000
1728625424.376,-9.766,-33.691,-51.270,-79.102,0.000
1728625424.380,-23.438,-40.039,-53.711,-69.336,0.000
1728625424.384,-56.152,-36.133,-43.945,-24.902,0.000
1728625424.388,-33.203,-27.344,-39.062,25.391,0.000
1728625424.392,-29.297,-37.109,-38.574,-6.836,0.000
1728625424.396,-22.949,-40.527,-42.480,-44.434,0.000
1728625424.400,-11.230,-41.992,-48.340,-35.645,0.000
1728625424.404,-28.809,-38.086,-51.270,-23.926,0.000
1728625424.408,-31.738,-31.738,-35.156,16.602,0.000
1728625424.412,-35.156,-30.762,-32.227,-4.883,0.000
1728625424.415,-27.344,-34.180,-50.293,-60.547,0.000
1728625424.419,-9.766,-40.527,-49.805,-53.223,0.000
1728625424.423,-35.156,-41.992,-45.410,-28.809,0.000
1728625424.427,-32.715,-34.668,-39.062,8.301,0.000
1728625424.431,-23.926,-36.133,-37.109,0.977,0.000
1728625424.435,-23.926,-47.852,-42.480,-43.457,0.000
1728625424.439,-10.254,-43.945,-44.434,-58.105,0.000
1728625424.443,-28.809,-31.738,-41.504,-46.387,0.000
1728625424.447,-26.367,-35.156,-40.039,12.207,0.000
1728625424.451,-20.020,-46.387,-40.039,22.461,0.000
1728625424.454,-23.926,-39.551,-44.434,-42.969,0.000
1728625424.458,-16.113,-38.086,-48.828,-67.383,0.000
1728625424.462,-33.691,-42.969,-45.410,-45.898,0.000
1728625424.466,-30.273,-21.973,-36.621,3.906,0.000
1728625424.470,-30.273,-23.438,-32.227,1.953,0.000
1728625424.474,-24.902,-37.598,-41.504,-28.809,0.000
1728625424.478,4.395,-22.949,-39.551,-28.320,0.000
1728625424.482,-17.578,-23.438,-36.621,-23.438,0.000
1728625424.486,-30.762,-24.414,-39.551,4.395,0.000
1728625424.490,-27.832,-26.855,-44.922,14.160,0.000
1728625424.494,-26.855,-34.180,-47.852,-24.414,0.000
1728625424.497,-12.207,-18.066,-43.945,-61.523,0.000
1728625424.501,-41.992,-21.484,-47.852,-50.781,0.000
1728625424.505,-45.410,-40.527,-46.875,-6.836,0.000
1728625424.509,-18.066,-39.062,-45.410,-0.488,0.000
1728625424.513,-38.574,-34.180,-48.340,-41.992,0.000
1728625424.517,-35.156,-30.273,-45.410,-65.430,0.000
1728625424.521,-31.738,-39.551,-43.457,-52.246,0.000
1728625424.525,-48.828,-40.527,-41.016,-11.719,0.000
1728625424.529,-30.762,-32.227,-36.621,22.949,0.000
1728625424.533,-15.137,-33.203,-42.969,-22.461,0.000
1728625424.537,-5.859,-41.992,-46.387,-58.105,0.000
1728625424.540,-21.973,-48.340,-42.969,-40.039,0.000
1728625424.544,-42.969,-41.504,-39.551,-15.137,0.000
1728625424.548,-31.250,-41.016,-34.668,12.695,0.000
1728625424.552,-31.738,-38.086,-36.133,-18.555,0.000
1728625424.556,-12.695,-37.109,-43.457,-51.758,0.000
1728625424.560,0.488,-32.715,-38.574,-40.527,0.000
1728625424.564,-20.508,-24.902,-35.156,-17.090,0.000
1728625424.568,-24.414,-29.297,-33.203,6.836,0.000
1728625424.572,-36.133,-44.434,-32.227,-23.926,0.000
1728625424.576,-22.461,-49.805,-42.969,-60.059,0.000
1728625424.579,-4.883,-44.922,-42.969,-48.340,0.000
1728625424.583,-24.414,-50.293,-42.969,-26.367,0.000
1728625424.587,-37.109,-41.504,-41.992,-1.953,0.000
1728625424.591,-38.086,-26.855,-33.203,-8.789,0.000
1728625424.595,-26.367,-41.016,-37.109,-47.363,0.000
1728625424.599,-20.508,-50.781,-43.457,-59.570,0.000
1728625424.603,-36.621,-43.945,-46.875,-36.133,0.000
1728625424.607,-30.273,-44.434,-46.875,5.371,0.000
1728625424.611,-30.273,-51.270,-45.410,-8.789,0.000
1728625424.615,-27.344,-50.293,-54.688,-60.059,0.000
1728625424.619,-6.836,-42.480,-50.781,-58.594,0.000
1728625424.622,-15.625,-34.668,-40.039,-26.855,0.000
1728625424.626,-29.785,-38.574,-39.062,22.461,0.000
1728625424.630,-40.039,-42.969,-41.992,5.859,0.000
1728625424.634,-27.344,-32.227,-44.434,-67.871,0.000
1728625424.638,-13.672,-35.156,-46.387,-62.988,0.000
1728625424.642,-30.273,-38.574,-46.387,-31.738,0.000
1728625424.646,-31.738,-32.715,-41.504,1.953,0.000
1728625424.650,-31.738,-35.645,-44.922,5.371,0.000
1728625424.654,-40.527,-47.852,-56.641,-46.875,0.000
1728625424.658,-19.043,-42.480,-51.758,-68.359,0.000
1728625424.661,-22.949,-32.715,-44.434,-42.969,0.000
1728625424.665,-34.668,-29.297,-46.875,-10.742,0.000
1728625424.669,-23.438,-36.621,-45.410,-4.883,0.000
1728625424.673,-25.879,-41.992,-44.922,-56.152,0.000
1728625424.677,-11.719,-33.691,-42.969,-85.449,0.000
1728625424.681,-22.461,-29.785,-32.227,-48.828,0.000
1728625424.685,-28.809,-13.184,-26.367,4.883,0.000
1728625424.689,-20.020,-25.391,-29.785,18.066,0.000
1728625424.693,-15.625,-39.551,-33.691,-41.504,0.000
1728625424.697,-6.348,-35.645,-35.645,-67.871,0.000
1728625424.701,-18.066,-39.062,-31.738,-38.574,0.000
1728625424.704,-25.391,-33.203,-29.785,-13.184,0.000
1728625424.708,-23.926,-29.785,-32.227,-5.371,0.000
1728625424.712,-38.086,-37.109,-37.598,-39.551,0.000
1728625424.716,-20.996,-42.969,-42.969,-61.523,0.000
1728625424.720,-32.715,-41.504,-38.086,-53.223,0.000
1728625424.724,-46.387,-39.062,-29.297,-17.578,0.000
1728625424.728,-20.020,-35.645,-33.691,12.207,0.000
1728625424.732,-18.066,-43.457,-46.387,-11.230,0.000
1728625424.736,-19.531,-48.340,-48.340,-49.316,0.000
1728625424.740,-14.160,-30.273,-37.598,-59.082,0.000
1728625424.744,-33.203,-21.484,-41.504,-24.902,0.000
1728625424.747,-26.367,-35.645,-43.457,19.043,0.000
1728625424.751,-13.672,-46.387,-42.969,-28.809,0.000
1728625424.755,-15.137,-41.992,-43.945,-73.730,0.000
1728625424.759,-25.391,-44.434,-42.480,-51.270,0.000
1728625424.763,-34.180,-39.062,-47.852,-20.508,0.000
1728625424.767,-31.250,-30.273,-38.086,5.859,0.000
1728625424.771,-48.340,-37.598,-39.062,-42.969,0.000
1728625424.775,-29.297,-36.133,-41.016,-74.707,0.000
1728625424.779,-15.625,-40.039,-33.691,-54.199,0.000
1728625424.783,-56.641,-43.945,-39.062,-50.293,0.000
1728625424.787,-48.340,-36.621,-35.156,-7.812,0.000
1728625424.790,0.000,-41.992,-39.062,-22.461,0.000
1728625424.794,0.000,-40.039,-42.969,-64.453,0.000
1728625424.798,0.000,-33.691,-33.691,-52.246,0.000
1728625424.802,0.000,-35.156,-35.645,-25.391,0.000
1728625424.806,0.000,-38.574,-39.062,13.672,0.000
1728625424.810,0.000,-41.504,-38.086,-12.695,0.000
1728625424.814,0.000,-41.504,-41.504,-63.965,0.000
1728625424.818,0.000,-40.039,-38.574,-60.059,0.000
1728625424.822,0.000,-52.734,-35.156,-28.320,0.000
1728625424.826,0.000,-54.688,-37.109,10.254,0.000
1728625424.829,0.000,-39.551,-41.504,-19.043,0.000
1728625424.833,0.000,-36.133,-43.457,-65.430,0.000
1728625424.837,-26.855,-49.316,-44.922,-67.871,0.000
1728625424.841,-58.105,-49.805,-46.875,-46.875,0.000
1728625424.845,-44.434,-35.645,-43.457,-4.395,0.000
1728625424.849,-24.414,-37.598,-39.062,3.906,0.000
1728625424.853,-22.461,-39.551,-40.039,-50.293,0.000
1728625424.857,-7.324,-39.551,-43.457,-73.730,0.000
1728625424.861,-22.949,-38.574,-44.922,-48.828,0.000
1728625424.865,-29.297,-48.828,-39.062,-3.418,0.000
1728625424.869,-25.879,-53.223,-43.945,-4.883,0.000
1728625424.872,-37.109,-43.457,-44.434,-51.758,0.000
1728625424.876,-17.090,-35.645,-42.969,-60.547,0.000
1728625424.880,-32.227,-47.363,-46.875,-52.734,0.000
1728625424.884,-49.805,-47.363,-41.016,-15.137,0.000
1728625424.888,-37.598,-41.992,-29.785,3.906,0.000
1728625424.892,-39.551,-47.363,-29.297,-31.250,0.000
1728625424.896,-23.926,-41.504,-40.527,-60.059,0.000
1728625424.900,-34.668,-39.062,-40.039,-54.199,0.000
1728625424.904,-39.551,-37.598,-34.668,-4.395,0.000
1728625424.908,-29.297,-33.203,-33.203,18.555,0.000
1728625424.912,-29.785,-45.410,-36.133,-24.902,0.000
1728625424.915,-9.766,-46.875,-31.250,-58.594,0.000
1728625424.919,-35.156,-38.574,-29.297,-61.035,0.000
1728625424.923,-64.453,-36.621,-25.391,-35.645,0.000
1728625424.927,-32.227,-28.320,-21.973,5.371,0.000
1728625424.931,-45.410,-28.809,-47.363,-32.715,0.000
1728625424.935,-40.039,-53.711,-41.504,-84.961,0.000
1728625424.939,-38.574,-40.527,-29.297,-115.723,0.000
1728625424.943,-52.246,-20.020,-31.250,-61.035,0.000
1728625424.947,-22.461,-29.297,-37.109,26.367,0.000
1728625424.951,-66.895,-52.734,-6.348,-50.293,0.000
1728625424.955,-31.738,-49.805,-11.230,-81.543,0.000
1728625424.958,-62.988,-28.809,-11.230,-92.285,0.000
1728625424.962,-111.328,-25.879,-33.203,-79.590,0.000
1728625424.966,-30.273,-29.785,-40.527,0.000,0.000
1728625424.970,-44.434,-72.754,20.020,-35.645,0.000
1728625424.974,2.930,-45.898,-54.688,-20.996,0.000
1728625424.978,76.660,-42.480,-81.055,56.641,0.000
1728625424.982,-43.945,-2.930,-45.898,-3.418,0.000
1728625424.986,-191.895,61.035,-21.484,-120.605,0.000
1728625424.990,-67.383,-15.137,-54.199,-80.078,0.000
1728625424.994,-12.695,-30.273,-87.891,-58.105,0.000
1728625424.998,-27.344,-30.273,-62.500,-18.555,0.000
1728625425.001,-95.215,-31.738,-10.254,-79.590,0.000
1728625425.005,-240.234,-55.176,20.508,-177.246,0.000
1728625425.009,-122.070,-21.973,-62.500,-10.742,0.000
1728625425.013,5.371,-4.883,-89.355,-10.254,0.000
1728625425.017,19.043,-103.516,-26.367,-148.438,0.000
1728625425.021,144.043,-56.641,-120.117,104.004,0.000
1728625425.025,8.301,-35.645,-4.883,151.855,0.000
1728625425.029,-74.707,-120.117,31.250,-51.758,0.000
1728625425.033,-3.906,-50.293,-181.641,-51.758,0.000
1728625425.037,-5.859,-33.691,-123.047,70.801,0.000
1728625425.040,58.594,-81.055,-51.758,92.773,0.000
1728625425.044,-9.766,8.301,-53.223,23.438,0.000
1728625425.048,-0.977,-6.836,-80.078,48.828,0.000
1728625425.052,103.027,-117.676,-43.945,43.457,0.000
1728625425.056,77.637,-94.238,-44.434,25.879,0.000
1728625425.060,-0.488,-43.457,-58.594,-6.348,0.000
1728625425.064,31.738,-25.391,-38.086,88.379,0.000
1728625425.068,78.125,-50.781,-57.617,156.738,0.000
1728625425.072,8.789,-49.316,-66.406,55.176,0.000
1728625425.076,5.371,-55.664,-60.547,-21.973,0.000
1728625425.080,48.828,-71.777,-45.898,-12.207,0.000
1728625425.083,2.441,-47.852,-62.012,2.441,0.000
1728625425.087,-21.484,-28.320,-66.406,3.418,0.000
1728625425.091,12.207,-58.105,-77.637,44.434,0.000
1728625425.095,57.129,-78.125,-72.266,21.973,0.000
1728625425.099,3.418,-29.785,-57.617,-33.691,0.000
1728625425.103,-70.312,-32.227,-57.129,-35.645,0.000
1728625425.107,-66.895,-68.848,-44.922,54.199,0.000
1728625425.111,-6.836,-62.500,-63.477,30.273,0.000
1728625425.115,36.133,-51.270,-38.086,-58.105,0.000
1728625425.119,40.527,-38.086,-53.711,-13.184,0.000
1728625425.123,17.090,-45.410,-40.039,27.344,0.000
1728625425.126,-16.113,-38.086,-51.270,18.066,0.000
1728625425.130,-31.250,-61.035,-74.219,-20.508,0.000
1728625425.134,0.000,-48.340,-65.918,-19.531,0.000
1728625425.138,15.625,-18.066,-66.895,-26.855,0.000
1728625425.142,-59.570,-47.852,-26.367,-69.824,0.000
1728625425.146,-62.500,-35.645,-32.715,5.371,0.000
1728625425.150,-4.395,-45.898,-51.758,43.457,0.000
1728625425.154,18.555,-70.312,-55.664,-3.906,0.000
1728625425.158,8.301,-47.852,-58.594,-40.039,0.000
1728625425.162,-23.926,-55.664,-41.016,-38.574,0.000
1728625425.166,-25.879,-44.922,-40.527,23.926,0.000
1728625425.169,-26.855,-43.457,-41.992,12.207,0.000
1728625425.173,-14.648,-33.203,-37.109,-36.133,0.000
1728625425.177,-4.883,-24.414,-36.621,-31.738,0.000
1728625425.181,-27.832,-44.922,-33.203,-14.160,0.000
1728625425.185,-26.855,-42.480,-40.527,16.602,0.000
1728625425.189,-29.785,-45.410,-33.691,-11.719,0.000
1728625425.193,-28.809,-42.969,-38.574,-48.340,0.000
1728625425.197,5.859,-27.344,-56.152,-33.691,0.000
1728625425.201,-30.273,-24.902,-47.852,-24.902,0.000
1728625425.205,-29.785,-30.273,-37.109,21.484,0.000
1728625425.208,-23.438,-31.250,-38.574,8.301,0.000
1728625425.212,-28.320,-23.438,-38.574,-44.922,0.000
1728625425.216,-10.254,-21.973,-39.062,-42.480,0.000
1728625425.220,-32.715,-28.320,-47.363,-34.668,0.000
1728625425.224,-36.133,-35.156,-42.969,-0.977,0.000
1728625425.228,-40.527,-37.598,-45.410,-0.977,0.000
1728625425.232,-44.434,-38.086,-52.246,-52.734,0.000
1728625425.236,-21.973,-36.133,-42.480,-68.848,0.000
1728625425.240,-45.898,-38.574,-38.086,-52.734,0.000
1728625425.244,-51.758,-32.715,-36.133,-6.348,0.000
1728625425.248,-36.621,-18.066,-28.809,7.812,0.000
1728625425.251,-32.715,-22.461,-36.621,-50.781,0.000
1728625425.255,-18.555,-35.645,-45.898,-69.336,0.000
1728625425.259,-46.875,-41.992,-38.086,-48.828,0.000
1728625425.263,-52.246,-33.203,-26.367,-16.602,0.000
1728625425.267,-36.621,-25.391,-26.367,6.348,0.000
1728625425.271,-50.293,-36.133,-34.180,-36.621,0.000
1728625425.275,-29.785,-40.527,-34.668,-62.988,0.000
1728625425.279,-25.879,-34.668,-31.250,-46.387,0.000
1728625425.283,-48.340,-29.297,-29.785,-21.484,0.000
1728625425.287,-35.645,-36.133,-39.062,-5.859,0.000
1728625425.291,-40.527,-41.016,-44.434,-38.574,0.000
1728625425.294,-26.367,-34.180,-39.062,-73.730,0.000
1728625425.298,-35.156,-34.180,-35.645,-68.359,0.000
1728625425.302,-70.801,-42.480,-31.250,-30.273,0.000
1728625425.306,-53.711,-42.480,-25.879,2.930,0.000
1728625425.310,-44.922,-34.180,-31.250,-41.016,0.000
1728625425.314,-19.531,-41.016,-32.715,-72.266,0.000
1728625425.318,-13.672,-38.086,-34.668,-67.383,0.000
1728625425.322,-44.922,-26.855,-40.527,-53.711,0.000
1728625425.326,-41.504,-34.180,-37.598,-14.160,0.000
1728625425.330,-34.180,-36.621,-37.109,-29.785,0.000
1728625425.333,-19.531,-32.227,-41.016,-72.754,0.000
1728625425.337,-23.438,-35.156,-38.086,-78.125,0.000
1728625425.341,-46.387,-27.344,-30.273,-43.945,0.000
1728625425.345,-38.086,-26.367,-27.832,-2.930,0.000
1728625425.349,-41.016,-38.574,-31.250,-30.273,0.000
1728625425.353,-31.250,-31.250,-38.574,-77.637,0.000
1728625425.357,-16.602,-32.715,-36.133,-76.172,0.000
1728625425.361,-44.434,-37.598,-41.504,-59.082,0.000
1728625425.365,-44.922,-28.320,-42.969,-11.719,0.000
1728625425.369,-48.340,-24.414,-37.598,-20.508,0.000
1728625425.373,-26.367,-31.738,-42.969,-75.684,0.000
1728625425.376,-19.531,-39.551,-53.223,-85.449,0.000
1728625425.380,-54.688,-38.574,-49.805,-56.641,0.000
1728625425.384,-46.387,-41.016,-36.621,-7.812,0.000
1728625425.388,-48.828,-49.316,-35.156,-19.043,0.000
1728625425.392,-31.250,-45.898,-32.715,-62.012,0.000
1728625425.396,-8.789,-36.621,-31.738,-63.477,0.000
1728625425.400,-33.691,-40.039,-37.109,-57.129,0.000
1728625425.404,-33.203,-40.527,-28.320,-8.301,0.000
1728625425.408,-18.066,-35.645,-20.508,-3.418,0.000
1728625425.412,-19.043,-41.992,-25.391,-57.617,0.000
1728625425.415,-11.719,-42.969,-27.344,-66.895,0.000
1728625425.419,-35.156,-46.387,-29.785,-43.457,0.000
1728625425.423,-57.129,-47.363,-30.273,-1.465,0.000
1728625425.427,-55.176,-37.598,-25.879,0.000,0.000
1728625425.431,-50.781,-37.109,-27.832,-46.387,0.000
1728625425.435,-20.020,-40.527,-32.227,-55.176,0.000
1728625425.439,-38.086,-40.039,-38.086,-48.340,0.000
1728625425.443,-61.523,-42.480,-34.180,-18.555,0.000
1728625425.447,-40.039,-47.852,-30.762,3.906,0.000
1728625425.451,-46.387,-49.316,-38.574,-49.805,0.000
1728625425.454,-33.691,-43.457,-43.457,-87.891,0.000
1728625425.458,-32.715,-34.180,-42.480,-70.801,0.000
1728625425.462,-33.691,-32.227,-43.945,-26.367,0.000
1728625425.466,-26.367,-33.691,-42.480,-10.254,0.000
1728625425.470,-32.227,-30.273,-32.715,-42.480,0.000
1728625425.474,-13.184,-21.973,-34.180,-67.383,0.000
1728625425.478,-21.973,-30.762,-40.039,-62.500,0.000
1728625425.482,-37.598,-41.992,-38.086,-30.273,0.000
1728625425.486,-38.086,-41.016,-41.016,-8.301,0.000
1728625425.490,-55.664,-40.039,-47.363,-47.852,0.000
1728625425.494,-41.016,-39.551,-49.316,-78.125,0.000
1728625425.497,-29.297,-31.250,-44.434,-56.152,0.000
1728625425.501,-53.711,-17.578,-36.621,-19.531,0.000
1728625425.505,-45.898,-22.461,-30.273,-1.465,0.000
1728625425.509,-37.109,-42.969,-39.551,-41.016,0.000
1728625425.513,-27.344,-48.340,-44.922,-78.613,0.000
1728625425.517,-18.555,-38.574,-31.250,-63.965,0.000
1728625425.521,-33.691,-30.273,-27.344,-33.203,0.000
1728625425.525,-24.902,-38.086,-33.203,-1.465,0.000
1728625425.529,-39.062,-39.062,-40.039,-30.762,0.000
1728625425.533,-37.598,-35.156,-39.551,-61.035,0.000
1728625425.536,-21.484,-35.645,-35.156,-61.523,0.000
1728625425.540,-47.363,-38.574,-38.574,-45.898,0.000
1728625425.544,-54.688,-37.109,-33.691,12.207,0.000
1728625425.548,-62.012,-30.762,-35.156,-8.301,0.000
1728625425.552,-58.105,-32.715,-45.410,-74.219,0.000
1728625425.556,-28.320,-37.598,-41.504,-68.848,0.000
1728625425.560,-33.691,-30.273,-40.039,-44.434,0.000
1728625425.564,-46.387,-25.391,-37.598,-11.719,0.000
1728625425.568,-59.570,-33.203,-41.992,-30.273,0.000
1728625425.572,-57.129,-50.781,-50.781,-76.172,0.000
1728625425.576,-42.480,-45.410,-51.758,-65.430,0.000
1728625425.579,-48.340,-29.785,-42.480,-42.969,0.000
1728625425.583,-39.551,-24.414,-35.645,-2.441,0.000
1728625425.587,-40.527,-33.691,-47.363,3.906,0.000
1728625425.591,-40.039,-43.945,-55.176,-43.457,0.000
1728625425.595,-25.391,-40.039,-44.434,-67.383,0.000
1728625425.599,-38.086,-39.062,-41.016,-54.199,0.000
1728625425.603,-39.062,-29.785,-45.898,-9.766,0.000
1728625425.607,-26.855,-27.832,-41.016,0.488,0.000
1728625425.611,-24.414,-28.320,-43.457,-54.688,0.000
1728625425.615,-14.648,-34.668,-39.551,-58.594,0.000
1728625425.619,-32.227,-41.992,-37.598,-35.645,0.000
1728625425.622,-55.664,-34.180,-36.133,-24.902,0.000
1728625425.626,-47.363,-28.809,-28.320,-20.508,0.000
1728625425.630,-41.504,-36.133,-32.715,-59.570,0.000
1728625425.634,-16.113,-43.457,-40.039,-84.961,0.000
1728625425.638,-38.574,-40.527,-45.898,-74.707,0.000
1728625425.642,-58.594,-40.039,-40.527,-29.297,0.000
1728625425.646,-41.016,-37.109,-33.203,-1.465,0.000
1728625425.650,-41.992,-41.016,-41.992,-61.523,0.000
1728625425.654,-20.020,-41.504,-41.504,-84.961,0.000
1728625425.658,-37.109,-31.250,-28.809,-56.641,0.000
1728625425.662,-56.641,-39.062,-33.691,-20.508,0.000
1728625425.665,-52.734,-49.316,-38.574,1.465,0.000
1728625425.669,-55.664,-46.387,-40.039,-37.109,0.000
1728625425.673,-30.273,-42.969,-41.992,-62.500,0.000
1728625425.677,-32.227,-40.039,-41.016,-58.594,0.000
1728625425.681,-56.641,-46.387,-38.574,-8.301,0.000
1728625425.685,-37.598,-39.062,-36.133,18.066,0.000
1728625425.689,-35.156,-34.180,-43.457,-30.762,0.000
1728625425.693,-21.973,-36.621,-45.410,-56.641,0.000
1728625425.697,-20.996,-35.156,-47.852,-56.152,0.000
1728625425.701,-46.387,-30.762,-45.410,-28.809,0.000
1728625425.704,-33.691,-30.762,-35.645,3.418,0.000
1728625425.708,-35.156,-41.016,-41.016,-31.250,0.000
1728625425.712,-24.902,-36.133,-44.434,-60.547,0.000
1728625425.716,-14.648,-24.902,-43.945,-47.852,0.000
1728625425.720,-39.062,-28.320,-46.387,-14.648,0.000
1728625425.724,-28.320,-32.715,-44.434,21.973,0.000
1728625425.728,0.000,-37.598,-42.969,-13.672,0.000
1728625425.732,0.000,-41.504,-50.293,-70.801,0.000
1728625425.736,0.000,-40.527,-57.129,-66.406,0.000
1728625425.740,0.000,-34.180,-58.594,-45.410,0.000
1728625425.743,0.000,-27.344,-42.480,4.883,0.000
1728625425.747,0.000,-30.762,-37.109,6.348,0.000
1728625425.751,0.000,-37.598,-49.805,-47.852,0.000
1728625425.755,0.000,-38.574,-47.363,-61.523,0.000
1728625425.759,0.000,-41.016,-41.504,-44.434,0.000
1728625425.763,0.000,-36.621,-33.203,3.906,0.000
1728625425.767,0.000,-35.645,-37.109,-5.859,0.000
1728625425.771,0.000,-34.180,-47.852,-55.176,0.000
1728625425.775,-12.695,-40.527,-45.410,-61.523,0.000
1728625425.779,-37.598,-49.805,-41.016,-40.039,0.000
1728625425.783,-45.898,-39.062,-28.809,20.508,0.000
1728625425.786,-37.598,-40.527,-20.996,20.020,0.000
1728625425.790,-28.809,-43.457,-30.762,-43.457,0.000
1728625425.794,-12.695,-45.898,-41.504,-47.363,0.000
1728625425.798,-44.434,-47.852,-49.805,-28.320,0.000
1728625425.802,-42.480,-43.457,-44.434,0.000,0.000
1728625425.806,-15.625,-38.086,-36.621,11.230,0.000
1728625425.810,-33.691,-44.434,-48.340,-38.086,0.000
1728625425.814,-32.227,-48.340,-49.316,-65.918,0.000
1728625425.818,-41.504,-33.691,-44.922,-46.387,0.000
1728625425.822,-45.898,-21.484,-42.480,-20.508,0.000
1728625425.825,-29.297,-36.621,-39.062,-5.371,0.000
1728625425.829,-28.320,-52.734,-41.504,-34.668,0.000
1728625425.833,-13.184,-46.387,-39.551,-66.406,0.000
1728625425.837,-25.879,-41.016,-39.551,-46.875,0.000
1728625425.841,-36.621,-48.340,-38.574,-7.812,0.000
1728625425.845,-10.254,-42.480,-30.762,9.766,0.000
1728625425.849,-21.973,-31.738,-35.645,-38.086,0.000
1728625425.853,-15.625,-35.156,-37.109,-67.871,0.000
1728625425.857,-23.926,-42.969,-37.598,-54.199,0.000
1728625425.861,-40.039,-43.945,-40.039,-35.645,0.000
1728625425.864,-13.672,-32.227,-35.156,-3.906,0.000
1728625425.868,-20.508,-30.762,-39.062,-27.832,0.000
1728625425.872,-11.719,-37.598,-39.551,-64.453,0.000
1728625425.876,-18.555,-36.133,-35.645,-60.547,0.000
1728625425.880,-53.223,-34.180,-31.250,-16.602,0.000
1728625425.884,-39.551,-30.273,-26.367,21.484,0.000
1728625425.888,-35.156,-37.109,-36.133,-9.766,0.000
1728625425.892,-24.902,-49.316,-43.945,-57.617,0.000
1728625425.896,-27.344,-50.781,-42.480,-66.406,0.000
1728625425.900,-48.828,-48.340,-40.527,-30.762,0.000
1728625425.904,-25.391,-43.945,-35.645,20.996,0.000
1728625425.907,-18.555,-32.715,-32.715,3.418,0.000
1728625425.911,-13.672,-30.273,-36.133,-44.922,0.000
1728625425.915,-3.906,-44.922,-41.992,-53.223,0.000
1728625425.919,-35.156,-46.387,-41.016,-28.809,0.000
1728625425.923,-36.133,-32.227,-35.156,10.742,0.000
1728625425.927,-24.902,-42.480,-41.016,-7.324,0.000
1728625425.931,-9.277,-48.340,-41.992,-41.016,0.000
1728625425.935,3.418,-34.668,-45.410,-35.645,0.000
1728625425.939,-9.277,-29.297,-42.969,-12.207,0.000
1728625425.943,-19.531,-14.160,-32.227,24.902,0.000
1728625425.947,-37.598,-25.879,-41.504,-1.953,0.000
1728625425.950,-35.645,-49.805,-46.387,-58.594,0.000
1728625425.954,-25.879,-43.457,-44.922,-51.758,0.000
1728625425.958,-47.852,-37.598,-51.758,-30.273,0.000
1728625425.962,-43.457,-39.551,-50.293,3.906,0.000
1728625425.966,-33.203,-31.738,-41.504,4.883,0.000
1728625425.970,-32.715,-24.414,-36.133,-39.551,0.000
1728625425.974,-14.648,-41.016,-38.574,-54.688,0.000
1728625425.978,-32.715,-53.711,-40.527,-40.527,0.000
1728625425.982,-48.828,-42.480,-35.156,3.418,0.000
1728625425.986,-46.875,-38.574,-34.180,8.301,0.000
1728625425.990,-38.574,-48.340,-41.504,-47.363,0.000
1728625425.993,-16.602,-43.457,-37.598,-54.199,0.000
1728625425.997,-27.832,-32.715,-32.227,-45.898,0.000
1728625426.001,-29.785,-33.203,-32.715,-18.555,0.000
1728625426.005,-30.762,-32.715,-35.645,3.418,0.000
1728625426.009,-37.109,-37.109,-46.387,-43.945,0.000
1728625426.013,-9.277,-36.621,-44.434,-77.148,0.000
1728625426.017,-27.832,-38.086,-38.574,-64.453,0.000
1728625426.021,-40.527,-35.156,-37.598,-11.719,0.000
1728625426.025,-19.043,-23.926,-34.668,8.789,0.000
1728625426.029,-25.391,-28.320,-43.945,-46.387,0.000
1728625426.033,-18.066,-32.227,-41.016,-72.754,0.000
1728625426.036,-24.902,-38.574,-37.598,-53.711,0.000
1728625426.040,-41.504,-38.086,-45.410,-20.508,0.000
1728625426.044,-29.297,-33.691,-39.062,1.953,0.000
1728625426.048,-28.809,-41.992,-41.016,-31.250,0.000
1728625426.052,-20.020,-48.828,-41.992,-57.617,0.000
1728625426.056,-36.133,-47.363,-42.480,-51.758,0.000
1728625426.060,-52.734,-39.551,-37.598,-19.531,0.000
1728625426.064,-29.297,-42.480,-27.832,9.766,0.000
1728625426.068,-37.598,-52.246,-35.645,-29.297,0.000
1728625426.072,-24.902,-40.527,-39.551,-64.941,0.000
1728625426.075,-17.090,-32.227,-37.598,-61.035,0.000
1728625426.079,-35.156,-40.527,-33.203,-26.367,0.000
1728625426.083,-22.461,-47.852,-32.715,10.742,0.000
1728625426.087,-29.785,-45.410,-35.645,-28.809,0.000
1728625426.091,-20.996,-38.574,-35.645,-75.684,0.000
1728625426.095,-3.418,-31.250,-31.250,-63.477,0.000
1728625426.099,-26.367,-25.879,-28.320,-26.855,0.000
1728625426.103,-25.391,-26.367,-31.738,7.324,0.000
1728625426.107,-18.066,-31.738,-41.992,-16.602,0.000
1728625426.111,-12.207,-35.156,-41.504,-46.875,0.000
1728625426.115,-13.672,-38.086,-39.551,-48.828,0.000
1728625426.118,-48.340,-42.480,-37.109,-30.273,0.000
1728625426.122,-29.297,-34.180,-30.273,10.254,0.000
1728625426.126,-26.367,-31.738,-38.574,0.977,0.000
1728625426.130,-40.039,-35.645,-44.434,-41.504,0.000
1728625426.134,-24.414,-29.785,-38.086,-60.059,0.000
1728625426.138,-54.688,-34.668,-35.156,-43.457,0.000
1728625426.142,-58.594,-36.133,-35.156,1.465,0.000
1728625426.146,-50.781,-37.109,-39.062,-11.230,0.000
1728625426.150,-35.156,-42.969,-41.504,-59.570,0.000
1728625426.154,-12.695,-41.992,-40.039,-66.406,0.000
1728625426.157,-41.992,-41.992,-41.504,-50.781,0.000
1728625426.161,-43.457,-40.039,-33.691,5.859,0.000
1728625426.165,-44.922,-39.551,-34.180,5.859,0.000
1728625426.169,-43.457,-49.805,-45.898,-30.273,0.000
1728625426.173,-10.742,-54.199,-45.898,-35.645,0.000
1728625426.177,-46.875,-49.316,-40.039,-33.203,0.000
1728625426.181,-49.316,-41.504,-37.109,0.488,0.000
1728625426.185,-20.508,-37.109,-30.762,2.441,0.000
1728625426.189,-29.297,-40.039,-39.551,-48.340,0.000
1728625426.193,-6.348,-26.855,-37.598,-52.246,0.000
1728625426.196,-15.625,-19.531,-38.086,-26.855,0.000
1728625426.200,-35.645,-30.273,-46.387,5.371,0.000
1728625426.204,-28.809,-38.086,-37.598,7.324,0.000
1728625426.208,-31.250,-51.270,-41.504,-47.363,0.000
1728625426.212,-0.977,-45.898,-45.410,-59.570,0.000
1728625426.216,-25.391,-39.062,-44.434,-36.133,0.000
1728625426.220,-53.711,-40.039,-40.527,-5.371,0.000
1728625426.224,-31.250,-23.926,-36.133,8.789,0.000
1728625426.228,-30.762,-28.809,-42.969,-35.645,0.000
1728625426.232,-18.555,-43.457,-46.875,-57.129,0.000
1728625426.235,-27.344,-45.410,-40.527,-41.504,0.000
1728625426.239,-47.852,-35.156,-42.969,-24.902,0.000
1728625426.243,-41.992,-33.691,-42.480,-9.277,0.000
1728625426.247,-40.527,-46.875,-40.039,-44.434,0.000
1728625426.251,-20.020,-36.621,-39.551,-67.383,0.000
1728625426.255,-20.020,-28.320,-41.504,-64.941,0.000
1728625426.259,-51.270,-39.062,-43.945,-24.902,0.000
1728625426.263,-45.410,-45.410,-44.922,9.277,0.000
1728625426.267,-43.457,-46.875,-53.711,-38.086,0.000
1728625426.271,-27.832,-39.551,-48.828,-70.312,0.000
1728625426.275,-17.090,-43.457,-42.969,-67.871,0.000
1728625426.278,-39.062,-43.945,-47.363,-30.273,0.000
1728625426.282,-31.250,-22.461,-44.434,2.930,0.000
1728625426.286,-31.738,-31.738,-48.340,-35.645,0.000
1728625426.290,-32.715,-48.828,-53.711,-78.125,0.000
1728625426.294,-17.090,-46.875,-51.758,-77.148,0.000
1728625426.298,-31.250,-42.480,-48.828,-41.992,0.000
1728625426.302,-26.367,-37.109,-41.504,2.441,0.000
1728625426.306,-39.062,-45.898,-46.387,-19.043,0.000
1728625426.310,-45.898,-45.898,-58.105,-63.477,0.000
1728625426.314,-37.598,-38.574,-46.875,-61.035,0.000
1728625426.318,-60.059,-36.133,-40.527,-42.969,0.000
1728625426.321,-40.527,-30.762,-44.434,1.953,0.000
1728625426.325,-34.668,-39.062,-45.898,-8.789,0.000
1728625426.329,-31.250,-38.574,-47.852,-68.848,0.000
1728625426.333,-9.277,-34.180,-44.434,-57.129,0.000
1728625426.337,-42.480,-43.945,-42.969,-25.391,0.000
1728625426.341,-44.434,-42.969,-42.969,0.488,0.000
1728625426.345,-31.250,-38.574,-43.457,-11.719,0.000
1728625426.349,-23.926,-31.250,-43.945,-53.223,0.000
1728625426.353,-0.977,-28.320,-41.016,-59.082,0.000
1728625426.357,-29.297,-42.969,-41.504,-34.180,0.000
1728625426.361,-38.574,-41.016,-36.621,11.719,0.000
1728625426.364,-11.719,-37.598,-39.062,5.371,0.000
1728625426.368,-15.137,-41.016,-45.410,-43.945,0.000
1728625426.372,-17.090,-36.621,-38.086,-65.430,0.000
1728625426.376,-35.156,-36.133,-46.387,-60.547,0.000
1728625426.380,-39.062,-28.320,-43.945,-14.160,0.000
1728625426.384,-24.902,-26.855,-34.668,2.441,0.000
1728625426.388,-23.438,-33.203,-42.480,-46.387,0.000
1728625426.392,-11.230,-37.109,-41.992,-63.965,0.000
1728625426.396,-37.109,-38.574,-42.480,-43.945,0.000
1728625426.400,-52.246,-34.668,-39.551,0.000,0.000
1728625426.404,-40.039,-41.504,-32.715,10.742,0.000
1728625426.407,-27.832,-39.062,-42.480,-42.480,0.000
1728625426.411,-7.812,-35.645,-52.734,-58.594,0.000
1728625426.415,-25.391,-38.086,-53.223,-50.293,0.000
1728625426.419,-45.898,-30.762,-54.199,-25.391,0.000
1728625426.423,-32.715,-37.598,-49.805,10.254,0.000
1728625426.427,-32.715,-36.133,-48.340,-29.785,0.000
1728625426.431,-20.996,-33.203,-52.246,-62.988,0.000
1728625426.435,-29.297,-36.621,-51.758,-47.852,0.000
1728625426.439,-46.875,-40.527,-47.363,-22.461,0.000
1728625426.443,-38.574,-39.062,-42.480,0.000,0.000
1728625426.446,-32.715,-33.691,-44.434,-26.367,0.000
1728625426.450,-20.508,-30.762,-46.875,-55.176,0.000
1728625426.454,-39.062,-34.668,-49.316,-56.152,0.000
1728625426.458,-59.082,-44.434,-46.875,-19.531,0.000
1728625426.462,-41.504,-37.109,-41.992,20.508,0.000
1728625426.466,-39.551,-39.551,-45.410,-11.230,0.000
1728625426.470,-26.855,-46.387,-51.758,-46.387,0.000
1728625426.474,-21.484,-41.504,-47.852,-28.320,0.000
1728625426.478,-29.297,-31.250,-41.016,-4.883,0.000
1728625426.482,-1.465,-32.227,-40.527,17.090,0.000
1728625426.486,-13.672,-50.293,-47.363,-3.906,0.000
1728625426.489,-26.367,-49.316,-56.152,-60.059,0.000
1728625426.493,-13.672,-37.109,-58.594,-68.848,0.000
1728625426.497,-43.457,-43.457,-53.223,-42.480,0.000
1728625426.501,-49.805,-51.270,-46.387,8.301,0.000
1728625426.505,-44.434,-46.875,-50.293,-3.906,0.000
1728625426.509,-38.086,-37.109,-51.758,-60.059,0.000
1728625426.513,-19.531,-36.133,-43.945,-43.457,0.000
1728625426.517,-40.527,-44.922,-41.504,-11.719,0.000
1728625426.521,-41.016,-46.875,-38.086,12.207,0.000
1728625426.525,-28.809,-46.875,-42.969,-16.602,0.000
1728625426.528,-27.344,-51.270,-49.316,-65.918,0.000
1728625426.532,-7.812,-44.922,-49.316,-69.336,0.000
1728625426.536,-32.715,-40.039,-45.410,-45.898,0.000
1728625426.540,-44.434,-32.227,-36.621,-6.348,0.000
1728625426.544,-34.668,-32.715,-40.039,6.348,0.000
1728625426.548,-27.832,-42.480,-50.293,-38.086,0.000
1728625426.552,2.441,-32.227,-42.969,-56.641,0.000
1728625426.556,-26.367,-33.691,-43.457,-42.969,0.000
1728625426.560,-45.898,-50.781,-45.898,-1.465,0.000
1728625426.564,-26.367,-47.852,-41.504,11.719,0.000
1728625426.568,-24.414,-39.551,-46.875,-46.387,0.000
1728625426.571,-10.254,-39.062,-45.898,-74.707,0.000
1728625426.575,-28.320,-36.621,-46.387,-55.664,0.000
1728625426.579,-50.781,-36.133,-38.086,-18.066,0.000
1728625426.583,-37.598,-39.551,-34.668,-6.348,0.000
1728625426.587,-38.086,-42.480,-45.898,-48.340,0.000
1728625426.591,-27.832,-43.945,-49.805,-59.082,0.000
1728625426.595,-33.691,-41.992,-55.176,-52.734,0.000
1728625426.599,-46.387,-41.992,-51.270,-25.879,0.000
1728625426.603,-28.320,-35.645,-43.457,2.441,0.000
1728625426.607,-29.297,-40.039,-46.875,-30.762,0.000
1728625426.610,-32.715,-43.457,-40.039,-61.523,0.000
1728625426.614,-40.527,-41.016,-39.062,-56.152,0.000
1728625426.618,-43.457,-38.574,-40.039,-10.742,0.000
1728625426.622,-35.645,-33.203,-38.574,20.508,0.000
1728625426.626,-40.039,-39.062,-47.363,-35.156,0.000
1728625426.630,-15.625,-40.527,-52.734,-78.125,0.000
1728625426.634,-3.418,-38.574,-50.781,-64.453,0.000
1728625426.638,-22.461,-40.039,-50.293,-30.762,0.000
1728625426.642,-41.016,-35.156,-43.945,-3.906,0.000
1728625426.646,-61.035,-27.832,-42.480,-38.086,0.000
1728625426.650,-29.297,-28.809,-42.480,-60.547,0.000
1728625426.653,-13.672,-32.227,-38.086,-45.410,0.000
1728625426.657,-40.039,-36.133,-41.992,-18.066,0.000
1728625426.661,-31.250,-36.133,-40.527,7.324,0.000
1728625426.665,-32.715,-43.457,-42.969,-12.695,0.000
1728625426.669,-25.879,-46.387,-51.758,-48.828,0.000
1728625426.673,-16.113,-36.621,-47.363,-62.988,0.000
1728625426.677,-32.715,-32.227,-45.898,-40.039,0.000
1728625426.681,-33.691,-38.574,-45.410,2.930,0.000
1728625426.685,-39.551,-43.945,-43.457,-10.742,0.000
1728625426.689,-28.809,-41.504,-43.457,-52.734,0.000
1728625426.692,-11.719,-49.316,-43.945,-54.688,0.000
1728625426.696,-43.457,-55.176,-38.086,-20.508,0.000
1728625426.700,-34.668,-40.039,-24.902,8.789,0.000
1728625426.704,-27.832,-32.715,-30.273,-1.953,0.000
1728625426.708,-23.926,-36.621,-41.992,-43.945,0.000
1728625426.712,5.859,-41.504,-40.039,-55.176,0.000
1728625426.716,-25.391,-43.457,-38.086,-27.832,0.000
1728625426.720,-25.879,-32.715,-39.062,6.348,0.000
1728625426.724,-13.184,-29.785,-39.062,-8.301,0.000
1728625426.728,-27.344,-35.645,-43.945,-56.152,0.000
1728625426.732,-7.324,-41.992,-43.457,-69.336,0.000
1728625426.735,-30.273,-44.434,-40.527,-53.223,0.000
1728625426.739,-35.156,-39.551,-30.762,3.906,0.000
1728625426.743,-22.949,-37.598,-30.762,20.508,0.000
1728625426.747,-42.969,-46.387,-40.527,-41.504,0.000
1728625426.751,-30.762,-51.270,-37.598,-57.617,0.000
1728625426.755,-33.203,-48.340,-33.203,-33.691,0.000
1728625426.759,-41.992,-42.969,-33.203,4.395,0.000
1728625426.763,-33.691,-37.109,-24.902,9.766,0.000
1728625426.767,-31.250,-40.527,-26.367,-37.598,0.000
1728625426.771,-18.555,-46.387,-33.691,-63.477,0.000
1728625426.775,-41.016,-50.293,-38.086,-49.316,0.000
1728625426.778,-52.246,-42.969,-34.668,8.789,0.000
1728625426.782,-32.227,-31.738,-33.203,21.973,0.000
1728625426.786,-42.480,-41.992,-43.945,-33.203,0.000
1728625426.790,-20.508,-35.645,-42.969,-64.453,0.000
1728625426.794,-28.809,-33.203,-41.504,-69.824,0.000
1728625426.798,-42.969,-41.992,-39.062,-23.926,0.000
1728625426.802,-21.484,-33.203,-33.203,13.184,0.000
1728625426.806,-43.945,-35.156,-40.527,-29.785,0.000
1728625426.810,-25.391,-39.062,-45.410,-60.547,0.000
1728625426.814,-18.066,-44.434,-46.387,-57.129,0.000
1728625426.817,-42.969,-44.922,-38.574,-31.738,0.000
1728625426.821,-28.320,-32.715,-31.738,-1.953,0.000
1728625426.825,-32.227,-36.133,-44.434,-34.180,0.000
1728625426.829,-16.602,-40.039,-46.387,-70.801,0.000
1728625426.833,-14.648,-40.039,-45.898,-71.289,0.000
1728625426.837,-43.945,-39.551,-38.574,-40.039,0.000
1728625426.841,-37.109,-35.645,-27.832,-0.488,0.000
1728625426.845,-43.945,-38.574,-33.203,-17.578,0.000
1728625426.849,-30.273,-35.156,-34.180,-27.344,0.000
1728625426.853,-26.367,-27.344,-35.645,-43.457,0.000
1728625426.857,-47.363,-29.297,-29.785,-31.738,0.000
1728625426.860,-27.344,-27.832,-22.461,10.742,0.000
1728625426.864,-24.414,-29.785,-25.879,-12.207,0.000
1728625426.868,-22.949,-32.227,-29.785,-47.363,0.000
1728625426.872,-12.207,-36.621,-34.180,-56.641,0.000
1728625426.876,-41.992,-46.387,-34.668,-44.434,0.000
1728625426.880,-51.270,-41.016,-27.344,-8.301,0.000
1728625426.884,-46.387,-30.762,-29.297,-25.391,0.000
1728625426.888,-45.410,-29.785,-37.109,-62.988,0.000
1728625426.892,-30.762,-33.203,-36.133,-69.336,0.000
1728625426.896,-48.340,-30.273,-31.250,-41.992,0.000
1728625426.899,-47.363,-20.996,-21.484,11.230,0.000
1728625426.903,-41.504,-26.855,-31.250,-1.953,0.000
1728625426.907,-48.340,-39.062,-39.062,-49.316,0.000
1728625426.911,-25.391,-41.504,-37.598,-60.059,0.000
1728625426.915,-52.734,-43.457,-42.480,-59.570,0.000
1728625426.919,-52.734,-35.645,-35.645,-9.766,0.000
1728625426.923,-30.273,-30.273,-33.691,0.000,0.000
1728625426.927,-41.504,-27.832,-39.062,-63.477,0.000
1728625426.931,-30.762,-24.902,-31.738,-74.219,0.000
1728625426.935,-42.969,-32.715,-29.297,-49.316,0.000
1728625426.939,-55.176,-31.738,-33.203,-12.695,0.000
1728625426.942,-49.316,-25.879,-36.133,-4.395,0.000
1728625426.946,-39.551,-24.902,-41.504,-54.199,0.000
1728625426.950,-15.625,-31.738,-41.992,-60.059,0.000
1728625426.954,-24.414,-36.133,-43.457,-32.715,0.000
1728625426.958,-38.574,-36.133,-46.387,-8.789,0.000
1728625426.962,-32.715,-34.668,-46.387,-5.859,0.000
1728625426.966,-25.879,-32.715,-45.410,-39.062,0.000
1728625426.970,-16.113,-26.855,-39.062,-50.293,0.000
1728625426.974,-25.879,-20.508,-37.109,-54.199,0.000
1728625426.978,-27.344,-19.043,-39.062,-19.531,0.000
1728625426.981,-27.344,-25.879,-39.551,16.113,0.000
1728625426.985,-32.715,-30.273,-44.434,-34.180,0.000
1728625426.989,-12.207,-21.973,-41.016,-68.359,0.000
1728625426.993,-12.695,-25.879,-36.621,-60.547,0.000
1728625426.997,-16.602,-27.832,-32.227,-21.973,0.000
1728625427.001,-23.438,-23.438,-24.902,10.254,0.000
1728625427.005,-38.086,-32.227,-32.227,-33.691,0.000
1728625427.009,-12.695,-38.574,-37.598,-71.289,0.000
1728625427.013,-15.625,-35.156,-33.691,-58.105,0.000
1728625427.017,-40.527,-30.273,-25.879,-17.578,0.000
1728625427.021,-27.832,-33.691,-20.508,25.879,0.000
1728625427.024,-23.926,-41.016,-33.691,-15.625,0.000
1728625427.028,-17.578,-36.133,-39.062,-56.152,0.000
1728625427.032,-11.230,-26.367,-33.203,-42.480,0.000
1728625427.036,-22.949,-31.250,-39.062,-17.090,0.000
1728625427.040,-31.738,-32.715,-41.016,9.766,0.000
1728625427.044,-43.457,-34.180,-39.062,-15.137,0.000
1728625427.048,-32.227,-33.691,-40.527,-53.223,0.000
1728625427.052,-20.020,-30.762,-41.504,-47.852,0.000
1728625427.056,-39.551,-36.133,-40.527,-25.879,0.000
1728625427.060,-29.785,-36.621,-33.203,6.348,0.000
1728625427.064,-44.922,-41.016,-30.762,-14.160,0.000
1728625427.067,-42.969,-48.828,-38.574,-65.430,0.000
1728625427.071,-6.348,-49.805,-45.898,-58.594,0.000
1728625427.075,-38.086,-41.992,-46.387,-34.668,0.000
1728625427.079,-52.734,-32.715,-35.645,-0.977,0.000
1728625427.083,-41.016,-24.902,-37.109,-3.906,0.000
1728625427.087,0.000,-31.738,-45.410,-48.828,0.000
1728625427.091,0.000,-34.180,-39.551,-59.082,0.000
1728625427.095,0.000,-24.902,-34.180,-41.992,0.000
1728625427.099,0.000,-37.109,-34.668,9.766,0.000
1728625427.103,0.000,-41.992,-41.016,9.277,0.000
1728625427.106,0.000,-45.410,-46.387,-47.852,0.000
1728625427.110,0.000,-40.039,-39.551,-66.895,0.000
1728625427.114,0.000,-38.574,-35.156,-49.805,0.000
1728625427.118,0.000,-48.340,-28.320,0.488,0.000
1728625427.122,0.000,-35.645,-23.926,9.766,0.000
1728625427.126,0.000,-24.414,-34.668,-45.410,0.000
1728625427.130,0.000,-34.668,-38.574,-56.641,0.000
1728625427.134,-27.344,-41.016,-42.969,-42.480,0.000
1728625427.138,-43.457,-39.062,-35.645,-11.230,0.000
1728625427.142,-41.016,-34.668,-30.762,8.789,0.000
1728625427.146,-46.387,-40.527,-45.410,-41.016,0.000
1728625427.149,-26.367,-41.504,-47.363,-71.289,0.000
1728625427.153,-29.785,-29.297,-41.504,-45.898,0.000
1728625427.157,-41.504,-29.785,-39.551,-3.418,0.000
1728625427.161,-20.508,-42.969,-44.434,5.859,0.000
1728625427.165,-24.902,-45.410,-51.270,-33.203,0.000
1728625427.169,-11.230,-35.156,-47.363,-68.359,0.000
1728625427.173,-0.977,-40.527,-50.293,-64.453,0.000
1728625427.177,-25.879,-33.691,-48.340,-28.809,0.000
1728625427.181,-27.344,-22.949,-48.340,-3.906,0.000
1728625427.185,-18.555,-26.367,-56.641,-34.668,0.000
1728625427.188,4.883,-33.691,-52.246,-62.500,0.000
1728625427.192,-2.930,-35.645,-51.758,-48.828,0.000
1728625427.196,-25.391,-29.785,-44.434,-2.441,0.000
1728625427.200,-20.020,-31.250,-33.691,25.391,0.000
1728625427.204,-39.551,-36.133,-40.527,-22.461,0.000
1728625427.208,-28.809,-42.969,-41.016,-62.988,0.000
1728625427.212,-22.949,-36.133,-39.551,-56.152,0.000
1728625427.216,-41.992,-24.414,-37.598,-16.113,0.000
1728625427.220,-22.949,-21.973,-28.320,28.320,0.000
1728625427.224,-25.391,-30.273,-32.227,0.000,0.000
1728625427.228,-17.090,-33.691,-37.109,-62.500,0.000
1728625427.231,-7.812,-37.598,-36.133,-59.082,0.000
1728625427.235,-38.574,-39.062,-34.668,-26.855,0.000
1728625427.239,-34.180,-41.016,-37.598,3.418,0.000
1728625427.243,-26.367,-37.598,-42.480,-11.719,0.000
1728625427.247,-22.461,-35.156,-39.551,-48.340,0.000
1728625427.251,-8.301,-44.922,-37.598,-46.387,0.000
1728625427.255,-24.902,-39.551,-40.039,-30.273,0.000
1728625427.259,-42.480,-30.273,-34.668,0.000,0.000
1728625427.263,-44.922,-35.645,-35.645,-12.695,0.000
1728625427.267,-35.156,-37.598,-36.621,-53.711,0.000
1728625427.270,-24.414,-30.762,-34.180,-55.664,0.000
1728625427.274,-56.152,-38.086,-40.039,-57.129,0.000
1728625427.278,-54.199,-43.945,-36.621,-18.555,0.000
1728625427.282,-38.574,-41.016,-35.645,-19.531,0.000
1728625427.286,-26.367,-34.668,-39.062,-62.012,0.000
1728625427.290,-7.324,-33.203,-35.156,-60.059,0.000
1728625427.294,-48.340,-49.316,-44.434,-47.363,0.000
1728625427.298,-63.477,-52.246,-40.527,-2.441,0.000
1728625427.302,-37.598,-41.016,-32.227,-0.977,0.000
1728625427.306,-18.555,-33.203,-37.109,-54.688,0.000
1728625427.310,11.230,-33.203,-32.227,-64.453,0.000
1728625427.313,-18.066,-28.809,-24.414,-36.621,0.000
1728625427.317,-31.738,-20.996,-17.578,4.883,0.000
1728625427.321,-10.254,-26.367,-22.949,5.859,0.000
1728625427.325,-13.672,-34.180,-37.109,-39.551,0.000
1728625427.329,-0.977,-43.457,-42.969,-57.617,0.000
1728625427.333,-28.809,-43.457,-39.551,-47.852,0.000
1728625427.337,-45.410,-37.598,-34.668,-21.484,0.000
1728625427.341,-32.715,-41.504,-35.645,-6.348,0.000
1728625427.345,-35.156,-43.945,-38.086,-52.246,0.000
1728625427.349,-15.625,-30.273,-35.156,-72.266,0.000
1728625427.352,-21.973,-31.250,-35.645,-65.430,0.000
1728625427.356,-34.668,-48.340,-41.016,-29.297,0.000
1728625427.360,-41.504,-42.969,-43.457,-5.859,0.000
1728625427.364,-51.758,-31.250,-46.387,-41.016,0.000
1728625427.368,-22.461,-30.762,-37.598,-47.852,0.000
1728625427.372,-31.738,-35.645,-33.691,-42.480,0.000
1728625427.376,-59.570,-39.062,-29.785,-18.555,0.000
1728625427.380,-41.504,-34.180,-22.461,14.160,0.000
1728625427.384,-41.992,-41.504,-40.527,-20.020,0.000
1728625427.388,-27.344,-53.711,-52.246,-59.570,0.000
1728625427.392,-25.879,-56.152,-52.246,-62.500,0.000
1728625427.395,-41.504,-44.922,-47.852,-29.297,0.000
1728625427.399,-34.180,-25.879,-41.016,9.766,0.000
1728625427.403,-48.340,-32.227,-45.898,-27.832,0.000
1728625427.407,-28.320,-34.180,-48.340,-59.570,0.000
1728625427.411,-25.879,-30.762,-42.969,-45.410,0.000
1728625427.415,-49.805,-28.809,-36.621,-13.184,0.000
1728625427.419,-26.855,-24.414,-29.785,20.508,0.000
1728625427.423,-27.344,-28.320,-34.668,-24.902,0.000
1728625427.427,-26.855,-33.203,-42.480,-67.871,0.000
1728625427.431,-16.113,-31.738,-43.945,-62.988,0.000
1728625427.435,-20.020,-29.297,-41.992,-24.902,0.000
1728625427.438,-30.273,-28.320,-34.668,21.973,0.000
1728625427.442,-39.551,-26.855,-33.203,-10.254,0.000
1728625427.446,-17.090,-30.762,-38.574,-55.664,0.000
1728625427.450,-20.020,-30.273,-37.598,-50.293,0.000
1728625427.454,-56.152,-29.297,-35.156,-35.156,0.000
1728625427.458,-35.645,-33.203,-29.297,6.836,0.000
1728625427.462,-19.531,-43.945,-35.645,4.395,0.000
1728625427.466,-25.391,-46.875,-43.945,-45.410,0.000
1728625427.470,-17.090,-39.551,-32.715,-49.805,0.000
1728625427.474,-40.527,-38.574,-32.715,-26.855,0.000
1728625427.477,-41.016,-40.527,-31.738,14.648,0.000
1728625427.481,-21.973,-45.410,-29.785,11.719,0.000
1728625427.485,-9.766,-39.062,-41.504,-48.828,0.000
1728625427.489,3.906,-36.621,-37.598,-55.176,0.000
1728625427.493,-25.391,-44.434,-34.180,-29.297,0.000
1728625427.497,-42.969,-25.879,-34.668,2.930,0.000
1728625427.501,-25.879,-13.672,-27.344,18.066,0.000
1728625427.505,-16.602,-21.973,-32.715,-22.461,0.000
1728625427.509,-3.906,-28.809,-41.992,-50.781,0.000
1728625427.513,-22.949,-33.691,-41.504,-41.504,0.000
1728625427.517,-23.438,-30.762,-35.645,-0.977,0.000
1728625427.520,-15.625,-27.344,-31.738,14.160,0.000
1728625427.524,-27.832,-28.320,-34.180,-33.691,0.000
1728625427.528,-14.160,-31.738,-40.039,-58.594,0.000
1728625427.532,-26.367,-32.715,-42.969,-42.969,0.000
1728625427.536,-43.945,-36.621,-32.227,18.066,0.000
1728625427.540,-33.203,-39.551,-32.715,23.926,0.000
1728625427.544,-26.855,-44.434,-37.109,-38.086,0.000
1728625427.548,-10.254,-43.945,-33.691,-56.641,0.000
1728625427.552,-20.020,-45.410,-39.551,-50.781,0.000
1728625427.556,-39.551,-42.969,-38.086,-16.602,0.000
1728625427.560,-17.090,-31.250,-32.715,6.348,0.000
1728625427.563,-17.578,-42.480,-40.039,-36.133,0.000
1728625427.567,-18.555,-41.016,-40.039,-66.406,0.000
1728625427.571,-20.020,-30.762,-35.156,-45.410,0.000
1728625427.575,-31.250,-39.551,-35.645,-0.488,0.000
1728625427.579,-35.156,-41.992,-31.738,7.324,0.000
1728625427.583,-41.016,-43.945,-39.551,-43.945,0.000
1728625427.587,-18.555,-33.203,-41.992,-62.500,0.000
1728625427.591,-10.254,-28.809,-33.203,-55.664,0.000
1728625427.595,-31.250,-38.574,-29.785,-25.879,0.000
1728625427.599,-29.297,-32.715,-15.625,22.461,0.000
1728625427.602,-27.832,-33.691,-18.555,-9.277,0.000
1728625427.606,-14.160,-37.109,-33.691,-47.852,0.000
1728625427.610,-13.672,-41.992,-35.645,-41.992,0.000
1728625427.614,-36.133,-42.969,-35.156,-18.555,0.000
1728625427.618,-24.902,-36.621,-20.020,21.484,0.000
1728625427.622,-27.832,-38.574,-23.926,-3.906,0.000
1728625427.626,-15.625,-36.621,-36.621,-53.223,0.000
1728625427.630,-2.441,-24.414,-29.785,-56.152,0.000
1728625427.634,-29.297,-19.531,-25.391,-28.809,0.000
1728625427.638,-26.855,-25.879,-25.391,15.625,0.000
1728625427.642,-29.297,-41.992,-24.902,3.418,0.000
1728625427.645,-32.227,-41.504,-27.832,-42.969,0.000
1728625427.649,-8.301,-30.273,-29.785,-47.363,0.000
1728625427.653,-33.691,-34.668,-27.344,-20.020,0.000
1728625427.657,-32.715,-34.180,-26.367,17.090,0.000
1728625427.661,-12.695,-31.738,-26.367,8.301,0.000
1728625427.665,-9.766,-29.785,-33.203,-39.062,0.000
1728625427.669,-6.348,-37.598,-45.898,-43.457,0.000
1728625427.673,-33.203,-48.340,-45.410,-28.320,0.000
1728625427.677,-34.668,-31.738,-39.062,6.348,0.000
1728625427.681,-34.668,-26.367,-36.621,10.254,0.000
1728625427.684,-37.598,-33.203,-39.062,-44.434,0.000
1728625427.688,-18.555,-22.949,-38.086,-66.406,0.000
1728625427.692,-36.621,-19.531,-35.645,-45.898,0.000
1728625427.696,-40.039,-19.531,-29.297,5.371,0.000
1728625427.700,-28.320,-17.090,-27.832,9.277,0.000
1728625427.704,-30.762,-29.297,-32.715,-44.434,0.000
1728625427.708,-19.043,-46.875,-36.133,-57.129,0.000
1728625427.712,-46.387,-42.969,-40.527,-55.664,0.000
1728625427.716,-54.199,-39.062,-35.156,-17.578,0.000
1728625427.720,-48.828,-41.992,-33.203,-0.488,0.000
1728625427.724,-50.293,-31.250,-33.691,-41.992,0.000
1728625427.727,-16.113,-27.832,-32.715,-52.734,0.000
1728625427.731,-27.832,-49.805,-39.551,-59.082,0.000
1728625427.735,-51.270,-48.828,-35.645,-31.738,0.000
1728625427.739,-36.133,-38.574,-30.273,0.488,0.000
1728625427.743,-32.227,-46.875,-44.922,-37.598,0.000
1728625427.747,-22.461,-42.969,-46.387,-64.941,0.000
1728625427.751,-34.180,-33.691,-37.109,-47.363,0.000
1728625427.755,-59.570,-35.645,-32.715,-16.113,0.000
1728625427.759,-35.645,-33.691,-30.762,5.859,0.000
1728625427.763,-18.066,-37.109,-39.551,-33.203,0.000
1728625427.767,-15.137,-39.062,-43.457,-70.801,0.000
1728625427.770,-36.133,-43.457,-41.504,-59.082,0.000
1728625427.774,-46.875,-45.410,-41.016,-20.996,0.000
1728625427.778,-30.273,-44.922,-39.062,23.438,0.000
1728625427.782,-45.898,-38.574,-37.109,-16.602,0.000
1728625427.786,-9.277,-30.273,-39.551,-62.012,0.000
1728625427.790,-1.953,-37.109,-40.039,-57.129,0.000
1728625427.794,-47.363,-35.156,-37.109,-37.109,0.000
1728625427.798,-37.109,-29.785,-36.621,3.906,0.000
1728625427.802,-45.898,-45.410,-44.922,-29.785,0.000
1728625427.806,-40.039,-51.758,-46.387,-73.242,0.000
1728625427.810,-27.344,-41.016,-45.410,-68.359,0.000
1728625427.813,-48.828,-37.109,-43.945,-40.527,0.000
1728625427.817,-44.434,-30.273,-32.227,-0.488,0.000
1728625427.821,-35.645,-42.969,-35.645,-9.766,0.000
1728625427.825,-6.836,-42.969,-42.969,-48.828,0.000
1728625427.829,0.000,-21.484,-38.086,-52.246,0.000
1728625427.833,-43.945,-32.715,-32.227,-15.137,0.000
1728625427.837,0.000,-38.086,-25.879,28.809,0.000
1728625427.841,0.000,-32.715,-34.180,3.906,0.000
1728625427.845,0.000,-37.109,-39.062,-62.988,0.000
1728625427.849,0.000,-37.598,-37.598,-63.965,0.000
1728625427.853,0.000,-38.574,-41.504,-30.273,0.000
1728625427.856,0.000,-32.227,-32.715,9.766,0.000
1728625427.860,0.000,-28.809,-29.785,-2.441,0.000
1728625427.864,0.000,-38.086,-39.551,-53.711,0.000
1728625427.868,0.000,-44.434,-40.039,-50.293,0.000
1728625427.872,0.000,-32.715,-39.551,-39.551,0.000
1728625427.876,0.000,-17.578,-30.762,-2.930,0.000
1728625427.880,0.000,-22.949,-32.715,4.883,0.000
1728625427.884,-27.832,-36.133,-45.410,-52.734,0.000
1728625427.888,-1.953,-31.738,-41.504,-71.289,0.000
1728625427.892,-17.578,-27.344,-39.551,-50.293,0.000
1728625427.895,-24.414,-19.531,-32.227,-8.301,0.000
1728625427.899,-13.184,-17.090,-25.391,3.906,0.000
1728625427.903,-23.926,-30.762,-39.551,-47.363,0.000
1728625427.907,-4.395,-22.949,-47.852,-72.754,0.000
1728625427.911,-30.273,-26.855,-43.945,-53.711,0.000
1728625427.915,-58.105,-40.039,-37.109,-1.953,0.000
1728625427.919,-60.547,-32.715,-36.133,18.066,0.000
1728625427.923,-52.734,-33.203,-36.621,-22.949,0.000
1728625427.927,-12.695,-28.320,-32.227,-41.504,0.000
1728625427.931,-24.414,-30.762,-31.738,-27.344,0.000
1728625427.935,-41.504,-34.180,-31.738,6.348,0.000
1728625427.938,-32.715,-27.832,-33.691,18.555,0.000
1728625427.942,-33.691,-36.133,-39.551,-18.066,0.000
1728625427.946,-9.766,-38.086,-40.527,-38.086,0.000
1728625427.950,-15.137,-37.109,-38.086,-33.203,0.000
1728625427.954,-33.203,-36.133,-35.645,-10.742,0.000
1728625427.958,-15.625,-37.109,-43.457,12.695,0.000
1728625427.962,-28.809,-27.832,-41.504,-21.484,0.000
1728625427.966,-32.715,-26.367,-29.297,-48.828,0.000
1728625427.970,-21.973,-35.156,-40.527,-40.527,0.000
1728625427.974,-37.598,-41.504,-52.734,-20.996,0.000
1728625427.977,-32.715,-42.480,-44.434,8.301,0.000
1728625427.981,-24.414,-36.133,-49.316,-22.461,0.000
1728625427.985,-9.277,-36.621,-51.758,-64.941,0.000
1728625427.989,-22.949,-34.180,-39.551,-52.734,0.000
1728625427.993,-44.434,-27.832,-31.250,-13.672,0.000
1728625427.997,-25.879,-27.832,-27.832,20.996,0.000
1728625428.001,-32.715,-41.016,-39.551,-7.324,0.000
1728625428.005,-26.367,-43.945,-48.340,-50.293,0.000
1728625428.009,-15.137,-38.574,-46.875,-48.828,0.000
1728625428.013,-24.902,-35.156,-41.504,-21.484,0.000
1728625428.017,-28.809,-27.344,-33.691,11.719,0.000
1728625428.020,-37.598,-29.297,-41.016,-11.719,0.000
1728625428.024,-15.137,-29.785,-40.527,-50.781,0.000
1728625428.028,-7.324,-29.297,-37.598,-62.988,0.000
1728625428.032,-38.086,-36.621,-46.387,-42.480,0.000
1728625428.036,-42.480,-37.598,-36.621,10.742,0.000
1728625428.040,-44.922,-37.109,-36.621,-6.348,0.000
1728625428.044,-32.715,-41.504,-42.969,-56.152,0.000
1728625428.048,-10.254,-42.969,-44.922,-59.570,0.000
1728625428.052,-38.086,-41.016,-47.363,-49.316,0.000
1728625428.056,-41.992,-26.367,-37.109,-10.742,0.000
1728625428.059,-29.785,-23.438,-37.598,3.418,0.000
1728625428.063,-27.832,-34.180,-42.969,-36.621,0.000
1728625428.067,-18.555,-39.551,-40.527,-57.617,0.000
1728625428.071,-39.062,-34.668,-39.062,-57.129,0.000
1728625428.075,-38.086,-26.855,-32.715,-21.973,0.000
1728625428.079,-33.203,-37.109,-38.086,-12.695,0.000
1728625428.083,-25.879,-37.109,-42.480,-59.570,0.000
1728625428.087,-2.441,-31.738,-38.574,-72.754,0.000
1728625428.091,-30.273,-40.039,-40.039,-48.828,0.000
1728625428.095,-31.738,-39.551,-42.480,-14.160,0.000
1728625428.098,-21.484,-35.645,-42.969,-13.184,0.000
1728625428.102,-35.156,-37.598,-44.922,-50.293,0.000
1728625428.106,-20.996,-42.969,-46.387,-60.059,0.000
1728625428.110,-25.391,-41.992,-39.062,-55.664,0.000
1728625428.114,-30.762,-31.250,-29.297,-28.809,0.000
1728625428.118,-24.902,-31.738,-28.809,8.301,0.000
1728625428.122,-37.109,-37.598,-35.156,-33.203,0.000
1728625428.126,-23.438,-29.785,-37.109,-66.406,0.000
1728625428.130,-37.109,-26.855,-36.133,-62.012,0.000
1728625428.134,-43.457,-29.785,-35.645,-20.996,0.000
1728625428.138,-24.902,-32.715,-33.691,19.043,0.000
1728625428.141,-28.809,-35.156,-34.180,-28.320,0.000
1728625428.145,-10.742,-28.320,-33.691,-63.965,0.000
1728625428.149,-31.738,-33.691,-45.898,-59.082,0.000
1728625428.153,-52.734,-44.434,-45.410,-25.391,0.000
1728625428.157,-35.645,-37.598,-34.180,9.766,0.000
1728625428.161,-42.480,-31.738,-41.504,-26.855,0.000
1728625428.165,-39.062,-37.109,-51.758,-62.988,0.000
1728625428.169,-29.297,-39.062,-51.758,-41.992,0.000
1728625428.173,-49.805,-36.133,-43.457,-22.949,0.000
1728625428.177,-43.945,-29.297,-41.016,-1.953,0.000
1728625428.181,-35.645,-34.180,-48.340,-6.348,0.000
1728625428.184,-21.484,-42.969,-45.410,-41.504,0.000
1728625428.188,-10.254,-31.250,-45.410,-56.152,0.000
1728625428.192,-50.781,-30.273,-45.410,-40.039,0.000
1728625428.196,-38.574,-34.668,-40.039,2.930,0.000
1728625428.200,-31.250,-31.738,-41.992,-12.695,0.000
1728625428.204,-41.016,-31.250,-40.039,-59.082,0.000
1728625428.208,-33.203,-38.574,-37.598,-73.730,0.000
1728625428.212,-53.223,-42.480,-37.598,-46.387,0.000
1728625428.216,-51.270,-31.250,-33.203,13.184,0.000
1728625428.220,-51.270,-34.668,-33.691,-15.137,0.000
1728625428.224,-21.973,-41.504,-38.086,-59.570,0.000
1728625428.227,-5.859,-35.645,-36.133,-53.223,0.000
1728625428.231,-40.527,-41.992,-44.922,-36.133,0.000
1728625428.235,-27.832,-40.039,-41.992,8.789,0.000
1728625428.239,-6.348,-45.898,-35.645,4.395,0.000
1728625428.243,-19.043,-49.805,-45.410,-33.203,0.000
1728625428.247,-9.766,-23.926,-38.086,-43.945,0.000
1728625428.251,-29.785,-18.066,-31.250,-34.180,0.000
1728625428.255,-28.809,-24.414,-28.809,24.902,0.000
1728625428.259,-27.344,-33.203,-29.297,4.883,0.000
1728625428.263,-34.668,-37.598,-39.062,-52.734,0.000
1728625428.267,-10.742,-23.926,-48.340,-67.871,0.000
1728625428.270,-34.668,-38.574,-50.781,-63.965,0.000
1728625428.274,-62.988,-29.785,-35.156,-0.977,0.000
1728625428.278,-59.082,-22.461,-26.855,-1.465,0.000
1728625428.282,-45.410,-33.203,-44.434,-49.805,0.000
1728625428.286,-27.832,-39.551,-41.992,-42.480,0.000
1728625428.290,-47.363,-51.270,-41.992,-44.434,0.000
1728625428.294,-39.062,-43.945,-20.508,-45.410,0.000
1728625428.298,-6.348,-44.434,-8.789,-7.812,0.000
1728625428.302,-46.875,-45.898,-9.277,-52.246,0.000
1728625428.306,0.000,-50.293,-21.973,-78.125,0.000
1728625428.309,0.000,-18.555,-38.086,-56.152,0.000
1728625428.313,0.000,-28.809,-19.531,-24.902,0.000
1728625428.317,0.000,-30.762,-52.734,42.480,0.000
1728625428.321,0.000,-24.414,-26.855,-0.488,0.000
1728625428.325,0.000,-62.988,16.113,-100.098,0.000
1728625428.329,0.000,29.297,-26.367,-212.891,0.000
1728625428.333,0.000,59.082,-65.918,-187.012,0.000
1728625428.337,0.000,9.766,-96.191,-32.227,0.000
1728625428.341,0.000,-66.895,-83.496,88.867,0.000
1728625428.345,0.000,-83.008,-71.289,105.957,0.000
1728625428.349,0.000,-49.805,-36.621,-3.418,0.000
1728625428.352,-16.602,-81.543,36.621,-206.543,0.000
1728625428.356,-52.734,-48.828,-36.621,-177.734,0.000
1728625428.360,-94.727,52.734,-84.473,-101.562,0.000
1728625428.364,-5.859,8.301,-96.191,-66.406,0.000
1728625428.368,-18.066,-60.547,-60.547,41.504,0.000
1728625428.372,-48.828,-68.359,-50.781,16.602,0.000
1728625428.376,-163.574,-102.539,-58.105,57.129,0.000
1728625428.379,-189.941,-100.098,-3.418,100.586,0.000
1728625428.383,-57.617,-41.016,-71.289,26.367,0.000
1728625428.387,94.238,-17.090,-95.215,-16.602,0.000
1728625428.391,145.508,-60.059,-99.609,59.082,0.000
1728625428.395,34.180,-60.547,-96.191,64.453,0.000
1728625428.399,-61.523,-20.508,-45.410,18.066,0.000
1728625428.403,-42.480,-25.879,-64.941,-1.953,0.000
1728625428.407,81.055,-118.652,-52.246,31.738,0.000
1728625428.411,39.062,-54.199,-71.777,70.801,0.000
1728625428.415,-40.527,5.371,-37.109,56.152,0.000
1728625428.418,50.781,-68.359,-18.555,79.590,0.000
1728625428.422,91.797,-76.172,-82.031,37.598,0.000
1728625428.426,9.766,-61.523,-74.707,-23.926,0.000
1728625428.430,-7.324,-63.965,-80.566,-0.977,0.000
1728625428.434,41.016,-54.688,-64.453,98.145,0.000
1728625428.438,22.949,-45.410,-27.832,60.547,0.000
1728625428.442,-27.344,-76.172,-27.344,-36.133,0.000
1728625428.446,8.301,-34.180,-76.172,-22.949,0.000
1728625428.450,15.137,-35.645,-73.242,41.504,0.000
1728625428.454,10.254,-73.730,-48.828,89.355,0.000
1728625428.458,48.828,-31.250,-42.480,36.133,0.000
1728625428.461,17.090,-51.270,-12.695,-51.270,0.000
1728625428.465,35.645,-76.660,-19.043,-33.203,0.000
1728625428.469,-25.879,-13.672,-79.102,1.465,0.000
1728625428.473,-68.848,-13.672,-62.988,24.902,0.000
1728625428.477,-33.203,-37.598,-39.062,21.484,0.000
1728625428.481,-34.180,-44.922,-43.945,-25.391,0.000
1728625428.485,59.082,-59.082,-16.113,-1.953,0.000
1728625428.489,31.250,-5.859,-48.340,-4.883,0.000
1728625428.493,-19.531,-39.551,-49.805,15.137,0.000
1728625428.497,2.441,-61.035,-45.898,60.547,0.000
1728625428.501,-11.719,-50.293,-57.129,-2.930,0.000
1728625428.504,-4.883,-36.133,-41.504,-36.133,0.000
1728625428.508,-6.348,-40.527,-33.691,-20.020,0.000
1728625428.512,-33.691,-35.156,-40.527,-13.184,0.000
1728625428.516,-16.602,-37.109,-33.203,25.391,0.000
1728625428.520,-27.344,-42.969,-41.504,-5.371,0.000
1728625428.524,-5.371,-41.016,-50.781,-45.410,0.000
1728625428.528,9.277,-37.598,-42.480,-31.738,0.000
1728625428.532,-43.457,-30.273,-37.109,-10.742,0.000
1728625428.536,-33.203,-30.762,-37.598,8.789,0.000
1728625428.540,-33.203,-36.621,-45.410,-31.250,0.000
1728625428.544,-25.391,-36.133,-42.480,-66.406,0.000
1728625428.547,-20.508,-36.133,-45.898,-57.617,0.000
1728625428.551,-58.594,-42.480,-48.828,-24.414,0.000
1728625428.555,-47.852,-38.086,-35.156,19.531,0.000
1728625428.559,-36.133,-38.086,-42.969,-23.926,0.000
1728625428.563,-28.809,-43.457,-45.410,-66.895,0.000
1728625428.567,-18.555,-35.156,-32.227,-54.688,0.000
1728625428.571,-30.762,-35.645,-37.109,-23.926,0.000
1728625428.575,-17.090,-32.715,-31.250,13.672,0.000
1728625428.579,-24.902,-21.484,-26.367,-18.066,0.000
1728625428.583,-16.602,-29.297,-28.809,-50.781,0.000
1728625428.587,-8.789,-29.785,-32.227,-47.363,0.000
1728625428.590,-43.457,-28.809,-29.785,-31.250,0.000
1728625428.594,-35.645,-29.785,-18.066,8.789,0.000
1728625428.598,-39.551,-30.273,-28.809,-23.926,0.000
1728625428.602,-27.832,-28.320,-35.645,-72.266,0.000
1728625428.606,1.465,-19.531,-29.297,-60.547,0.000
1728625428.610,-27.832,-27.832,-38.086,-54.688,0.000
1728625428.614,-27.832,-32.227,-43.945,-30.273,0.000
1728625428.618,-31.738,-37.109,-42.969,-23.926,0.000
1728625428.622,-52.734,-37.598,-40.039,-67.383,0.000
1728625428.626,-38.574,-29.785,-37.598,-73.242,0.000
1728625428.629,-55.176,-37.109,-40.527,-60.547,0.000
1728625428.633,-52.734,-41.016,-36.133,-22.949,0.000
1728625428.637,-40.039,-40.039,-40.527,-18.066,0.000
1728625428.641,-44.434,-44.922,-48.828,-58.105,0.000
1728625428.645,-27.832,-46.387,-42.969,-65.430,0.000
1728625428.649,-38.086,-45.898,-37.109,-51.270,0.000
1728625428.653,-43.457,-33.203,-39.062,-17.578,0.000
1728625428.657,-39.551,-26.367,-36.621,-13.672,0.000
1728625428.661,-35.645,-42.480,-34.668,-50.293,0.000
1728625428.665,-16.113,-42.969,-31.738,-65.918,0.000
1728625428.669,-33.691,-39.062,-32.227,-68.848,0.000
1728625428.672,-52.734,-44.434,-27.344,-23.926,0.000
1728625428.676,-45.410,-46.875,-22.461,0.977,0.000
1728625428.680,-47.852,-49.316,-32.227,-41.016,0.000
1728625428.684,-33.691,-41.992,-39.062,-63.477,0.000
1728625428.688,-39.062,-42.969,-41.992,-50.781,0.000
1728625428.692,-56.152,-43.457,-34.668,-16.602,0.000
1728625428.696,-47.363,-34.180,-22.461,5.859,0.000
1728625428.700,-44.922,-37.598,-23.438,-28.320,0.000
1728625428.704,-24.902,-44.922,-28.320,-57.129,0.000
1728625428.708,-29.297,-43.945,-30.273,-48.828,0.000
1728625428.711,-38.574,-30.762,-28.809,-21.484,0.000
1728625428.715,-23.438,-31.250,-30.273,-8.301,0.000
1728625428.719,-21.973,-46.875,-40.039,-40.039,0.000
1728625428.723,-19.531,-38.086,-38.086,-65.918,0.000
1728625428.727,-35.645,-28.809,-37.109,-68.848,0.000
1728625428.731,-41.504,-39.551,-36.621,-36.621,0.000
1728625428.735,-26.855,-32.715,-34.180,-3.418,0.000
1728625428.739,-35.156,-24.414,-38.086,-42.480,0.000
1728625428.743,-29.785,-36.133,-32.715,-80.078,0.000
1728625428.747,-23.926,-42.480,-26.367,-68.359,0.000
1728625428.751,-42.969,-41.992,-29.785,-35.156,0.000
1728625428.754,-40.039,-38.574,-26.367,2.930,0.000
1728625428.758,-54.688,-35.156,-23.926,-20.020,0.000
1728625428.762,-49.316,-38.574,-31.250,-63.965,0.000
1728625428.766,-19.043,-35.156,-34.180,-70.312,0.000
1728625428.770,-36.133,-28.320,-32.715,-42.480,0.000
1728625428.774,-46.875,-32.227,-28.320,4.883,0.000
1728625428.778,-49.316,-38.086,-27.344,-17.578,0.000
1728625428.782,-34.668,-24.902,-31.250,-67.871,0.000
1728625428.786,-28.809,-30.273,-28.320,-65.430,0.000
1728625428.790,-45.898,-41.992,-21.973,-37.109,0.000
1728625428.793,-28.320,-30.273,-25.879,2.441,0.000
1728625428.797,-41.992,-35.156,-34.668,-17.090,0.000
1728625428.801,-51.270,-37.598,-38.086,-65.918,0.000
1728625428.805,-31.250,-27.832,-34.180,-73.242,0.000
1728625428.809,-36.133,-29.297,-29.785,-44.434,0.000
1728625428.813,-30.273,-25.879,-22.949,4.395,0.000
1728625428.817,-34.180,-22.461,-23.926,-14.648,0.000
1728625428.821,-39.062,-28.320,-39.062,-73.242,0.000
1728625428.825,-12.207,-31.738,-41.504,-73.730,0.000
1728625428.829,-21.973,-21.484,-41.016,-57.617,0.000
1728625428.832,-43.457,-15.137,-40.039,-25.391,0.000
1728625428.836,-38.574,-26.855,-33.203,-19.043,0.000
1728625428.840,-30.273,-42.969,-40.527,-57.617,0.000
1728625428.844,-14.160,-38.086,-41.504,-61.523,0.000
1728625428.848,-38.574,-26.367,-38.574,-52.246,0.000
1728625428.852,-60.547,-35.156,-44.434,-24.902,0.000
1728625428.856,-52.734,-41.016,-40.527,-10.742,0.000
1728625428.860,-68.848,-38.086,-38.574,-47.852,0.000
1728625428.864,-35.645,-29.297,-39.551,-65.918,0.000
1728625428.868,-24.414,-42.969,-42.480,-49.805,0.000
1728625428.872,-35.645,-41.016,-38.086,2.441,0.000
1728625428.875,-27.344,-29.297,-30.273,8.789,0.000
1728625428.879,-33.691,-40.039,-37.598,-46.387,0.000
1728625428.883,-22.461,-38.574,-37.598,-65.918,0.000
1728625428.887,-33.691,-34.180,-33.203,-53.711,0.000
1728625428.891,-51.758,-37.598,-32.715,-23.926,0.000
1728625428.895,-41.992,-36.621,-32.715,-2.930,0.000
1728625428.899,-46.875,-47.363,-38.574,-41.016,0.000
1728625428.903,-18.555,-46.875,-35.156,-67.871,0.000
1728625428.907,-15.137,-35.645,-30.273,-53.711,0.000
1728625428.911,-48.340,-42.480,-31.738,-19.531,0.000
1728625428.915,-36.133,-40.039,-25.391,16.602,0.000
1728625428.918,-32.715,-35.645,-26.855,-20.508,0.000
1728625428.922,-24.414,-39.551,-31.738,-61.035,0.000
1728625428.926,-37.109,-46.875,-31.738,-54.688,0.000
1728625428.930,-66.406,-54.199,-30.762,-30.273,0.000
1728625428.934,-49.316,-44.434,-29.297,4.883,0.000
1728625428.938,-37.598,-36.133,-31.738,-19.043,0.000
1728625428.942,-25.391,-37.109,-31.738,-61.035,0.000
1728625428.946,-25.391,-40.527,-32.715,-56.641,0.000
1728625428.950,-48.828,-36.133,-30.273,-20.996,0.000
1728625428.954,-45.410,-24.902,-22.949,10.742,0.000
1728625428.958,-33.691,-41.016,-35.156,-20.996,0.000
1728625428.961,0.000,-49.316,-43.457,-58.105,0.000
1728625428.965,0.000,-44.922,-40.039,-62.988,0.000
1728625428.969,0.000,-43.457,-40.039,-44.922,0.000
1728625428.973,0.000,-30.273,-36.621,13.184,0.000
1728625428.977,0.000,-28.320,-39.551,5.371,0.000
1728625428.981,0.000,-34.180,-44.434,-56.641,0.000
1728625428.985,0.000,-22.949,-38.574,-61.523,0.000
1728625428.989,0.000,-20.508,-44.434,-37.109,0.000
1728625428.993,0.000,-34.668,-47.852,6.836,0.000
1728625428.997,0.000,-35.645,-37.598,-1.465,0.000
1728625429.001,0.000,-31.738,-42.969,-48.340,0.000
1728625429.004,0.000,-38.574,-46.875,-43.457,0.000
1728625429.008,-35.156,-39.551,-40.527,-23.926,0.000
1728625429.012,-55.176,-32.227,-31.738,14.160,0.000
1728625429.016,-31.250,-29.785,-31.250,14.160,0.000
1728625429.020,-22.949,-27.344,-32.227,-36.133,0.000
1728625429.024,-11.719,-27.832,-31.738,-53.223,0.000
1728625429.028,-32.715,-42.480,-37.109,-44.922,0.000
1728625429.032,-39.551,-38.574,-36.133,-11.719,0.000
1728625429.036,-35.645,-42.969,-38.086,16.113,0.000
1728625429.040,-35.156,-49.316,-42.480,-32.227,0.000
1728625429.043,-9.277,-29.297,-37.109,-69.336,0.000
1728625429.047,-29.785,-37.109,-41.016,-62.988,0.000
1728625429.051,-43.457,-36.133,-32.715,-14.648,0.000
1728625429.055,0.000,-29.297,-30.762,15.625,0.000
1728625429.059,0.000,-43.945,-33.691,-31.250,0.000
1728625429.063,0.000,-51.270,-32.227,-61.035,0.000
1728625429.067,0.000,-52.246,-43.457,-66.406,0.000
1728625429.071,0.000,-49.316,-44.922,-34.180,0.000
1728625429.075,0.000,-43.457,-39.551,-2.441,0.000
1728625429.079,0.000,-34.180,-44.434,-39.551,0.000
1728625429.083,0.000,-28.809,-47.363,-63.965,0.000
1728625429.086,0.000,-28.809,-35.645,-45.410,0.000
1728625429.090,0.000,-21.484,-32.715,-21.484,0.000
1728625429.094,0.000,-25.879,-36.133,-0.977,0.000
1728625429.098,0.000,-41.504,-43.457,-29.785,0.000
1728625429.102,-41.016,-41.504,-46.387,-65.430,0.000
1728625429.106,-47.852,-38.574,-45.410,-67.383,0.000
1728625429.110,-21.484,-45.898,-42.969,-39.551,0.000
1728625429.113,-35.156,-35.645,-33.203,2.930,0.000
1728625429.117,-45.410,-32.715,-32.715,-32.715,0.000
1728625429.121,-35.156,-38.574,-41.504,-71.289,0.000
1728625429.125,-34.668,-41.504,-43.457,-53.711,0.000
1728625429.129,-8.301,-46.875,-39.551,-28.809,0.000
1728625429.133,-21.484,-37.598,-29.785,0.488,0.000
1728625429.137,-40.527,-36.621,-36.133,-21.484,0.000
1728625429.141,-25.879,-39.551,-44.434,-60.547,0.000
1728625429.145,-39.062,-37.109,-39.062,-47.852,0.000
1728625429.149,-34.180,-35.156,-37.109,-23.926,0.000
1728625429.152,-36.621,-36.133,-33.691,14.160,0.000
1728625429.156,-44.434,-33.691,-33.691,-11.719,0.000
1728625429.160,-40.527,-31.250,-35.645,-62.012,0.000
1728625429.164,-19.531,-41.992,-40.039,-58.105,0.000
1728625429.168,-40.527,-51.758,-46.387,-34.180,0.000
1728625429.172,-43.457,-43.945,-43.945,14.160,0.000
1728625429.176,-34.668,-30.762,-45.898,-4.883,0.000
1728625429.180,-28.320,-31.250,-47.852,-61.523,0.000
1728625429.184,-21.973,-36.621,-48.828,-70.312,0.000
1728625429.188,-59.082,-45.898,-49.805,-52.734,0.000
1728625429.192,-59.082,-36.621,-33.691,4.395,0.000
1728625429.196,-33.691,-21.484,-34.180,-2.441,0.000
1728625429.199,-34.180,-28.809,-44.922,-61.035,0.000
1728625429.203,-36.621,-32.227,-40.527,-69.336,0.000
1728625429.207,-45.410,-26.855,-38.086,-53.711,0.000
1728625429.211,-22.949,-26.367,-36.621,-6.836,0.000
1728625429.215,-25.391,-36.133,-45.410,4.395,0.000
1728625429.219,-46.875,-39.551,-51.270,-48.340,0.000
1728625429.223,-25.391,-30.762,-41.016,-65.430,0.000
1728625429.227,-38.086,-25.879,-38.086,-49.316,0.000
1728625429.231,-54.199,-23.438,-36.133,-16.602,0.000
1728625429.235,-42.969,-32.227,-30.273,4.395,0.000
1728625429.238,-30.762,-31.250,-38.574,-39.551,0.000
1728625429.242,-10.254,-39.551,-44.434,-61.523,0.000
1728625429.246,-37.598,-48.828,-35.645,-53.223,0.000
1728625429.250,-51.758,-38.086,-31.250,-25.391,0.000
1728625429.254,-27.832,-32.227,-37.598,-3.906,0.000
1728625429.258,-27.344,-34.180,-41.016,-43.945,0.000
1728625429.262,-17.090,-34.180,-35.156,-65.430,0.000
1728625429.266,-24.414,-38.574,-38.086,-55.176,0.000
1728625429.270,-42.480,-30.762,-38.086,-19.043,0.000
1728625429.274,-41.016,-30.762,-31.738,8.301,0.000
1728625429.278,-44.922,-44.434,-38.086,-26.367,0.000
1728625429.281,-36.133,-43.945,-40.527,-57.129,0.000
1728625429.285,-39.062,-38.574,-41.016,-64.941,0.000
1728625429.289,-44.922,-35.156,-37.109,-27.344,0.000
1728625429.293,-34.668,-26.855,-36.621,14.648,0.000
1728625429.297,-37.598,-29.785,-39.062,-22.461,0.000
1728625429.301,-23.926,-34.668,-35.156,-62.500,0.000
1728625429.305,-37.109,-36.133,-40.039,-54.199,0.000
1728625429.309,-56.641,-39.062,-44.434,-30.762,0.000
1728625429.313,-38.574,-39.062,-37.109,-2.930,0.000
1728625429.317,-39.062,-37.109,-38.086,-26.855,0.000
1728625429.321,-9.277,-41.016,-44.922,-53.223,0.000
1728625429.324,0.488,-32.715,-52.246,-49.316,0.000
1728625429.328,-33.203,-20.020,-44.434,-34.668,0.000
1728625429.332,-20.508,-24.902,-36.621,0.000,0.000
1728625429.336,-14.648,-26.367,-42.480,-26.367,0.000
1728625429.340,-18.555,-26.855,-45.410,-76.172,0.000
1728625429.344,-24.414,-29.297,-41.992,-75.684,0.000
1728625429.348,-58.105,-42.969,-40.039,-34.180,0.000
1728625429.352,-47.363,-40.527,-39.551,5.859,0.000
1728625429.356,-23.926,-33.691,-36.621,-6.348,0.000
1728625429.360,-23.926,-41.016,-41.016,-54.688,0.000
1728625429.364,-21.973,-39.551,-41.992,-55.664,0.000
1728625429.367,-41.016,-38.086,-43.945,-28.809,0.000
1728625429.371,-40.527,-37.109,-38.574,5.371,0.000
1728625429.375,-37.598,-38.086,-36.621,-0.488,0.000
1728625429.379,-40.527,-44.922,-46.387,-40.527,0.000
1728625429.383,-30.762,-42.480,-45.410,-44.922,0.000
1728625429.387,-37.109,-35.156,-35.645,-31.738,0.000
1728625429.391,-26.367,-34.180,-29.297,6.836,0.000
1728625429.395,-25.391,-34.668,-34.668,14.648,0.000
1728625429.399,-21.484,-37.109,-37.109,-33.203,0.000
1728625429.403,-6.836,-43.457,-35.645,-55.176,0.000
1728625429.407,-44.922,-47.363,-42.480,-51.758,0.000
1728625429.410,-44.434,-52.734,-42.969,-5.859,0.000
1728625429.414,-27.344,-44.434,-35.156,9.277,0.000
1728625429.418,-32.715,-33.691,-27.832,-37.109,0.000
1728625429.422,-11.230,-37.598,-29.297,-48.828,0.000
1728625429.426,-31.738,-31.250,-37.109,-44.434,0.000
1728625429.430,0.000,-34.668,-34.668,-5.371,0.000
1728625429.434,0.000,-43.945,-31.738,16.113,0.000
1728625429.438,0.000,-40.527,-36.621,-36.133,0.000
1728625429.442,0.000,-33.203,-36.621,-70.801,0.000
1728625429.446,0.000,-38.086,-36.133,-60.059,0.000
1728625429.449,0.000,-49.805,-37.109,-14.160,0.000
1728625429.453,0.000,-41.504,-34.668,18.066,0.000
1728625429.457,0.000,-36.621,-37.109,-18.555,0.000
1728625429.461,0.000,-31.250,-41.016,-61.035,0.000
1728625429.465,0.000,-26.367,-38.086,-62.988,0.000
1728625429.469,0.000,-42.480,-39.062,-18.555,0.000
1728625429.473,0.000,-41.016,-37.109,7.324,0.000
1728625429.477,-54.688,-41.992,-40.527,-40.039,0.000
1728625429.481,-28.320,-45.410,-40.039,-62.988,0.000
1728625429.485,-14.648,-36.133,-40.527,-47.363,0.000
1728625429.489,-49.316,-32.715,-42.969,-21.484,0.000
1728625429.492,-54.688,-31.250,-38.574,-1.953,0.000
1728625429.496,-36.133,-35.645,-41.016,-46.387,0.000
1728625429.500,-14.160,-43.945,-44.922,-70.312,0.000
1728625429.504,-13.672,-39.551,-46.875,-64.453,0.000
1728625429.508,-43.457,-32.715,-43.945,-45.410,0.000
1728625429.512,-37.109,-31.738,-39.062,-1.465,0.000
1728625429.516,-35.156,-31.250,-47.852,-31.250,0.000
1728625429.520,-16.602,-32.227,-55.176,-73.730,0.000
1728625429.524,-6.836,-36.621,-47.852,-63.965,0.000
1728625429.528,-37.109,-34.180,-41.016,-41.992,0.000
1728625429.531,-32.715,-23.438,-41.016,5.859,0.000
1728625429.535,-39.062,-33.691,-44.434,3.906,0.000
1728625429.539,-39.062,-45.410,-53.223,-59.570,0.000
1728625429.543,-11.230,-43.945,-54.688,-67.871,0.000
1728625429.547,-26.367,-40.039,-51.758,-32.227,0.000
1728625429.551,-22.461,-21.973,-36.133,7.812,0.000
1728625429.555,-15.625,-16.113,-39.062,0.000,0.000
1728625429.559,-23.438,-36.621,-52.734,-31.250,0.000
1728625429.563,-1.953,-41.016,-44.434,-39.062,0.000
1728625429.567,-20.996,-36.621,-42.969,-35.645,0.000
1728625429.570,-46.387,-37.598,-45.410,8.789,0.000
1728625429.574,-38.086,-40.039,-48.828,5.371,0.000
1728625429.578,-30.273,-38.086,-49.316,-38.574,0.000
1728625429.582,-21.973,-30.273,-41.504,-45.898,0.000
1728625429.586,-35.645,-30.762,-35.156,-29.297,0.000
1728625429.590,-23.438,-24.902,-31.250,8.301,0.000
1728625429.594,-23.438,-23.438,-36.133,3.906,0.000
1728625429.598,-24.414,-32.715,-46.387,-42.480,0.000
1728625429.602,-2.930,-35.645,-44.434,-47.852,0.000
1728625429.606,-22.949,-43.945,-45.410,-32.227,0.000
1728625429.610,-29.785,-38.574,-46.387,0.000,0.000
1728625429.613,-30.273,-25.391,-41.016,13.672,0.000
1728625429.617,-36.133,-33.691,-44.434,-31.738,0.000
1728625429.621,-15.137,-37.598,-44.922,-61.035,0.000
1728625429.625,-24.414,-33.691,-41.992,-51.758,0.000
1728625429.629,-34.180,-24.414,-33.203,-3.906,0.000
1728625429.633,-15.625,-21.484,-32.227,12.207,0.000
1728625429.637,-18.066,-31.738,-37.598,-37.598,0.000
1728625429.641,-8.789,-35.156,-38.086,-57.129,0.000
1728625429.645,-20.996,-37.598,-42.969,-48.828,0.000
1728625429.649,-42.969,-38.086,-39.062,-10.742,0.000
1728625429.653,-26.855,-33.203,-34.668,29.297,0.000
1728625429.656,-34.668,-35.156,-38.574,-24.414,0.000
1728625429.660,-19.531,-33.203,-40.039,-63.965,0.000
1728625429.664,-20.508,-38.086,-46.387,-47.852,0.000
1728625429.668,-43.945,-39.062,-43.945,-11.230,0.000
1728625429.672,-29.785,-37.109,-35.645,19.531,0.000
1728625429.676,-31.738,-45.898,-38.086,-22.949,0.000
1728625429.680,-23.926,-46.387,-43.457,-54.688,0.000
1728625429.684,-9.277,-41.016,-41.992,-40.527,0.000
1728625429.688,-30.762,-33.691,-32.227,-9.766,0.000
1728625429.692,-30.762,-27.832,-34.668,20.508,0.000
1728625429.696,-31.738,-38.086,-41.992,-16.113,0.000
1728625429.699,-17.090,-38.574,-41.504,-54.199,0.000
1728625429.703,-6.348,-20.996,-40.527,-58.105,0.000
1728625429.707,-35.645,-30.762,-40.527,-30.273,0.000
1728625429.711,-20.020,-38.574,-34.668,20.508,0.000
1728625429.715,-33.203,-36.621,-40.039,-10.742,0.000
1728625429.719,-45.898,-35.645,-42.480,-63.477,0.000
1728625429.723,-31.250,-37.598,-35.156,-51.270,0.000
1728625429.727,-35.645,-33.691,-39.062,-26.367,0.000
1728625429.731,-17.090,-22.949,-33.691,18.066,0.000
1728625429.735,-25.391,-24.902,-38.086,4.883,0.000
1728625429.739,-29.785,-32.715,-48.340,-47.852,0.000
1728625429.742,-18.555,-42.480,-48.828,-49.316,0.000
1728625429.746,-40.527,-39.062,-41.016,-31.738,0.000
1728625429.750,-36.133,-28.809,-32.715,13.184,0.000
1728625429.754,-30.273,-36.621,-39.062,16.602,0.000
1728625429.758,-40.527,-41.016,-41.504,-34.668,0.000
1728625429.762,-14.160,-36.133,-43.945,-61.523,0.000
1728625429.766,-16.113,-33.203,-47.363,-41.992,0.000
1728625429.770,-31.738,-37.598,-45.898,-5.859,0.000
1728625429.774,-40.527,-46.387,-44.434,-18.066,0.000
1728625429.778,-38.574,-44.434,-49.316,-54.688,0.000
1728625429.782,-11.719,-33.691,-47.363,-64.453,0.000
1728625429.785,-24.902,-39.062,-42.480,-26.367,0.000
1728625429.789,-35.645,-38.086,-37.598,16.602,0.000
1728625429.793,-20.996,-23.438,-34.180,-0.488,0.000
1728625429.797,-25.391,-30.273,-43.457,-46.387,0.000
1728625429.801,-8.301,-36.133,-41.992,-53.711,0.000
1728625429.805,-20.020,-31.738,-40.039,-35.645,0.000
1728625429.809,-41.992,-35.645,-40.039,0.977,0.000
1728625429.813,-18.555,-31.738,-37.109,15.137,0.000
1728625429.817,-20.020,-31.738,-40.039,-29.297,0.000
1728625429.821,-15.625,-39.062,-34.668,-42.480,0.000
1728625429.824,-22.461,-34.668,-32.715,-40.039,0.000
1728625429.828,-33.691,-35.156,-30.273,-8.301,0.000
1728625429.832,-27.344,-47.363,-30.273,18.555,0.000
1728625429.836,-32.227,-47.852,-39.062,-35.645,0.000
1728625429.840,-20.020,-50.781,-41.504,-62.012,0.000
1728625429.844,-28.320,-44.922,-40.039,-43.945,0.000
1728625429.848,-41.992,-38.086,-36.621,-19.531,0.000
1728625429.852,-29.785,-41.992,-38.086,8.301,0.000
1728625429.856,-42.480,-44.434,-44.922,-22.461,0.000
1728625429.860,-18.555,-39.062,-40.527,-55.176,0.000
1728625429.864,-27.344,-35.645,-37.598,-43.945,0.000
1728625429.867,-56.641,-42.480,-40.527,-4.395,0.000
1728625429.871,-30.762,-47.363,-41.504,9.766,0.000
1728625429.875,-25.391,-47.363,-48.340,-20.996,0.000
1728625429.879,-14.160,-44.922,-49.805,-49.316,0.000
1728625429.883,-16.602,-39.062,-39.551,-59.570,0.000
1728625429.887,-38.574,-36.133,-35.645,-17.090,0.000
1728625429.891,-33.203,-30.762,-31.250,24.414,0.000
1728625429.895,-41.992,-38.574,-32.715,-6.348,0.000
1728625429.899,-41.016,-50.781,-39.551,-42.480,0.000
1728625429.903,-32.227,-51.758,-43.945,-51.758,0.000
1728625429.906,-41.016,-44.922,-42.969,-36.133,0.000
1728625429.910,-32.715,-34.180,-33.203,10.254,0.000
1728625429.914,-11.230,-33.203,-37.109,-13.184,0.000
1728625429.918,-6.348,-47.363,-43.457,-54.688,0.000
1728625429.922,-19.531,-53.711,-49.805,-52.734,0.000
1728625429.926,-45.410,-44.922,-48.828,-32.715,0.000
1728625429.930,-42.480,-36.133,-39.062,7.812,0.000
1728625429.934,-36.133,-41.992,-36.133,-3.906,0.000
1728625429.938,-27.832,-44.922,-40.527,-45.410,0.000
1728625429.942,-15.625,-37.598,-42.969,-53.711,0.000
1728625429.945,-45.898,-39.062,-38.574,-39.062,0.000
1728625429.949,-39.062,-38.574,-32.227,0.000,0.000
1728625429.953,-24.414,-38.574,-36.621,-3.418,0.000
1728625429.957,-35.156,-39.062,-46.387,-62.500,0.000
1728625429.961,-17.090,-43.457,-52.246,-71.777,0.000
1728625429.965,-31.738,-57.617,-58.105,-42.969,0.000
1728625429.969,-63.477,-53.711,-47.852,-1.953,0.000
1728625429.973,-57.129,-34.180,-40.039,0.000,0.000
1728625429.977,-35.645,-28.320,-46.875,-44.434,0.000
1728625429.981,-3.418,-31.738,-41.016,-44.922,0.000
1728625429.984,-23.438,-34.668,-37.598,-41.992,0.000
1728625429.988,-36.133,-28.809,-32.227,-12.695,0.000
1728625429.992,-27.344,-29.297,-31.250,10.254,0.000
1728625429.996,-34.668,-41.504,-41.504,-42.969,0.000
1728625430.000,-29.297,-45.410,-41.016,-76.172,0.000
1728625430.004,-45.410,-37.109,-39.551,-48.828,0.000
1728625430.008,-40.527,-27.832,-35.645,-6.836,0.000
1728625430.012,-25.879,-32.715,-36.133,-6.348,0.000
1728625430.016,-36.133,-43.945,-43.945,-42.969,0.000
1728625430.020,-15.625,-33.691,-41.016,-67.383,0.000
1728625430.024,-21.484,-24.414,-36.133,-60.059,0.000
1728625430.028,-38.574,-35.645,-34.180,2.441,0.000
1728625430.031,-29.785,-38.574,-34.668,19.043,0.000
1728625430.035,-34.180,-41.992,-32.715,-33.203,0.000
1728625430.039,0.000,-41.016,-38.574,-47.363,0.000
1728625430.043,-5.371,-39.551,-49.316,-52.734,0.000
1728625430.047,-39.551,-50.293,-43.945,-25.879,0.000
1728625430.051,-13.672,-44.434,-40.039,6.836,0.000
1728625430.055,-4.883,-34.180,-41.504,-22.461,0.000
1728625430.059,5.859,-33.203,-43.457,-51.270,0.000
1728625430.063,-5.371,-34.668,-50.781,-54.199,0.000
1728625430.067,-40.527,-44.922,-48.340,-38.086,0.000
1728625430.071,-20.020,-48.828,-39.551,5.371,0.000
1728625430.074,-16.602,-40.039,-47.852,-22.461,0.000
1728625430.078,-20.020,-33.691,-51.758,-67.383,0.000
1728625430.082,-12.207,-28.320,-39.062,-62.500,0.000
1728625430.086,-33.203,-32.715,-34.668,-29.297,0.000
1728625430.090,-32.227,-33.691,-37.109,6.348,0.000
1728625430.094,-39.551,-31.738,-41.016,-21.484,0.000
1728625430.098,-34.180,-41.992,-46.875,-60.547,0.000
1728625430.102,-25.391,-46.387,-43.945,-48.340,0.000
1728625430.106,-44.922,-43.457,-35.645,-13.184,0.000
1728625430.110,-29.785,-32.715,-27.832,21.973,0.000
1728625430.113,-19.531,-39.551,-33.691,-5.371,0.000
1728625430.117,-30.273,-49.316,-40.039,-37.598,0.000
1728625430.121,-13.184,-33.203,-35.156,-37.109,0.000
1728625430.125,-22.461,-31.250,-35.645,-29.297,0.000
1728625430.129,-46.387,-35.156,-35.645,19.043,0.000
1728625430.133,-53.711,-44.922,-40.039,19.043,0.000
1728625430.137,-45.410,-52.246,-42.969,-39.062,0.000
1728625430.141,-18.555,-41.992,-41.016,-56.152,0.000
1728625430.145,-27.344,-41.504,-36.621,-41.016,0.000
1728625430.149,-24.902,-38.086,-31.250,0.000,0.000
1728625430.153,-19.531,-35.156,-38.574,3.418,0.000
1728625430.156,-24.902,-41.992,-44.922,-41.504,0.000
1728625430.160,-1.953,-48.828,-41.504,-54.199,0.000
1728625430.164,-30.273,-50.781,-40.527,-47.852,0.000
1728625430.168,-46.387,-34.180,-29.297,-1.465,0.000
1728625430.172,-23.438,-28.809,-31.250,26.367,0.000
1728625430.176,-22.949,-32.715,-41.016,-30.273,0.000
1728625430.180,-10.742,-26.367,-38.574,-50.293,0.000
1728625430.184,-28.809,-23.438,-33.691,-34.180,0.000
1728625430.188,-39.551,-31.738,-31.738,-10.254,0.000
1728625430.192,-32.227,-43.945,-35.156,-2.441,0.000
1728625430.195,-42.969,-49.805,-36.133,-36.621,0.000
1728625430.199,-9.766,-41.016,-32.227,-49.805,0.000
1728625430.203,-15.137,-33.691,-35.156,-42.969,0.000
1728625430.207,-40.039,-43.945,-40.039,0.488,0.000
1728625430.211,-27.344,-32.227,-29.785,26.367,0.000
1728625430.215,-30.762,-26.855,-28.809,-24.414,0.000
1728625430.219,-2.930,-38.574,-34.668,-50.293,0.000
1728625430.223,-15.137,-43.945,-36.621,-34.668,0.000
1728625430.227,-39.551,-44.922,-35.645,-8.789,0.000
1728625430.231,-14.160,-42.480,-36.621,12.695,0.000
1728625430.235,-20.020,-50.293,-45.898,-16.113,0.000
1728625430.238,-16.602,-45.898,-55.176,-51.270,0.000
1728625430.242,-6.348,-37.109,-44.434,-37.109,0.000
1728625430.246,-15.137,-35.645,-29.785,-8.789,0.000
1728625430.250,-21.973,-43.457,-32.715,6.836,0.000
1728625430.254,-49.805,-51.758,-44.434,-12.207,0.000
1728625430.258,-42.480,-44.922,-47.852,-57.617,0.000
1728625430.262,-20.508,-42.480,-44.922,-56.152,0.000
1728625430.266,-34.180,-41.504,-44.922,-21.484,0.000
1728625430.270,-25.879,-40.527,-39.062,7.324,0.000
1728625430.274,-24.414,-38.574,-38.086,-16.602,0.000
1728625430.277,-15.137,-34.180,-37.598,-52.246,0.000
1728625430.281,-11.230,-37.109,-41.504,-56.641,0.000
1728625430.285,-46.387,-39.062,-44.922,-38.574,0.000
1728625430.289,-29.785,-43.457,-37.109,7.812,0.000
1728625430.293,-15.625,-48.828,-38.574,-1.953,0.000
1728625430.297,-14.160,-57.129,-42.969,-51.758,0.000
1728625430.301,-6.348,-53.223,-45.410,-59.570,0.000
1728625430.305,-35.156,-36.133,-38.086,-33.203,0.000
1728625430.309,-28.809,-32.227,-26.367,14.648,0.000
1728625430.313,-21.484,-41.504,-29.785,12.207,0.000
1728625430.317,-16.602,-38.574,-42.480,-48.828,0.000
1728625430.320,-7.324,-35.645,-43.945,-55.664,0.000
1728625430.324,-24.902,-51.758,-38.574,-30.273,0.000
1728625430.328,-30.273,-51.270,-37.598,0.488,0.000
1728625430.332,-44.434,-36.621,-41.504,-2.930,0.000
1728625430.336,-28.320,-40.039,-46.875,-50.293,0.000
1728625430.340,9.766,-41.992,-45.898,-50.781,0.000
1728625430.344,-25.391,-36.133,-42.969,-28.809,0.000
1728625430.348,-40.527,-27.344,-37.109,1.953,0.000
1728625430.352,-30.273,-36.621,-37.109,3.418,0.000
1728625430.356,-29.785,-43.457,-44.434,-48.828,0.000
1728625430.359,-15.137,-38.574,-43.457,-60.059,0.000
1728625430.363,-38.086,-42.969,-38.574,-40.039,0.000
1728625430.367,-43.457,-33.691,-25.879,4.883,0.000
1728625430.371,-37.598,-28.320,-28.809,13.672,0.000
1728625430.375,-51.270,-38.574,-41.504,-46.387,0.000
1728625430.379,-20.020,-36.133,-43.457,-62.500,0.000
1728625430.383,-20.020,-35.156,-51.270,-39.062,0.000
1728625430.387,-39.062,-37.109,-47.363,-1.953,0.000
1728625430.391,-29.297,-33.691,-37.598,7.812,0.000
1728625430.395,-39.062,-30.762,-43.945,-32.715,0.000
1728625430.399,-14.648,-35.645,-47.363,-46.875,0.000
1728625430.402,-4.395,-32.715,-40.039,-40.039,0.000
1728625430.406,-37.598,-20.508,-43.457,-19.531,0.000
1728625430.410,-33.691,-27.832,-42.480,9.277,0.000
1728625430.414,-18.555,-37.109,-41.504,-33.691,0.000
1728625430.418,-6.836,-44.434,-45.898,-62.012,0.000
1728625430.422,-26.855,-38.574,-43.457,-55.664,0.000
1728625430.426,-40.527,-33.691,-49.805,-22.461,0.000
1728625430.430,-18.066,-37.109,-47.852,20.020,0.000
1728625430.434,-27.344,-37.109,-37.598,-5.371,0.000
1728625430.438,-11.719,-28.809,-38.574,-40.527,0.000
1728625430.442,-0.977,-33.691,-41.992,-42.969,0.000
1728625430.445,-29.785,-37.598,-44.434,-13.672,0.000
1728625430.449,-30.762,-24.902,-38.086,13.184,0.000
1728625430.453,-35.645,-28.320,-40.527,-26.367,0.000
1728625430.457,-23.438,-30.762,-45.898,-67.871,0.000
1728625430.461,-8.789,-33.203,-44.922,-60.547,0.000
1728625430.465,-30.762,-29.297,-41.992,-24.902,0.000
1728625430.469,-24.902,-24.414,-41.016,10.254,0.000
1728625430.473,-26.855,-39.551,-45.410,-11.719,0.000
1728625430.477,-20.996,-44.922,-46.875,-49.805,0.000
1728625430.481,-3.418,-40.039,-49.805,-53.711,0.000
1728625430.485,-28.809,-38.086,-47.363,-31.250,0.000
1728625430.488,-20.508,-28.320,-41.992,-0.488,0.000
1728625430.492,-14.160,-29.297,-44.434,-3.906,0.000
1728625430.496,-34.180,-28.809,-44.922,-52.246,0.000
1728625430.500,-30.273,-24.902,-44.434,-65.430,0.000
1728625430.504,-41.992,-37.109,-52.246,-38.574,0.000
1728625430.508,-41.504,-35.645,-52.734,-6.348,0.000
1728625430.512,-36.621,-27.832,-45.410,-23.438,0.000
1728625430.516,-21.484,-30.273,-42.480,-53.223,0.000
1728625430.520,7.324,-32.227,-42.480,-44.434,0.000
1728625430.524,-23.926,-35.645,-38.574,-33.203,0.000
1728625430.527,-25.391,-26.855,-32.715,10.742,0.000
1728625430.531,-20.020,-19.043,-37.598,8.301,0.000
1728625430.535,-26.367,-38.086,-46.387,-47.852,0.000
1728625430.539,-0.488,-43.457,-45.410,-62.012,0.000
1728625430.543,-22.461,-29.297,-42.969,-50.781,0.000
1728625430.547,-27.832,-29.785,-36.621,0.000,0.000
1728625430.551,-16.602,-26.855,-30.762,6.836,0.000
1728625430.555,-27.832,-27.344,-35.645,-47.363,0.000
1728625430.559,-25.391,-23.438,-37.109,-58.594,0.000
1728625430.563,-34.668,-30.762,-39.062,-48.828,0.000
1728625430.567,-57.129,-41.016,-43.457,-19.043,0.000
1728625430.570,-48.340,-38.086,-35.645,0.977,0.000
1728625430.574,-30.273,-44.922,-39.551,-37.598,0.000
1728625430.578,-13.672,-47.363,-45.898,-69.824,0.000
1728625430.582,-19.531,-41.992,-42.480,-52.246,0.000
1728625430.586,-30.762,-24.902,-29.297,2.441,0.000
1728625430.590,-20.508,-19.531,-21.973,32.715,0.000
1728625430.594,-42.480,-36.621,-34.668,-29.297,0.000
1728625430.598,-27.832,-36.133,-38.574,-79.102,0.000
1728625430.602,-25.391,-32.227,-37.598,-72.754,0.000
1728625430.606,-40.039,-35.645,-33.691,-17.090,0.000
1728625430.609,-21.973,-39.551,-25.879,25.879,0.000
1728625430.613,-23.926,-38.574,-30.273,-22.461,0.000
1728625430.617,-18.066,-33.203,-33.203,-55.176,0.000
1728625430.621,-35.645,-43.945,-36.621,-59.570,0.000
1728625430.625,-55.664,-58.594,-42.480,-33.203,0.000
1728625430.629,-39.062,-46.387,-35.645,10.742,0.000
1728625430.633,-41.016,-33.203,-37.598,-27.344,0.000
1728625430.637,-18.555,-37.598,-41.504,-64.941,0.000
1728625430.641,-15.625,-38.574,-38.086,-51.270,0.000
1728625430.645,-45.898,-32.715,-42.969,-22.461,0.000
1728625430.649,-34.668,-30.273,-37.598,16.113,0.000
1728625430.652,-30.762,-35.645,-37.598,-4.883,0.000
1728625430.656,-26.367,-36.133,-41.504,-44.922,0.000
1728625430.660,-15.625,-30.273,-37.109,-42.480,0.000
1728625430.664,-26.855,-28.809,-39.551,-28.809,0.000
1728625430.668,-33.203,-35.645,-34.668,10.742,0.000
1728625430.672,-41.016,-43.945,-34.668,1.465,0.000
1728625430.676,-31.738,-38.086,-32.715,-50.293,0.000
1728625430.680,-9.766,-20.508,-33.691,-61.035,0.000
1728625430.684,-31.250,-28.809,-40.527,-38.574,0.000
1728625430.688,-35.645,-39.062,-44.922,1.465,0.000
1728625430.691,-40.039,-38.574,-51.270,-11.230,0.000
1728625430.695,-37.598,-42.969,-46.387,-52.246,0.000
1728625430.699,-13.184,-38.086,-43.457,-58.105,0.000
1728625430.703,-38.086,-42.480,-41.992,-33.203,0.000
1728625430.707,-32.715,-34.668,-30.762,18.555,0.000
1728625430.711,-15.625,-26.855,-31.738,0.977,0.000
1728625430.715,-29.297,-44.434,-50.293,-53.223,0.000
1728625430.719,-18.555,-54.199,-55.664,-59.570,0.000
1728625430.723,-34.668,-38.574,-45.410,-56.152,0.000
1728625430.727,-42.969,-27.832,-36.621,-15.625,0.000
1728625430.730,-44.434,-36.621,-38.574,3.906,0.000
1728625430.734,-52.734,-44.922,-43.945,-44.922,0.000
1728625430.738,-24.902,-34.180,-35.645,-52.734,0.000
1728625430.742,-26.855,-22.949,-32.715,-25.879,0.000
1728625430.746,-36.621,-34.668,-33.691,1.465,0.000
1728625430.750,-33.203,-45.898,-34.668,4.883,0.000
1728625430.754,-34.180,-41.992,-40.039,-37.598,0.000
1728625430.758,-17.578,-41.992,-48.340,-52.734,0.000
1728625430.762,-29.785,-48.828,-53.711,-36.133,0.000
1728625430.766,-41.504,-42.480,-47.363,-14.648,0.000
1728625430.770,-33.691,-25.391,-43.457,-2.930,0.000
1728625430.774,-36.133,-28.809,-47.363,-35.645,0.000
1728625430.777,-7.324,-41.016,-48.828,-57.129,0.000
1728625430.781,-13.672,-43.457,-49.316,-47.852,0.000
1728625430.785,-14.648,-31.738,-42.480,-14.648,0.000
1728625430.789,7.812,-23.438,-39.062,17.578,0.000
1728625430.793,-12.207,-37.109,-43.457,-16.602,0.000
1728625430.797,-13.184,-38.574,-37.109,-55.176,0.000
1728625430.801,-25.879,-38.574,-41.992,-44.922,0.000
1728625430.805,-40.527,-39.062,-40.527,-8.789,0.000
1728625430.809,-28.809,-31.250,-34.668,15.137,0.000
1728625430.813,-41.504,-40.527,-43.457,-25.391,0.000
1728625430.817,-31.738,-43.945,-46.875,-70.312,0.000
1728625430.820,-13.672,-43.945,-50.781,-67.871,0.000
1728625430.824,-42.969,-40.039,-47.852,-21.973,0.000
1728625430.828,-42.480,-27.344,-37.109,24.902,0.000
1728625430.832,-43.945,-32.227,-37.109,-12.207,0.000
1728625430.836,-24.414,-34.668,-41.504,-67.383,0.000
1728625430.840,-8.789,-36.621,-44.922,-54.688,0.000
1728625430.844,-40.039,-38.574,-45.898,-25.391,0.000
1728625430.848,-30.273,-30.273,-39.551,4.883,0.000
1728625430.852,-31.738,-34.180,-44.922,-17.578,0.000
1728625430.856,-18.066,-43.457,-50.781,-64.453,0.000
1728625430.859,-10.254,-34.180,-42.969,-65.918,0.000
1728625430.863,-41.992,-30.273,-42.969,-41.992,0.000
1728625430.867,-30.762,-41.504,-41.504,14.648,0.000
1728625430.871,-40.527,-42.969,-42.480,-9.766,0.000
1728625430.875,-47.363,-42.969,-52.246,-78.613,0.000
1728625430.879,-24.414,-44.922,-48.340,-62.988,0.000
1728625430.883,-40.527,-47.852,-43.457,-37.598,0.000
1728625430.887,-40.527,-49.316,-41.016,3.906,0.000
1728625430.891,-27.344,-40.527,-35.645,-3.418,0.000
1728625430.895,-23.438,-45.898,-48.340,-72.266,0.000
1728625430.899,-9.277,-50.293,-56.641,-75.195,0.000
1728625430.902,-25.391,-50.781,-42.480,-38.574,0.000
1728625430.906,-23.438,-41.016,-37.109,-16.113,0.000
1728625430.910,-19.531,-36.621,-38.574,10.254,0.000
1728625430.914,-31.738,-50.293,-47.363,-22.949,0.000
1728625430.918,-21.973,-38.574,-49.316,-70.801,0.000
1728625430.922,-39.551,-30.273,-37.109,-59.082,0.000
1728625430.926,-41.016,-34.668,-31.738,3.418,0.000
1728625430.930,-23.926,-43.457,-33.203,2.930,0.000
1728625430.934,-20.508,-49.316,-39.551,-65.918,0.000
1728625430.938,-0.977,-47.852,-35.156,-49.316,0.000
1728625430.942,-33.691,-46.387,-36.133,-31.250,0.000
1728625430.945,-41.016,-36.621,-28.809,1.953,0.000
1728625430.949,-11.230,-32.227,-26.367,25.391,0.000
1728625430.953,-41.504,-42.969,-37.598,-12.207,0.000
1728625430.957,-36.621,-46.387,-34.180,-37.109,0.000
1728625430.961,-36.621,-45.898,-33.203,-38.574,0.000
1728625430.965,-40.527,-40.039,-38.086,1.465,0.000
1728625430.969,-24.902,-38.574,-46.875,12.695,0.000
1728625430.973,-20.996,-44.922,-53.223,-43.457,0.000
1728625430.977,0.488,-39.551,-42.480,-62.988,0.000
1728625430.981,-23.438,-28.809,-40.527,-49.805,0.000
1728625430.984,-50.293,-32.715,-43.457,-20.020,0.000
1728625430.988,-41.504,-38.086,-37.598,9.766,0.000
1728625430.992,-43.457,-41.992,-48.828,-35.156,0.000
1728625430.996,-14.648,-43.457,-57.129,-72.754,0.000
1728625431.000,-16.113,-44.434,-51.270,-55.176,0.000
1728625431.004,-32.715,-42.969,-48.828,-20.020,0.000
1728625431.008,-22.949,-39.062,-48.828,7.324,0.000
1728625431.012,-25.879,-40.527,-49.316,-18.066,0.000
1728625431.016,-16.602,-32.227,-45.898,-54.199,0.000
1728625431.020,-17.578,-34.180,-46.875,-54.688,0.000
1728625431.023,-27.832,-44.434,-50.293,-26.367,0.000
1728625431.027,-21.484,-41.504,-49.316,14.160,0.000
1728625431.031,-48.828,-37.109,-51.758,-20.996,0.000
1728625431.035,-39.062,-41.016,-46.387,-55.664,0.000
1728625431.039,-8.789,-34.180,-42.969,-48.828,0.000
1728625431.043,-33.691,-37.109,-42.480,-36.621,0.000
1728625431.047,-21.973,-42.480,-39.062,7.324,0.000
1728625431.051,-25.391,-36.621,-40.039,-14.648,0.000
1728625431.055,-22.461,-38.086,-35.645,-56.641,0.000
1728625431.059,-1.465,-40.039,-38.086,-50.781,0.000
1728625431.063,-23.438,-37.598,-37.109,-25.391,0.000
1728625431.066,-33.691,-26.855,-30.762,23.926,0.000
1728625431.070,-38.574,-33.691,-32.715,5.371,0.000
1728625431.074,-29.785,-40.039,-42.480,-51.758,0.000
1728625431.078,-4.883,-32.715,-37.598,-38.086,0.000
1728625431.082,-27.344,-28.320,-29.785,-11.719,0.000
1728625431.086,-46.875,-25.391,-35.156,3.906,0.000
1728625431.090,-46.875,-35.156,-42.969,2.441,0.000
1728625431.094,-39.551,-44.922,-44.922,-24.414,0.000
1728625431.098,-14.648,-39.551,-40.039,-42.969,0.000
1728625431.102,-19.043,-40.527,-40.039,-42.969,0.000
1728625431.105,-23.438,-43.945,-35.645,12.695,0.000
1728625431.109,-28.320,-35.645,-34.180,19.043,0.000
1728625431.113,-38.574,-36.621,-41.992,-45.410,0.000
1728625431.117,-20.020,-41.992,-42.480,-65.430,0.000
1728625431.121,-26.367,-30.273,-43.945,-58.594,0.000
1728625431.125,-38.086,-34.180,-40.039,-12.695,0.000
1728625431.129,-25.391,-41.504,-32.715,11.719,0.000
1728625431.133,-27.832,-36.133,-43.945,-38.086,0.000
1728625431.137,-1.465,-36.133,-44.922,-51.270,0.000
1728625431.141,-20.996,-37.109,-34.668,-38.086,0.000
1728625431.145,-46.875,-33.203,-29.297,-3.418,0.000
1728625431.148,-30.762,-27.344,-33.691,29.785,0.000
1728625431.152,-45.410,-34.180,-41.016,-10.254,0.000
1728625431.156,-29.785,-41.016,-36.133,-44.922,0.000
1728625431.160,-27.832,-46.387,-33.203,-46.387,0.000
1728625431.164,-41.992,-39.551,-35.645,-10.254,0.000
1728625431.168,-30.273,-31.250,-36.133,0.977,0.000
1728625431.172,-32.715,-28.809,-41.992,-48.340,0.000
1728625431.176,-17.578,-26.855,-47.363,-56.152,0.000
1728625431.180,-27.832,-39.062,-46.875,-45.898,0.000
1728625431.184,-48.340,-37.109,-45.410,-12.207,0.000
1728625431.188,-34.180,-26.855,-37.598,23.438,0.000
1728625431.191,-30.273,-24.902,-44.434,-26.855,0.000
1728625431.195,-16.602,-36.621,-56.152,-62.500,0.000
1728625431.199,-28.809,-44.922,-51.758,-49.316,0.000
1728625431.203,-45.898,-31.738,-36.621,-20.996,0.000
1728625431.207,-20.020,-29.785,-41.016,14.648,0.000
1728625431.211,-23.438,-32.227,-55.176,-21.973,0.000
1728625431.215,-30.273,-30.762,-45.898,-41.992,0.000
1728625431.219,-24.414,-28.809,-35.645,-28.809,0.000
1728625431.223,-41.992,-36.133,-42.969,-24.414,0.000
1728625431.227,-31.738,-29.785,-41.504,10.742,0.000
1728625431.231,-22.461,-23.926,-41.504,-0.488,0.000
1728625431.234,-18.066,-30.762,-46.387,-46.387,0.000
1728625431.238,-17.578,-34.668,-41.016,-53.711,0.000
1728625431.242,-36.133,-31.738,-43.457,-20.020,0.000
1728625431.246,-36.621,-31.250,-41.504,20.996,0.000
1728625431.250,-33.203,-34.180,-41.016,5.371,0.000
1728625431.254,-15.625,-36.621,-47.852,-50.293,0.000
1728625431.258,-5.371,-42.480,-45.410,-59.570,0.000
1728625431.262,-30.762,-40.527,-42.969,-35.156,0.000
1728625431.266,-32.715,-38.086,-35.156,6.836,0.000
1728625431.270,-33.691,-40.039,-30.762,13.184,0.000
1728625431.274,-29.297,-32.227,-34.668,-34.180,0.000
1728625431.277,-13.672,-39.062,-35.156,-48.340,0.000
1728625431.281,-34.180,-39.062,-34.180,-46.387,0.000
1728625431.285,-26.367,-37.598,-30.273,-0.977,0.000
1728625431.289,-20.508,-39.551,-28.809,22.949,0.000
1728625431.293,-27.832,-26.855,-29.785,-30.762,0.000
1728625431.297,-14.648,-32.227,-35.156,-59.082,0.000
1728625431.301,-40.527,-34.180,-38.574,-38.086,0.000
1728625431.305,-36.133,-27.832,-27.832,4.883,0.000
1728625431.309,-25.879,-24.902,-28.809,17.578,0.000
1728625431.313,-36.133,-38.086,-50.293,-42.969,0.000
1728625431.316,-6.836,-44.434,-54.199,-78.613,0.000
1728625431.320,-24.902,-43.457,-42.969,-57.129,0.000
1728625431.324,-30.762,-46.387,-40.527,-11.719,0.000
1728625431.328,-16.602,-35.156,-37.598,7.812,0.000
1728625431.332,-41.992,-42.969,-47.363,-47.363,0.000
1728625431.336,-20.508,-46.387,-55.664,-78.125,0.000
1728625431.340,-32.715,-37.598,-47.852,-55.664,0.000
1728625431.344,-49.805,-41.504,-42.480,-11.719,0.000
1728625431.348,-30.273,-47.363,-40.039,13.184,0.000
1728625431.352,0.000,-47.852,-42.480,-28.320,0.000
1728625431.356,0.000,-48.340,-41.504,-54.688,0.000
1728625431.359,0.000,-56.152,-39.551,-48.340,0.000
1728625431.363,0.000,-50.293,-42.969,-24.414,0.000
1728625431.367,0.000,-30.762,-37.598,0.977,0.000
1728625431.371,0.000,-31.738,-37.598,-30.762,0.000
1728625431.375,0.000,-41.992,-46.387,-47.852,0.000
1728625431.379,0.000,-40.527,-35.645,-41.016,0.000
1728625431.383,0.000,-37.598,-27.832,-21.484,0.000
1728625431.387,0.000,-34.668,-31.738,16.113,0.000
1728625431.391,0.000,-34.668,-37.109,-24.902,0.000
1728625431.395,0.000,-38.574,-45.898,-62.012,0.000
1728625431.398,-21.484,-41.992,-49.805,-45.898,0.000
1728625431.402,-43.457,-43.945,-53.711,-22.949,0.000
1728625431.406,-23.438,-35.645,-47.852,6.348,0.000
1728625431.410,-41.992,-41.504,-48.340,-25.879,0.000
1728625431.414,-46.875,-41.992,-50.293,-71.777,0.000
1728625431.418,-28.320,-35.156,-45.410,-62.988,0.000
1728625431.422,-58.594,-50.293,-50.781,-34.668,0.000
1728625431.426,-53.223,-43.457,-46.387,-3.418,0.000
1728625431.430,-56.641,-44.922,-45.410,-27.832,0.000
1728625431.434,-59.082,-56.641,-54.199,-80.078,0.000
1728625431.438,-38.086,-42.480,-48.828,-80.078,0.000
1728625431.441,-49.316,-37.598,-43.457,-52.246,0.000
1728625431.445,-42.969,-42.480,-44.922,-14.160,0.000
1728625431.449,-47.363,-39.551,-47.363,-13.184,0.000
1728625431.453,-28.809,-40.527,-45.410,-64.453,0.000
1728625431.457,-3.418,-41.016,-40.527,-74.707,0.000
1728625431.461,-46.875,-45.898,-43.457,-44.434,0.000
1728625431.465,-53.711,-54.688,-44.922,-3.906,0.000
1728625431.469,-40.039,-47.852,-45.898,-7.812,0.000
1728625431.473,-40.527,-40.039,-41.504,-53.223,0.000
1728625431.477,-22.461,-37.598,-34.668,-53.223,0.000
1728625431.480,-44.434,-37.109,-41.504,-43.457,0.000
1728625431.484,-60.059,-34.668,-49.316,-14.648,0.000
1728625431.488,-48.340,-40.039,-40.039,5.859,0.000
1728625431.492,-26.367,-42.969,-43.945,-35.645,0.000
1728625431.496,8.301,-24.414,-42.969,-51.270,0.000
1728625431.500,-20.508,-23.438,-38.574,-36.621,0.000
1728625431.504,-48.340,-39.551,-41.504,-5.371,0.000
1728625431.508,-39.062,-41.504,-49.805,-1.465,0.000
1728625431.512,-29.297,-42.480,-62.500,-47.363,0.000
1728625431.516,-10.742,-40.039,-53.223,-75.195,0.000
1728625431.520,-9.277,-28.320,-42.480,-62.500,0.000
1728625431.523,-6.348,-28.320,-37.109,-2.441,0.000
1728625431.527,0.000,-39.062,-37.109,14.160,0.000
1728625431.531,-25.391,-37.109,-43.945,-47.363,0.000
1728625431.535,-21.484,-37.109,-45.410,-65.918,0.000
1728625431.539,-35.645,-54.688,-52.246,-58.105,0.000
1728625431.543,-60.547,-52.734,-45.898,-18.555,0.000
1728625431.547,-42.969,-34.668,-36.621,16.602,0.000
1728625431.551,-33.203,-34.180,-43.945,-26.855,0.000
1728625431.555,-11.719,-36.621,-41.992,-61.035,0.000
1728625431.559,-14.160,-37.598,-40.527,-56.641,0.000
1728625431.563,-42.480,-42.969,-40.527,-29.785,0.000
1728625431.566,-29.297,-30.762,-37.598,-2.441,0.000
1728625431.570,-34.180,-41.992,-47.363,-27.344,0.000
1728625431.574,-26.367,-45.898,-52.734,-62.500,0.000
1728625431.578,-29.297,-37.598,-43.457,-53.223,0.000
1728625431.582,-51.270,-41.016,-43.457,-13.184,0.000
1728625431.586,-32.227,-34.180,-44.922,27.832,0.000
1728625431.590,-36.133,-40.527,-39.062,2.930,0.000
1728625431.594,-35.645,-44.922,-38.086,-41.504,0.000
1728625431.598,-30.273,-47.852,-41.016,-42.480,0.000
1728625431.602,-42.969,-50.293,-36.621,-8.789,0.000
1728625431.606,-20.508,-38.086,-36.621,17.090,0.000
1728625431.609,-23.438,-38.086,-47.852,-27.832,0.000
1728625431.613,-18.555,-42.969,-44.922,-64.941,0.000
1728625431.617,-10.254,-41.504,-36.621,-61.035,0.000
1728625431.621,-48.340,-41.016,-37.109,-41.016,0.000
1728625431.625,-48.340,-32.715,-36.621,5.371,0.000
1728625431.629,-34.180,-41.016,-42.969,-10.254,0.000
1728625431.633,-27.832,-49.805,-42.969,-59.082,0.000
1728625431.637,-30.762,-50.781,-37.598,-59.082,0.000
1728625431.641,-51.758,-47.852,-37.109,-35.645,0.000
1728625431.645,-28.809,-38.574,-28.320,5.859,0.000
1728625431.649,-30.273,-43.945,-31.738,9.766,0.000
1728625431.652,-47.363,-36.133,-52.246,-41.992,0.000
1728625431.656,-24.902,-41.992,-45.898,-55.664,0.000
1728625431.660,-37.109,-57.129,-39.551,-22.949,0.000
1728625431.664,-38.574,-32.227,-38.574,26.855,0.000
1728625431.668,-34.668,-15.137,-34.180,4.883,0.000
1728625431.672,-40.039,-29.785,-41.992,-42.480,0.000
1728625431.676,-13.184,-29.297,-38.086,-42.480,0.000
1728625431.680,-4.883,-23.926,-34.180,-36.133,0.000
1728625431.684,-18.066,-25.879,-35.645,3.906,0.000
1728625431.688,-27.832,1.465,-52.246,-7.324,0.000
1728625431.691,-37.598,-4.883,-62.012,-59.570,0.000
1728625431.695,-3.418,-50.293,-36.621,-64.453,0.000
1728625431.699,-7.324,-45.898,-44.922,-49.805,0.000
1728625431.703,-22.461,-31.738,-55.664,-23.438,0.000
1728625431.707,-36.621,-41.016,-44.434,-4.883,0.000
1728625431.711,-53.711,-43.945,-43.457,-37.598,0.000
1728625431.715,-17.090,-51.758,-31.250,-56.641,0.000
1728625431.719,-26.367,-38.086,-30.273,-56.152,0.000
1728625431.723,-50.781,-4.883,-41.016,-12.695,0.000
1728625431.727,-4.883,-39.062,-26.855,31.250,0.000
1728625431.731,-107.910,-58.105,18.066,-139.160,0.000
1728625431.734,-176.270,-6.836,-5.859,-226.562,0.000
1728625431.738,-37.109,-69.336,-3.418,-121.094,0.000
1728625431.742,-70.801,-37.598,-10.742,-75.684,0.000
1728625431.746,-72.266,27.832,-102.051,-23.926,0.000
1728625431.750,45.410,-73.730,-93.262,65.430,0.000
1728625431.754,117.676,-73.242,-71.289,88.867,0.000
1728625431.758,91.309,-71.777,-71.777,43.945,0.000
1728625431.762,-19.531,-24.414,-77.637,8.789,0.000
1728625431.766,-264.648,26.367,-32.715,-207.031,0.000
1728625431.770,-451.660,44.434,9.277,-417.969,0.000
1728625431.773,-253.906,-16.113,16.113,-272.461,0.000
1728625431.777,-53.711,-53.223,-68.359,-114.746,0.000
1728625431.781,-40.527,-38.086,-100.586,37.598,0.000
1728625431.785,157.227,-114.746,-70.801,229.492,0.000
1728625431.789,134.766,-79.102,-98.145,116.699,0.000
1728625431.793,12.695,-46.387,-85.449,22.949,0.000
1728625431.797,19.043,-25.879,-77.637,68.848,0.000
1728625431.801,-37.109,-27.344,-82.031,-22.949,0.000
1728625431.805,8.301,-86.426,-1.953,12.695,0.000
1728625431.809,88.867,-57.617,-61.523,160.156,0.000
1728625431.813,10.254,-15.137,-93.262,70.801,0.000
1728625431.816,32.227,-50.293,9.277,-9.277,0.000
1728625431.820,114.258,-90.820,-18.066,50.781,0.000
1728625431.824,-20.508,-28.320,-98.633,20.508,0.000
1728625431.828,-25.879,-27.832,-98.633,74.219,0.000
1728625431.832,87.402,-71.777,-30.273,95.703,0.000
1728625431.836,80.566,-50.781,-42.480,51.758,0.000
1728625431.840,76.660,-79.102,-63.965,107.910,0.000
1728625431.844,42.969,-65.918,-33.203,69.824,0.000
1728625431.848,25.879,-60.547,-51.758,23.926,0.000
1728625431.852,44.922,-84.961,-48.828,20.996,0.000
1728625431.855,58.105,-49.805,-51.758,-4.395,0.000
1728625431.859,-37.109,-26.367,-58.594,-40.039,0.000
1728625431.863,-10.254,-58.105,-47.852,21.973,0.000
1728625431.867,0.000,-62.500,-47.852,54.199,0.000
1728625431.871,0.000,-50.293,-54.688,-17.090,0.000
1728625431.875,0.000,-45.898,-46.387,-53.223,0.000
1728625431.879,0.000,-53.223,-62.500,2.441,0.000
1728625431.883,0.000,-59.570,-56.152,60.547,0.000
1728625431.887,0.000,-57.129,-37.598,30.273,0.000
1728625431.891,0.000,-48.340,-46.875,-21.484,0.000
1728625431.895,0.000,-31.738,-61.523,-16.602,0.000
1728625431.898,0.000,-57.617,-61.523,-2.930,0.000
1728625431.902,0.000,-59.570,-52.246,25.879,0.000
1728625431.906,0.000,-36.621,-45.410,23.926,0.000
1728625431.910,0.000,-47.363,-44.922,-34.668,0.000
1728625431.914,-19.531,-56.152,-46.875,-47.363,0.000
1728625431.918,-32.715,-52.246,-48.828,-23.926,0.000
1728625431.922,-54.688,-53.711,-45.898,8.301,0.000
1728625431.926,-23.438,-44.434,-41.992,29.297,0.000
1728625431.930,-10.742,-34.668,-43.945,-15.137,0.000
1728625431.934,-12.695,-38.086,-41.016,-50.293,0.000
1728625431.938,-31.738,-42.969,-46.387,-55.176,0.000
1728625431.941,-43.945,-46.387,-41.504,-27.344,0.000
1728625431.945,0.977,-28.809,-25.879,43.945,0.000
1728625431.949,-6.348,-22.461,-37.109,3.418,0.000
1728625431.953,-14.648,-36.133,-39.551,-58.105,0.000
1728625431.957,-1.953,-30.273,-34.668,-36.621,0.000
1728625431.961,-31.738,-27.832,-31.250,-9.277,0.000
1728625431.965,-39.062,-33.203,-23.926,21.484,0.000
1728625431.969,-40.039,-31.250,-33.691,-12.207,0.000
1728625431.973,-27.832,-34.180,-37.109,-47.363,0.000
1728625431.977,-16.113,-34.180,-35.645,-41.504,0.000
1728625431.981,-41.016,-34.180,-41.504,-27.832,0.000
1728625431.984,-36.621,-32.715,-32.227,19.531,0.000
1728625431.988,-29.785,-35.156,-25.879,1.465,0.000
1728625431.992,-20.020,-44.434,-28.809,-53.223,0.000
1728625431.996,-8.789,-42.480,-24.902,-62.012,0.000
1728625432.000,-32.715,-34.180,-25.391,-39.551,0.000
1728625432.004,-28.809,-24.902,-26.367,1.953,0.000
1728625432.008,-37.598,-29.297,-31.738,-20.508,0.000
1728625432.012,-37.598,-41.016,-38.086,-62.988,0.000
1728625432.016,-20.996,-47.363,-37.109,-67.383,0.000
1728625432.020,-44.922,-51.758,-37.109,-52.246,0.000
1728625432.024,-35.645,-45.410,-32.227,-2.930,0.000
1728625432.027,-43.457,-42.480,-36.621,-17.578,0.000
1728625432.031,-49.805,-44.434,-40.039,-61.523,0.000
1728625432.035,-18.066,-34.180,-39.551,-68.848,0.000
1728625432.039,-43.457,-35.645,-38.086,-49.805,0.000
1728625432.043,-47.363,-31.250,-28.809,0.000,0.000
1728625432.047,-45.410,-27.832,-35.156,-10.742,0.000
1728625432.051,-48.828,-40.527,-45.898,-60.059,0.000
1728625432.055,-20.996,-45.898,-43.945,-74.219,0.000
1728625432.059,-36.133,-39.551,-40.527,-55.664,0.000
1728625432.063,-36.621,-34.180,-38.086,-13.184,0.000
1728625432.066,-38.574,-35.645,-35.645,-9.766,0.000
1728625432.070,-45.898,-36.133,-44.922,-57.617,0.000
1728625432.074,-15.625,-37.598,-41.504,-66.406,0.000
1728625432.078,-36.133,-41.016,-37.109,-57.617,0.000
1728625432.082,-50.781,-46.387,-41.504,-24.414,0.000
1728625432.086,-41.992,-37.598,-41.504,-18.066,0.000
1728625432.090,-48.828,-42.969,-41.016,-64.941,0.000
1728625432.094,-24.414,-50.781,-38.086,-68.848,0.000
1728625432.098,-26.367,-41.016,-37.598,-55.176,0.000
1728625432.102,0.000,-32.227,-37.598,-25.391,0.000
1728625432.106,0.000,-35.645,-35.645,-10.254,0.000
1728625432.109,0.000,-43.457,-41.992,-46.875,0.000
1728625432.113,0.000,-42.480,-46.387,-75.195,0.000
1728625432.117,0.000,-43.945,-41.504,-75.195,0.000
1728625432.121,0.000,-49.316,-40.527,-48.828,0.000
1728625432.125,0.000,-47.852,-39.551,-10.254,0.000
1728625432.129,0.000,-45.898,-36.621,-37.598,0.000
1728625432.133,0.000,-37.598,-38.086,-84.473,0.000
1728625432.137,0.000,-37.109,-45.898,-81.055,0.000
1728625432.141,0.000,-41.504,-40.039,-36.133,0.000
1728625432.145,0.000,-38.086,-28.809,8.301,0.000
1728625432.148,-41.992,-44.434,-35.156,-32.227,0.000
1728625432.152,-34.668,-46.875,-48.828,-73.242,0.000
1728625432.156,-41.016,-47.363,-46.875,-71.777,0.000
1728625432.160,-49.805,-44.434,-41.992,-35.156,0.000
1728625432.164,-43.457,-31.250,-38.574,10.742,0.000
1728625432.168,-50.293,-39.551,-44.922,-33.203,0.000
1728625432.172,-32.227,-54.688,-50.781,-74.219,0.000
1728625432.176,-21.484,-42.969,-40.527,-73.730,0.000
1728625432.180,-55.176,-41.016,-40.527,-72.266,0.000
1728625432.184,-46.875,-45.410,-39.062,-32.715,0.000
1728625432.188,-50.293,-44.434,-40.527,-37.109,0.000
1728625432.191,-53.711,-40.527,-46.875,-91.309,0.000
1728625432.195,-25.879,-35.645,-38.086,-84.473,0.000
1728625432.199,-32.227,-39.551,-35.156,-44.922,0.000
1728625432.203,-30.273,-39.062,-36.621,4.395,0.000
1728625432.207,-33.691,-43.457,-38.086,-4.395,0.000
1728625432.211,-36.621,-47.852,-41.992,-63.477,0.000
1728625432.215,-12.695,-42.480,-47.852,-67.383,0.000
1728625432.219,-29.297,-43.945,-53.223,-36.621,0.000
1728625432.223,-41.504,-37.109,-39.551,-3.906,0.000
1728625432.227,-29.297,-34.668,-35.645,-12.695,0.000
1728625432.230,-21.973,-43.457,-44.434,-49.805,0.000
1728625432.234,-13.672,-41.016,-38.086,-49.805,0.000
1728625432.238,-45.410,-39.551,-38.574,-30.762,0.000
1728625432.242,-49.805,-39.062,-37.109,5.371,0.000
1728625432.246,-43.457,-36.133,-31.250,7.812,0.000
1728625432.250,-30.762,-35.156,-33.203,-40.527,0.000
1728625432.254,-7.324,-35.156,-37.598,-61.523,0.000
1728625432.258,-40.039,-50.781,-42.969,-54.199,0.000
1728625432.262,-61.035,-49.316,-39.551,-19.531,0.000
1728625432.266,-42.969,-38.086,-33.691,-4.883,0.000
1728625432.270,-52.246,-54.688,-47.363,-56.641,0.000
1728625432.273,-31.250,-55.176,-48.828,-77.148,0.000
1728625432.277,-30.762,-51.270,-40.039,-58.594,0.000
1728625432.281,-56.152,-53.223,-35.645,-22.949,0.000
1728625432.285,-42.480,-43.457,-35.645,-2.441,0.000
1728625432.289,-39.551,-43.457,-42.480,-50.781,0.000
1728625432.293,-21.484,-38.574,-44.922,-75.684,0.000
1728625432.297,-32.227,-46.387,-45.410,-67.871,0.000
1728625432.301,-58.105,-47.363,-42.480,-30.762,0.000
1728625432.305,-44.434,-34.180,-37.109,4.883,0.000
1728625432.309,-51.270,-40.527,-40.039,-32.227,0.000
1728625432.313,-33.691,-36.621,-37.109,-70.312,0.000
1728625432.316,-28.320,-26.367,-34.180,-65.918,0.000
1728625432.320,-53.223,-27.344,-40.039,-31.738,0.000
1728625432.324,-42.969,-42.480,-44.922,-1.953,0.000
1728625432.328,-47.852,-46.387,-45.898,-47.852,0.000
1728625432.332,-29.297,-44.922,-46.875,-85.938,0.000
1728625432.336,-22.949,-47.363,-50.781,-84.961,0.000
1728625432.340,-54.199,-46.387,-51.270,-63.477,0.000
1728625432.344,-41.992,-43.457,-36.133,-12.695,0.000
1728625432.348,-42.969,-39.062,-38.086,-20.508,0.000
1728625432.352,-33.203,-32.715,-47.363,-62.012,0.000
1728625432.356,-20.020,-32.715,-39.062,-66.406,0.000
1728625432.359,-39.551,-40.039,-36.133,-35.645,0.000
1728625432.363,-37.109,-41.016,-36.621,2.930,0.000
1728625432.367,-38.086,-43.945,-38.086,-25.391,0.000
1728625432.371,-32.715,-30.762,-43.945,-74.707,0.000
1728625432.375,-35.645,-25.391,-44.922,-78.125,0.000
1728625432.379,-41.016,-33.203,-40.039,-46.875,0.000
1728625432.383,-24.902,-26.855,-36.133,-3.418,0.000
1728625432.387,-40.527,-34.180,-41.504,-20.020,0.000
1728625432.391,-40.039,-39.062,-46.387,-61.035,0.000
1728625432.395,-24.902,-39.062,-41.504,-57.129,0.000
1728625432.398,-49.316,-42.969,-43.457,-37.109,0.000
1728625432.402,-34.180,-32.227,-41.016,1.465,0.000
1728625432.406,-26.367,-23.438,-37.109,2.441,0.000
1728625432.410,-33.203,-40.527,-47.363,-52.734,0.000
1728625432.414,-18.066,-48.340,-47.852,-69.336,0.000
1728625432.418,-34.668,-32.227,-46.387,-65.430,0.000
1728625432.422,-33.203,-21.484,-43.945,-20.020,0.000
1728625432.426,-42.969,-30.273,-40.039,-10.254,0.000
1728625432.430,-53.223,-46.875,-50.293,-68.359,0.000
1728625432.434,-24.414,-42.969,-52.734,-80.566,0.000
1728625432.438,-36.133,-38.086,-41.504,-57.129,0.000
1728625432.441,-46.875,-41.504,-31.250,-10.254,0.000
1728625432.445,-27.832,-35.645,-30.762,-6.348,0.000
1728625432.449,-30.762,-38.574,-44.922,-60.059,0.000
1728625432.453,-14.160,-41.504,-49.805,-73.242,0.000
1728625432.457,-20.996,-44.922,-45.410,-47.363,0.000
1728625432.461,-38.086,-34.668,-33.691,-6.348,0.000
1728625432.465,-33.691,-25.879,-33.203,0.977,0.000
1728625432.469,-44.922,-39.551,-39.551,-41.504,0.000
1728625432.473,-19.531,-43.457,-33.691,-58.105,0.000
1728625432.477,-21.973,-36.621,-30.273,-44.922,0.000
1728625432.481,-41.992,-30.762,-33.691,-10.742,0.000
1728625432.484,-24.902,-38.574,-40.527,12.207,0.000
1728625432.488,-40.039,-45.410,-49.316,-40.039,0.000
1728625432.492,-27.832,-38.574,-43.457,-77.637,0.000
1728625432.496,-17.090,-33.691,-31.250,-57.129,0.000
1728625432.500,-43.945,-37.109,-35.645,-20.508,0.000
1728625432.504,-43.457,-36.133,-38.086,0.000,0.000
1728625432.508,-36.621,-27.344,-40.527,-40.039,0.000
1728625432.512,-24.414,-33.691,-41.992,-67.383,0.000
1728625432.516,-30.762,-45.410,-39.062,-59.082,0.000
1728625432.520,-47.852,-41.016,-41.016,-24.414,0.000
1728625432.523,-21.484,-31.738,-35.156,22.949,0.000
1728625432.527,-26.367,-45.898,-37.109,-4.395,0.000
1728625432.531,-24.902,-48.828,-38.574,-51.758,0.000
1728625432.535,-17.578,-38.086,-33.203,-53.711,0.000
1728625432.539,-50.781,-37.598,-37.109,-21.973,0.000
1728625432.543,-41.504,-39.062,-35.645,16.113,0.000
1728625432.547,-32.227,-49.316,-39.062,-3.418,0.000
1728625432.551,-29.785,-50.781,-39.062,-45.898,0.000
1728625432.555,-31.250,-42.480,-36.133,-44.922,0.000
1728625432.559,-51.758,-38.086,-38.086,-27.344,0.000
1728625432.562,-34.668,-34.180,-36.133,2.441,0.000
1728625432.566,-36.133,-40.039,-44.434,-11.230,0.000
1728625432.570,-24.902,-41.504,-47.852,-53.711,0.000
1728625432.574,-4.883,-40.527,-42.969,-51.758,0.000
1728625432.578,-35.156,-42.969,-45.410,-36.621,0.000
1728625432.582,-33.691,-34.180,-39.062,-6.836,0.000
1728625432.586,-39.551,-42.480,-33.691,-16.602,0.000
1728625432.590,-39.062,-55.664,-44.922,-60.059,0.000
1728625432.594,-15.625,-51.270,-48.340,-64.941,0.000
1728625432.598,-36.621,-38.574,-48.340,-56.152,0.000
1728625432.601,-40.039,-30.273,-47.852,-16.113,0.000
1728625432.605,-20.020,-41.016,-45.410,3.906,0.000
1728625432.609,-15.625,-45.898,-51.270,-48.340,0.000
1728625432.613,-13.184,-28.809,-43.457,-62.012,0.000
1728625432.617,-42.480,-37.598,0.000,-44.922,0.000
1728625432.621,-58.594,-48.828,0.000,-9.277,0.000
1728625432.625,-45.410,-44.922,0.000,-1.465,0.000
1728625432.629,-48.340,-48.828,0.000,-43.945,0.000
1728625432.633,-15.137,-41.992,0.000,-45.410,0.000
1728625432.637,-21.973,-38.086,0.000,-38.574,0.000
1728625432.641,-42.969,-42.969,0.000,-19.043,0.000
1728625432.645,-17.090,-38.574,0.000,-1.953,0.000
1728625432.648,-14.160,-38.086,0.000,-38.574,0.000
1728625432.652,-7.812,-37.598,0.000,-45.898,0.000
1728625432.656,-40.039,-33.691,0.000,-34.668,0.000
1728625432.660,-54.199,-30.762,0.000,-8.789,0.000
1728625432.664,-32.227,-36.621,-30.273,7.812,0.000
1728625432.668,-34.668,-41.504,-37.598,-38.574,0.000
1728625432.672,-13.184,-29.785,-42.480,-64.941,0.000
1728625432.676,-12.695,-30.273,-40.039,-55.664,0.000
1728625432.680,-39.551,-34.668,-37.598,-16.113,0.000
1728625432.684,-29.785,-33.203,-44.922,9.766,0.000
1728625432.688,-24.902,-33.203,-51.270,-34.180,0.000
1728625432.691,-15.625,-26.855,-43.457,-53.711,0.000
1728625432.695,-30.762,-30.273,-47.363,-39.062,0.000
1728625432.699,-55.664,-36.133,-41.992,-6.348,0.000
1728625432.703,-43.945,-37.109,-30.273,20.508,0.000
1728625432.707,-46.875,-46.387,-40.039,-22.949,0.000
1728625432.711,-34.668,-44.922,-38.086,-42.480,0.000
1728625432.715,-24.902,-38.574,-38.574,-39.551,0.000
1728625432.719,-36.621,-37.109,-40.039,-34.180,0.000
1728625432.723,-29.785,-38.086,-34.180,6.836,0.000
1728625432.727,-43.457,-41.504,-44.434,-27.344,0.000
1728625432.731,-31.738,-45.898,-49.805,-67.871,0.000
1728625432.734,-18.066,-35.645,-40.039,-55.664,0.000
1728625432.738,-35.645,-26.367,-36.133,-30.273,0.000
1728625432.742,-38.086,-36.621,-35.645,15.137,0.000
1728625432.746,-42.969,-41.992,-29.297,-16.602,0.000
1728625432.750,-32.715,-38.086,-31.738,-69.824,0.000
1728625432.754,-14.648,-43.945,-42.480,-60.547,0.000
1728625432.758,-29.297,-38.086,-45.898,-37.109,0.000
1728625432.762,-39.062,-26.367,-38.574,7.812,0.000
1728625432.766,-37.109,-34.668,-39.062,2.441,0.000
1728625432.770,-26.855,-42.480,-41.992,-49.805,0.000
1728625432.773,-10.742,-29.785,-40.039,-59.082,0.000
1728625432.777,-35.645,-24.902,-39.551,-39.062,0.000
1728625432.781,-38.086,-38.086,-39.062,-0.488,0.000
1728625432.785,-37.598,-55.664,-44.434,-1.953,0.000
1728625432.789,-47.852,-47.852,-50.293,-43.457,0.000
1728625432.793,-23.438,-31.250,-45.410,-57.617,0.000
1728625432.797,-26.855,-40.039,-43.457,-39.551,0.000
1728625432.801,-31.738,-39.551,-34.668,4.395,0.000
1728625432.805,-36.621,-37.109,-32.715,4.883,0.000
1728625432.809,-39.551,-36.133,-37.109,-40.039,0.000
1728625432.813,-24.902,-39.551,-38.086,-54.688,0.000
1728625432.816,-49.316,-44.922,-41.016,-41.992,0.000
1728625432.820,-57.129,-40.527,-41.504,-16.602,0.000
1728625432.824,-35.645,-38.086,-41.016,-16.602,0.000
1728625432.828,-35.645,-46.387,-48.340,-63.965,0.000
1728625432.832,-23.926,-55.664,-50.293,-67.383,0.000
1728625432.836,-24.902,-49.316,-40.039,-46.875,0.000
1728625432.840,-30.762,-37.598,-34.668,-14.648,0.000
1728625432.844,-23.926,-31.250,-41.992,6.348,0.000
1728625432.848,-35.645,-36.621,-47.852,-44.434,0.000
1728625432.852,-13.184,-32.227,-43.945,-64.453,0.000
1728625432.855,-34.180,-29.785,-50.293,-54.199,0.000
1728625432.859,-60.059,-44.434,-54.199,-22.461,0.000
1728625432.863,-31.250,-47.852,-50.293,-0.488,0.000
1728625432.867,-20.996,-45.410,-49.316,-40.527,0.000
1728625432.871,-12.695,-41.992,-43.945,-62.500,0.000
1728625432.875,-38.574,-41.992,-45.410,-54.688,0.000
1728625432.879,-53.711,-34.180,-43.945,-12.695,0.000
1728625432.883,-29.785,-24.414,-30.762,19.043,0.000
1728625432.887,-34.180,-38.086,-40.039,-32.227,0.000
1728625432.891,-21.973,-39.551,-46.387,-67.871,0.000
1728625432.895,-20.508,-24.902,-40.039,-57.617,0.000
1728625432.898,-34.668,-37.598,-37.598,-29.785,0.000
1728625432.902,-21.484,-46.387,-34.180,0.977,0.000
1728625432.906,-25.391,-38.086,-41.504,-34.180,0.000
1728625432.910,-17.578,-36.133,-43.945,-67.383,0.000
1728625432.914,-16.113,-40.527,-42.480,-46.387,0.000
1728625432.918,-37.598,-33.203,-43.457,-14.160,0.000
1728625432.922,-36.133,-39.062,-45.898,10.254,0.000
1728625432.926,-28.320,-41.016,-39.062,-6.348,0.000
1728625432.930,-11.719,-32.715,-31.250,-46.387,0.000
1728625432.934,-5.859,-40.527,-40.039,-49.316,0.000
1728625432.937,-36.133,-40.039,-41.016,-15.137,0.000
1728625432.941,-43.457,-36.621,-37.109,8.301,0.000
1728625432.945,-33.203,-39.551,-35.156,-21.484,0.000
1728625432.949,-11.230,-38.086,-37.109,-58.105,0.000
1728625432.953,-6.836,-34.668,-38.086,-67.383,0.000
1728625432.957,-48.340,-34.668,-37.109,-34.668,0.000
1728625432.961,-51.270,-30.273,-31.250,13.672,0.000
1728625432.965,-44.434,-35.645,-36.133,0.000,0.000
1728625432.969,-32.715,-38.086,-46.387,-41.992,0.000
1728625432.973,-14.648,-29.297,-38.086,-42.480,0.000
1728625432.976,-46.875,-32.227,-38.086,-31.250,0.000
1728625432.980,-53.711,-35.156,-36.621,0.000,0.000
1728625432.984,-26.367,-33.691,-35.156,2.930,0.000
1728625432.988,-28.320,-41.992,-42.480,-43.457,0.000
1728625432.992,-22.461,-45.898,-40.527,-57.617,0.000
1728625432.996,-25.391,-33.203,-37.109,-38.574,0.000
1728625433.000,-29.297,-21.484,-34.180,7.812,0.000
1728625433.004,-31.250,-26.367,-43.457,2.441,0.000
1728625433.008,-30.273,-28.320,-52.734,-52.246,0.000
1728625433.012,-16.602,-27.832,-52.734,-64.941,0.000
1728625433.016,-39.551,-37.598,-53.223,-57.617,0.000
1728625433.019,-45.898,-34.668,-52.246,-22.461,0.000
1728625433.023,-33.691,-33.691,-45.898,-2.930,0.000
1728625433.027,-33.203,-44.434,-45.410,-44.922,0.000
1728625433.031,-22.461,-34.180,-45.410,-69.824,0.000
1728625433.035,-36.133,-22.461,-39.062,-61.035,0.000
1728625433.039,-41.992,-23.926,-31.738,-12.207,0.000
1728625433.043,-28.809,-33.691,-35.156,2.441,0.000
1728625433.047,-37.109,-41.504,-44.922,-63.965,0.000
1728625433.051,-14.160,-36.621,-43.457,-82.031,0.000
1728625433.055,-20.996,-39.551,-39.551,-60.547,0.000
1728625433.059,-36.133,-43.945,-47.363,-27.832,0.000
1728625433.062,-13.672,-34.668,-51.270,2.441,0.000
1728625433.066,-27.832,-26.855,-36.133,-39.062,0.000
1728625433.070,-15.137,-38.086,-37.109,-58.594,0.000
1728625433.074,-20.508,-48.828,-39.062,-45.898,0.000
1728625433.078,-58.594,-48.828,-36.621,-35.156,0.000
1728625433.082,-29.297,-43.457,-37.598,-1.953,0.000
1728625433.086,-28.320,-42.969,0.000,-27.344,0.000
1728625433.090,-25.879,-39.551,0.000,-58.594,0.000
1728625433.094,-21.973,-31.738,0.000,-48.828,0.000
1728625433.098,-41.504,-29.297,0.000,-19.043,0.000
1728625433.102,-21.484,-23.926,0.000,10.254,0.000
1728625433.105,-30.762,-36.621,0.000,-25.879,0.000
1728625433.109,-33.203,-45.410,0.000,-66.895,0.000
1728625433.113,-33.203,-44.434,0.000,-64.453,0.000
1728625433.117,-55.176,-48.828,0.000,-36.133,0.000
1728625433.121,-40.039,-35.156,0.000,9.277,0.000
1728625433.125,-40.527,-31.250,0.000,-15.625,0.000
1728625433.129,-30.762,-32.227,0.000,-48.828,0.000
1728625433.133,-23.438,-26.855,-36.133,-38.574,0.000
1728625433.137,-46.875,-32.227,-35.645,-23.926,0.000
1728625433.141,-42.969,-40.039,-35.645,1.465,0.000
1728625433.145,-43.457,-43.945,-42.480,-5.371,0.000
1728625433.148,-21.973,-41.992,-42.480,-41.504,0.000
1728625433.152,-17.090,-36.133,-35.645,-49.316,0.000
1728625433.156,-46.387,-34.180,-39.551,-33.203,0.000
1728625433.160,-32.227,-34.180,-43.945,4.883,0.000
1728625433.164,-32.227,-40.527,-42.480,14.160,0.000
1728625433.168,-38.574,-35.156,-41.016,-45.898,0.000
1728625433.172,-13.184,-34.180,-44.434,-72.266,0.000
1728625433.176,-41.016,-43.945,-43.457,-56.152,0.000
1728625433.180,0.000,-45.898,-41.504,-23.438,0.000
1728625433.184,0.000,-41.992,-41.992,-15.137,0.000
1728625433.188,0.000,-42.480,-43.945,-51.758,0.000
1728625433.191,0.000,-40.527,-42.969,-65.918,0.000
1728625433.195,0.000,-37.109,-39.062,-56.641,0.000
1728625433.199,0.000,-30.762,-34.180,-1.953,0.000
1728625433.203,0.000,-28.320,-32.227,15.137,0.000
1728625433.207,0.000,-48.340,-47.363,-34.668,0.000
1728625433.211,0.000,-43.945,-47.852,-59.570,0.000
1728625433.215,0.000,-32.227,-40.527,-44.922,0.000
1728625433.219,0.000,-37.598,-37.109,0.488,0.000
1728625433.223,0.000,-41.016,-37.109,4.395,0.000
1728625433.227,-43.457,-38.574,-41.504,-45.410,0.000
1728625433.230,-35.156,-41.016,-42.480,-65.430,0.000
1728625433.234,-45.410,-49.316,-49.805,-49.316,0.000
1728625433.238,-59.082,-45.410,-40.527,-14.648,0.000
1728625433.242,-43.457,-41.016,-38.086,-0.977,0.000
1728625433.246,-43.945,-41.992,-45.898,-35.645,0.000
1728625433.250,-28.320,-45.898,-42.969,-45.898,0.000
1728625433.254,-35.156,-46.875,-41.016,-37.109,0.000
1728625433.258,-61.523,-37.598,-32.715,-12.695,0.000
1728625433.262,-36.621,-29.785,-32.227,14.160,0.000
1728625433.266,-19.531,-40.527,-44.922,-31.738,0.000
1728625433.270,-9.766,-41.992,-47.852,-73.242,0.000
1728625433.273,-13.672,-34.180,-45.898,-61.523,0.000
1728625433.277,-33.691,-42.969,-43.945,-22.949,0.000
1728625433.281,-27.832,-35.645,-39.062,2.930,0.000
1728625433.285,-34.180,-35.156,-39.062,-34.180,0.000
1728625433.289,-28.809,-45.410,-36.133,-58.594,0.000
1728625433.293,-26.367,-42.480,-43.457,-61.523,0.000
1728625433.297,-41.992,-39.062,-45.898,-38.574,0.000
1728625433.301,-37.598,-38.574,-38.574,-6.836,0.000
1728625433.305,-33.203,-43.457,-36.621,-20.996,0.000
1728625433.309,-20.508,-51.758,-41.016,-53.223,0.000
1728625433.312,-12.207,-51.758,-44.922,-58.594,0.000
1728625433.316,-35.645,-41.992,-44.922,-29.297,0.000
1728625433.320,-34.180,-30.762,-38.086,10.254,0.000
1728625433.324,-30.273,-28.320,-36.621,-6.348,0.000
1728625433.328,-35.156,-39.062,-46.387,-41.504,0.000
1728625433.332,-22.461,-42.480,-49.805,-47.852,0.000
1728625433.336,-31.738,-42.969,-46.387,-36.621,0.000
1728625433.340,-25.391,-41.992,-41.992,6.348,0.000
1728625433.344,-15.137,-41.016,-41.016,-12.695,0.000
1728625433.348,-6.836,-32.715,-36.621,-68.359,0.000
1728625433.351,-11.230,-27.832,-39.062,-59.082,0.000
1728625433.355,-52.734,-39.062,-37.109,-40.527,0.000
1728625433.359,-35.645,-29.785,-25.391,1.465,0.000
1728625433.363,-22.461,-29.297,-37.109,5.371,0.000
1728625433.367,0.000,-46.387,-47.363,-50.781,0.000
1728625433.371,0.000,-40.527,-44.922,-70.801,0.000
1728625433.375,0.000,-40.527,-47.363,-58.594,0.000
1728625433.379,0.000,-32.227,-32.227,-1.465,0.000
1728625433.383,0.000,-29.785,-26.367,13.672,0.000
1728625433.387,0.000,-39.551,-36.621,-32.715,0.000
1728625433.391,0.000,-38.086,-37.109,-46.387,0.000
1728625433.394,0.000,-39.062,-32.227,-45.410,0.000
1728625433.398,0.000,-43.457,-34.180,-14.648,0.000
1728625433.402,0.000,-33.203,-38.574,6.836,0.000
1728625433.406,0.000,-20.020,-44.434,-36.133,0.000
1728625433.410,0.000,-26.367,-49.316,-68.848,0.000
1728625433.414,-34.180,-40.039,-43.457,-61.523,0.000
1728625433.418,-42.969,-31.738,-32.715,-16.602,0.000
1728625433.422,-38.086,-28.320,-31.738,5.859,0.000
1728625433.426,-36.133,-41.016,-40.527,-27.832,0.000
1728625433.430,-4.395,-39.551,-39.062,-39.551,0.000
1728625433.434,-15.137,-41.504,-39.062,-29.297,0.000
1728625433.437,-45.898,-33.691,-36.621,-2.441,0.000
1728625433.441,-51.758,-26.367,-31.738,7.324,0.000
1728625433.445,-41.992,-35.645,-38.086,-40.039,0.000
1728625433.449,-24.414,-36.621,-41.504,-66.406,0.000
1728625433.453,-27.344,-34.180,-40.039,-59.570,0.000
1728625433.457,-44.922,-38.086,-36.621,-20.508,0.000
1728625433.461,-34.668,-40.527,-33.691,20.508,0.000
1728625433.465,-38.574,-43.457,-36.621,-21.484,0.000
1728625433.469,-23.926,-33.203,-41.504,-58.105,0.000
1728625433.473,-16.602,-28.809,-32.715,-33.203,0.000
1728625433.477,-41.016,-38.574,-24.414,-10.254,0.000
1728625433.480,-34.180,-37.109,-26.367,18.555,0.000
1728625433.484,-27.832,-35.645,-28.320,-7.812,0.000
1728625433.488,-20.996,-41.504,-34.668,-56.641,0.000
1728625433.492,-20.020,-45.410,-44.922,-59.082,0.000
1728625433.496,-41.992,-36.133,-40.527,-29.297,0.000
1728625433.500,-33.691,-26.367,-28.809,7.812,0.000
1728625433.504,-35.645,-34.180,-30.762,-16.602,0.000
1728625433.508,-34.180,-34.180,-43.457,-65.430,0.000
1728625433.512,-19.531,-34.668,-40.527,-68.359,0.000
1728625433.516,-38.574,-36.621,-38.574,-42.480,0.000
1728625433.520,-41.504,-38.574,-40.039,-4.395,0.000
1728625433.523,-43.945,-38.574,-38.574,-12.695,0.000
1728625433.527,-34.180,-39.062,-41.992,-53.223,0.000
1728625433.531,-16.113,-32.227,-37.109,-56.152,0.000
1728625433.535,-34.180,-35.645,-32.715,-24.414,0.000
1728625433.539,-26.367,-31.738,-32.227,20.020,0.000
1728625433.543,-25.391,-20.996,-30.273,-1.953,0.000
1728625433.547,-25.879,-32.715,-40.527,-55.664,0.000
1728625433.551,-3.906,-41.504,-45.410,-56.641,0.000
1728625433.555,-32.715,-43.945,-43.945,-38.574,0.000
1728625433.559,-44.434,-29.297,-37.598,6.348,0.000
1728625433.562,-32.715,-27.832,-36.133,16.602,0.000
1728625433.566,-34.180,-33.203,-43.945,-43.457,0.000
1728625433.570,-15.625,-27.344,-41.992,-52.734,0.000
1728625433.574,-31.738,-30.762,-37.598,-26.367,0.000
1728625433.578,-38.574,-30.762,-34.668,6.836,0.000
1728625433.582,-30.273,-35.645,-37.598,20.020,0.000
1728625433.586,-55.664,-37.109,-41.992,-33.691,0.000
1728625433.590,-18.066,-26.367,-38.086,-66.895,0.000
1728625433.594,-5.371,-27.344,-41.992,-62.500,0.000
1728625433.598,-33.203,-33.203,-39.062,-14.160,0.000
1728625433.602,-29.785,-25.391,-32.715,7.812,0.000
1728625433.605,-36.133,-29.297,-41.504,-41.504,0.000
1728625433.609,-17.578,-44.434,-42.969,-55.664,0.000
1728625433.613,-28.809,-41.992,-40.039,-50.293,0.000
1728625433.617,-44.922,-33.203,-33.203,-8.301,0.000
1728625433.621,-28.809,-35.645,-27.344,35.645,0.000
1728625433.625,-37.109,-49.316,-36.621,-19.531,0.000
1728625433.629,-21.973,-42.480,-35.156,-62.988,0.000
1728625433.633,-15.625,-29.297,-28.320,-47.363,0.000
1728625433.637,-41.016,-37.598,-34.668,-11.230,0.000
1728625433.641,-39.062,-36.621,-35.156,5.371,0.000
1728625433.644,-41.016,-34.668,-36.621,-37.109,0.000
1728625433.648,-28.320,-32.227,-35.645,-57.129,0.000
1728625433.652,-27.832,-36.133,-42.480,-43.945,0.000
1728625433.656,-49.316,-39.062,-49.316,-23.438,0.000
1728625433.660,-29.297,-27.344,-30.273,8.301,0.000
1728625433.664,-34.668,-26.367,-30.273,-22.461,0.000
1728625433.668,-27.344,-38.086,-40.527,-60.059,0.000
1728625433.672,-12.207,-35.645,-43.457,-49.316,0.000
1728625433.676,-43.945,-33.691,-44.434,-37.598,0.000
1728625433.680,-41.992,-34.668,-41.016,-5.859,0.000
1728625433.684,-42.969,-33.203,-45.898,-8.789,0.000
1728625433.687,-32.715,-34.668,-44.922,-49.316,0.000
1728625433.691,-16.113,-34.180,-41.992,-52.246,0.000
1728625433.695,-44.434,-32.715,-33.203,-23.926,0.000
1728625433.699,-33.691,-20.020,-24.902,13.184,0.000
1728625433.703,-17.578,-24.902,-34.668,1.465,0.000
1728625433.707,-20.508,-39.551,-41.016,-44.922,0.000
1728625433.711,-8.789,-41.992,-37.109,-40.039,0.000
1728625433.715,-26.855,-44.922,-40.527,-19.531,0.000
1728625433.719,-32.715,-39.062,-41.504,13.672,0.000
1728625433.723,-36.621,-35.645,-41.016,-0.977,0.000
1728625433.726,-24.414,-31.738,-39.062,-53.223,0.000
1728625433.730,-3.906,-24.902,-34.180,-50.293,0.000
1728625433.734,-35.645,-40.039,-43.457,-45.410,0.000
1728625433.738,-36.621,-43.945,-41.992,-10.254,0.000
1728625433.742,0.000,-49.805,-42.969,-3.418,0.000
1728625433.746,0.000,-51.270,-45.898,-56.152,0.000
1728625433.750,0.000,-39.551,-44.434,-67.871,0.000
1728625433.754,0.000,-41.016,-47.852,-50.293,0.000
1728625433.758,0.000,-48.340,-48.340,-16.602,0.000
1728625433.762,0.000,-40.039,-46.875,-4.883,0.000
1728625433.766,0.000,-29.785,-46.387,-40.039,0.000
1728625433.769,0.000,-32.227,-44.922,-59.082,0.000
1728625433.773,0.000,-39.062,-41.016,-32.227,0.000
1728625433.777,0.000,-41.992,-39.062,4.883,0.000
1728625433.781,0.000,-32.227,-32.715,-7.812,0.000
1728625433.785,0.000,-29.297,-28.809,-51.270,0.000
1728625433.789,1.953,-30.273,-37.598,-59.570,0.000
1728625433.793,-12.695,-34.180,-36.133,-47.852,0.000
1728625433.797,-41.504,-27.832,-29.785,-20.020,0.000
1728625433.801,-32.227,-28.809,-35.156,8.301,0.000
1728625433.805,-38.086,-48.340,-46.387,-29.297,0.000
1728625433.809,-16.602,-50.781,-49.316,-60.059,0.000
1728625433.812,-24.902,-43.945,-42.480,-61.035,0.000
1728625433.816,-42.480,-43.457,-34.668,-30.273,0.000
1728625433.820,-13.184,-35.645,-25.391,11.719,0.000
1728625433.824,-11.230,-39.062,-33.691,-29.785,0.000
1728625433.828,-5.859,-38.574,-40.039,-66.895,0.000
1728625433.832,-11.719,-36.621,-32.715,-35.156,0.000
1728625433.836,0.000,-39.062,-34.668,-6.348,0.000
1728625433.840,0.000,-38.574,-26.367,8.789,0.000
1728625433.844,0.000,-46.875,-26.855,-21.484,0.000
1728625433.848,0.000,-49.316,-38.574,-57.617,0.000
1728625433.852,0.000,-43.457,-33.691,-50.293,0.000
1728625433.855,0.000,-41.016,-29.785,-12.695,0.000
1728625433.859,0.000,-38.086,-33.691,19.531,0.000
1728625433.863,0.000,-41.992,-38.086,-15.625,0.000
1728625433.867,0.000,-39.551,-41.016,-43.945,0.000
1728625433.871,0.000,-31.738,-42.969,-34.668,0.000
1728625433.875,0.000,-42.969,-45.410,-21.484,0.000
1728625433.879,0.000,-40.527,-40.039,17.090,0.000
1728625433.883,-33.691,-25.391,-32.227,-8.789,0.000
1728625433.887,-28.809,-37.109,-37.598,-62.500,0.000
1728625433.891,-17.578,-40.039,-39.551,-49.316,0.000
1728625433.895,-44.922,-34.668,-40.039,-35.645,0.000
1728625433.898,-27.832,-33.691,-41.016,5.859,0.000
1728625433.902,-9.766,-23.438,-45.410,-3.418,0.000
1728625433.906,-18.066,-23.926,-42.480,-54.688,0.000
1728625433.910,-3.906,-33.691,-35.645,-50.781,0.000
1728625433.914,-20.508,-32.715,-38.086,-32.715,0.000
1728625433.918,-23.438,-27.832,-34.180,12.207,0.000
1728625433.922,-18.555,-31.738,-32.715,12.207,0.000
1728625433.926,-29.297,-36.133,-37.598,-40.527,0.000
1728625433.930,-12.207,-34.180,-36.621,-49.805,0.000
1728625433.934,-25.391,-42.969,-34.668,-38.086,0.000
1728625433.937,-47.363,-47.363,-31.250,-3.906,0.000
1728625433.941,-45.410,-41.992,-29.785,0.000,0.000
1728625433.945,-44.434,-48.828,-30.273,-41.504,0.000
1728625433.949,-24.414,-56.152,-34.668,-52.734,0.000
1728625433.953,-34.180,-59.570,-40.527,-35.156,0.000
1728625433.957,-43.945,-56.152,-40.527,2.930,0.000
1728625433.961,-30.762,-35.156,-40.039,0.000,0.000
1728625433.965,-27.344,-28.320,-41.504,-55.176,0.000
1728625433.969,-13.184,-39.062,-45.898,-74.219,0.000
1728625433.973,-28.809,-40.039,-46.387,-41.992,0.000
1728625433.977,-38.574,-41.016,-37.109,4.395,0.000
1728625433.980,-38.086,-39.062,-41.992,10.742,0.000
1728625433.984,-41.016,-32.715,-51.758,-38.574,0.000
1728625433.988,-10.254,-38.574,-44.434,-63.965,0.000
1728625433.992,-20.508,-39.551,-39.551,-53.223,0.000
1728625433.996,-43.457,-32.227,-51.758,-22.949,0.000
1728625434.000,-24.414,-33.691,-53.223,6.836,0.000
1728625434.004,-17.578,-37.109,-51.270,-25.879,0.000
1728625434.008,-2.930,-28.809,-49.805,-58.105,0.000
1728625434.012,-14.160,-30.762,-50.293,-60.547,0.000
1728625434.016,-42.969,-41.504,-46.387,-25.879,0.000
1728625434.019,-38.574,-41.992,-39.551,17.090,0.000
1728625434.023,-42.969,-42.480,-42.969,-23.926,0.000
1728625434.027,-21.484,-47.363,-43.945,-58.594,0.000
1728625434.031,-13.672,-40.527,-41.016,-58.105,0.000
1728625434.035,-33.691,-28.320,-38.574,-38.574,0.000
1728625434.039,-27.832,-32.715,-33.691,-0.977,0.000
1728625434.043,-31.250,-43.945,-42.480,-31.250,0.000
1728625434.047,-16.602,-55.176,-48.828,-61.523,0.000
1728625434.051,-16.113,-52.734,-43.945,-57.617,0.000
1728625434.055,-55.176,-48.828,-40.527,-39.551,0.000
1728625434.059,-41.016,-47.363,-35.156,-0.488,0.000
1728625434.062,-32.715,-37.598,-33.691,-12.207,0.000
1728625434.066,-35.645,-39.062,-35.645,-51.270,0.000
1728625434.070,-21.484,-43.457,-43.945,-61.523,0.000
1728625434.074,-42.969,-49.316,-53.711,-43.457,0.000
1728625434.078,-37.109,-50.293,-49.316,-1.953,0.000
1728625434.082,-41.504,-49.805,-42.480,-15.625,0.000
1728625434.086,-61.523,-44.922,-44.922,-67.383,0.000
1728625434.090,-46.387,-40.527,-51.270,-65.918,0.000
1728625434.094,-44.922,-43.457,-54.688,-34.668,0.000
1728625434.098,-41.992,-29.785,-45.410,-2.930,0.000
1728625434.101,-29.785,-18.066,-37.598,-8.301,0.000
1728625434.105,-16.602,-30.273,-45.898,-44.922,0.000
1728625434.109,-12.207,-41.504,-47.852,-53.223,0.000
1728625434.113,-39.551,-34.668,-45.410,-38.086,0.000
1728625434.117,-35.156,-29.785,-46.387,-1.953,0.000
1728625434.121,-33.691,-27.832,-43.945,-4.883,0.000
1728625434.125,-42.480,-29.785,-42.480,-44.922,0.000
1728625434.129,-25.879,-29.297,-44.434,-60.547,0.000
1728625434.133,-41.504,-36.133,-43.945,-43.457,0.000
1728625434.137,-40.039,-36.621,-39.062,-8.789,0.000
1728625434.141,-37.109,-36.133,-41.504,-10.742,0.000
1728625434.144,-44.434,-38.574,-41.016,-44.922,0.000
1728625434.148,-16.113,-36.133,-35.645,-53.223,0.000
1728625434.152,-29.785,-41.504,-37.109,-43.945,0.000
1728625434.156,-39.062,-38.086,-32.715,-8.301,0.000
1728625434.160,-28.809,-40.039,-31.738,10.742,0.000
1728625434.164,0.000,-50.781,-32.227,-24.902,0.000
1728625434.168,0.000,-40.039,-32.715,-46.875,0.000
1728625434.172,0.000,-24.902,-35.156,-41.016,0.000
1728625434.176,0.000,-25.391,-30.273,-13.184,0.000
1728625434.180,0.000,-36.133,-34.180,13.672,0.000
1728625434.184,0.000,-39.062,-41.016,-25.879,0.000
1728625434.187,0.000,-30.762,-34.668,-62.988,0.000
1728625434.191,0.000,-29.785,-35.645,-51.270,0.000
1728625434.195,0.000,-39.062,-45.410,-11.230,0.000
1728625434.199,0.000,-34.180,-40.527,6.348,0.000
1728625434.203,0.000,-26.367,-41.504,-40.039,0.000
1728625434.207,0.000,-30.762,-49.805,-55.176,0.000
1728625434.211,-19.043,-28.320,-52.734,-50.293,0.000
1728625434.215,-36.133,-26.855,-50.781,-29.785,0.000
1728625434.219,-36.621,-20.020,-45.410,0.488,0.000
1728625434.223,-40.527,-31.250,-51.758,-32.715,0.000
1728625434.227,-22.461,-44.922,-54.688,-72.266,0.000
1728625434.230,-13.672,-35.645,-46.387,-66.895,0.000
1728625434.234,-27.344,-30.762,-44.434,-34.668,0.000
1728625434.238,-23.926,-30.273,-39.551,12.207,0.000
1728625434.242,-35.156,-41.992,-39.062,-6.348,0.000
1728625434.246,-32.227,-42.480,-46.875,-58.594,0.000
1728625434.250,-12.207,-31.738,-46.875,-64.941,0.000
1728625434.254,-35.645,-38.574,-44.922,-47.852,0.000
1728625434.258,-39.551,-41.992,-40.039,-3.418,0.000
1728625434.262,-27.832,-35.156,-42.480,-8.789,0.000
1728625434.266,-25.391,-34.180,-47.852,-53.711,0.000
1728625434.270,-33.203,-39.062,-38.086,-48.340,0.000
1728625434.273,-52.246,-37.598,-37.598,-28.320,0.000
1728625434.277,-33.203,-43.457,-34.668,8.301,0.000
1728625434.281,-27.344,-40.527,-27.832,1.953,0.000
1728625434.285,-32.227,-34.668,-31.738,-43.457,0.000
1728625434.289,-13.184,-38.574,-34.668,-51.270,0.000
1728625434.293,-32.715,-26.367,-35.156,-37.598,0.000
1728625434.297,-41.016,-20.996,-30.762,0.977,0.000
1728625434.301,-34.180,-30.273,-41.016,-2.441,0.000
1728625434.305,-32.227,-41.992,-49.805,-45.410,0.000
1728625434.309,-15.625,-37.109,-40.527,-49.316,0.000
1728625434.312,-34.180,-36.133,-37.598,-45.898,0.000
1728625434.316,-33.203,-27.344,-32.227,-13.184,0.000
1728625434.320,-29.297,-23.438,-42.969,-5.859,0.000
1728625434.324,-34.668,-39.551,-51.270,-43.457,0.000
1728625434.328,-12.695,-36.133,-44.922,-44.922,0.000
1728625434.332,-36.621,-34.180,-42.480,-39.551,0.000
1728625434.336,-48.828,-24.414,-37.598,-11.719,0.000
1728625434.340,-37.109,-17.090,-37.598,-7.324,0.000
1728625434.344,-42.969,-29.297,-44.434,-56.152,0.000
1728625434.348,-23.438,-30.273,-41.504,-58.594,0.000
1728625434.352,-32.227,-29.297,-35.645,-40.039,0.000
1728625434.355,-45.410,-34.180,-35.645,-7.324,0.000
1728625434.359,-24.902,-34.180,-36.621,11.230,0.000
1728625434.363,-16.113,-29.785,-32.227,-28.320,0.000
1728625434.367,-9.277,-25.391,-34.180,-54.199,0.000
1728625434.371,-20.508,-31.738,-42.480,-52.734,0.000
1728625434.375,-34.180,-39.062,-38.574,-14.160,0.000
1728625434.379,-34.180,-34.668,-36.133,21.484,0.000
1728625434.383,-40.527,-31.738,-35.645,-30.273,0.000
1728625434.387,-20.508,-30.273,-39.551,-61.035,0.000
1728625434.391,-24.414,-37.598,-41.016,-49.805,0.000
1728625434.394,-47.852,-41.504,-26.367,-21.973,0.000
1728625434.398,0.000,-27.832,-21.973,9.766,0.000
1728625434.402,0.000,-25.391,-28.809,-27.832,0.000
1728625434.406,0.000,-30.762,-26.855,-59.570,0.000
1728625434.410,0.000,-35.645,-31.738,-51.758,0.000
1728625434.414,0.000,-41.504,-41.992,-33.691,0.000
1728625434.418,0.000,-40.527,-42.969,14.648,0.000
1728625434.422,0.000,-42.969,-48.828,-6.348,0.000
1728625434.426,0.000,-37.109,-44.922,-51.270,0.000
1728625434.430,0.000,-31.738,-41.016,-50.293,0.000
1728625434.434,0.000,-38.086,-44.922,-20.020,0.000
1728625434.437,0.000,-27.344,-36.133,16.113,0.000
1728625434.441,0.000,-24.414,-37.598,-15.137,0.000
1728625434.445,-34.180,-33.203,-40.039,-56.152,0.000
1728625434.449,-16.113,-36.621,-39.062,-51.758,0.000
1728625434.453,-27.344,-41.504,-37.598,-21.484,0.000
1728625434.457,-14.160,-37.598,-35.645,18.555,0.000
1728625434.461,-26.855,-34.668,-36.621,-6.836,0.000
1728625434.465,-22.949,-40.527,-36.621,-53.711,0.000
1728625434.469,-11.719,-37.598,-33.203,-47.852,0.000
1728625434.473,-33.691,-26.367,-28.809,-40.039,0.000
1728625434.476,-35.645,-24.902,-32.715,-16.113,0.000
1728625434.480,-37.109,-30.762,-36.621,-16.113,0.000
1728625434.484,-26.367,-38.574,-38.086,-48.828,0.000
1728625434.488,-13.184,-43.457,-41.504,-59.570,0.000
1728625434.492,-43.945,-43.945,-39.551,-51.270,0.000
1728625434.496,-45.410,-41.016,-35.156,-12.695,0.000
1728625434.500,-37.598,-40.527,-39.551,-7.812,0.000
1728625434.504,-26.367,-40.039,-41.504,-39.062,0.000
1728625434.508,-6.836,-38.574,-39.551,-41.016,0.000
1728625434.512,-37.109,-38.574,-45.898,-38.574,0.000
1728625434.516,-44.922,-38.086,-41.504,-0.488,0.000
1728625434.519,-50.293,-38.574,-39.062,4.883,0.000
1728625434.523,-50.293,-42.969,-46.875,-55.176,0.000
1728625434.527,-21.484,-55.176,-51.270,-70.801,0.000
1728625434.531,-47.852,-54.688,-51.270,-54.688,0.000
1728625434.535,-62.500,-44.434,-49.805,-22.461,0.000
1728625434.539,0.000,-43.945,-54.688,-11.230,0.000
1728625434.543,0.000,-36.621,-48.828,-54.688,0.000
1728625434.547,0.000,-26.855,-41.504,-69.336,0.000
1728625434.551,0.000,-33.691,-46.875,-47.363,0.000
1728625434.555,0.000,-44.922,-47.363,-14.648,0.000
1728625434.559,0.000,-42.969,-43.457,9.277,0.000
1728625434.562,0.000,-41.016,-44.922,-28.809,0.000
1728625434.566,0.000,-36.133,-48.828,-77.637,0.000
1728625434.570,0.000,-36.621,-41.504,-64.941,0.000
1728625434.574,0.000,-33.691,-34.180,-20.508,0.000
1728625434.578,0.000,-22.461,-30.273,1.465,0.000
1728625434.582,0.000,-32.227,-39.551,-28.809,0.000
1728625434.586,-12.695,-41.016,-41.992,-57.129,0.000
1728625434.590,-10.254,-34.180,-39.551,-46.875,0.000
1728625434.594,-22.949,-24.414,-33.203,-8.301,0.000
1728625434.598,-14.160,-28.809,-28.320,26.367,0.000
1728625434.602,-22.461,-36.133,-38.086,-16.113,0.000
1728625434.605,-17.578,-33.203,-42.969,-52.246,0.000
1728625434.609,-23.438,-36.133,-39.062,-42.969,0.000
1728625434.613,-44.434,-29.785,-35.156,-16.602,0.000
1728625434.617,-16.602,-28.809,-36.133,17.090,0.000
1728625434.621,-25.879,-38.086,-40.039,-10.254,0.000
1728625434.625,-30.762,-41.992,-46.387,-55.664,0.000
1728625434.629,-15.625,-44.922,-42.969,-54.688,0.000
1728625434.633,-32.227,-40.527,-35.156,-26.855,0.000
1728625434.637,-37.598,-39.062,-28.320,17.090,0.000
1728625434.641,-37.598,-39.062,-29.297,-9.277,0.000
1728625434.645,-12.695,-38.574,-36.133,-38.574,0.000
1728625434.648,-5.371,-40.527,-32.227,-38.086,0.000
1728625434.652,-36.621,-42.480,-31.250,-43.945,0.000
1728625434.656,-34.180,-30.762,-33.203,9.766,0.000
1728625434.660,-23.438,-28.809,-41.992,8.301,0.000
1728625434.664,-21.484,-39.551,-43.945,-39.062,0.000
1728625434.668,-13.672,-30.273,-31.250,-51.270,0.000
1728625434.672,-29.785,-21.973,-28.320,-27.832,0.000
1728625434.676,-26.367,-31.250,-34.668,14.648,0.000
1728625434.680,-26.855,-44.434,-36.133,2.930,0.000
1728625434.684,-27.344,-44.434,-36.621,-37.109,0.000
1728625434.687,-10.742,-36.133,-36.621,-43.945,0.000
1728625434.691,-41.992,-44.922,-35.645,-33.691,0.000
1728625434.695,-35.645,-36.621,-20.508,2.930,0.000
1728625434.699,-15.625,-24.414,-15.625,9.277,0.000
1728625434.703,-41.016,-32.227,-30.273,-41.504,0.000
1728625434.707,-36.133,-42.480,-36.621,-58.105,0.000
1728625434.711,-46.875,-43.457,-33.691,-37.598,0.000
1728625434.715,-52.246,-30.273,-30.762,-11.230,0.000
1728625434.719,-42.480,-38.574,-30.762,-4.395,0.000
1728625434.723,-33.203,-40.039,-39.551,-35.156,0.000
1728625434.727,-8.789,-34.668,-42.480,-50.293,0.000
1728625434.730,-26.855,-38.086,-38.574,-48.340,0.000
1728625434.734,-31.250,-31.738,-39.062,-3.906,0.000
1728625434.738,-24.902,-31.738,-42.969,19.043,0.000
1728625434.742,-35.645,-36.621,-48.828,-38.574,0.000
1728625434.746,-16.113,-36.133,-47.363,-71.289,0.000
1728625434.750,-14.648,-40.527,-47.363,-53.711,0.000
1728625434.754,-25.391,-33.691,-41.016,-8.789,0.000
1728625434.758,-27.344,-31.250,-41.992,4.883,0.000
1728625434.762,-44.434,-39.551,-50.781,-31.250,0.000
1728625434.766,-25.879,-46.875,-52.246,-49.805,0.000
1728625434.769,-25.391,-50.781,-52.734,-56.152,0.000
1728625434.773,-37.109,-47.363,-44.922,-33.203,0.000
1728625434.777,-17.090,-41.016,-43.945,0.977,0.000
1728625434.781,-24.414,-31.738,-47.363,-30.273,0.000
1728625434.785,-15.137,-31.250,-44.922,-47.852,0.000
1728625434.789,-20.020,-38.086,-49.316,-53.711,0.000
1728625434.793,-44.434,-40.527,-48.828,-39.551,0.000
1728625434.797,-28.320,-37.109,-45.898,5.371,0.000
1728625434.801,-38.086,-37.109,-43.457,-21.973,0.000
1728625434.805,-32.715,-37.598,-31.250,-67.383,0.000
1728625434.809,-17.578,-45.898,-38.086,-64.941,0.000
1728625434.812,-37.109,-41.016,-41.992,-33.691,0.000
1728625434.816,-32.227,-30.762,-31.738,10.742,0.000
1728625434.820,-25.879,-34.668,-31.738,-7.324,0.000
1728625434.824,-17.578,-39.062,-36.133,-44.922,0.000
1728625434.828,-15.625,-37.598,-33.691,-33.203,0.000
1728625434.832,-38.574,-40.039,-34.180,-23.926,0.000
1728625434.836,-23.926,-42.969,-32.715,9.766,0.000
1728625434.840,-20.020,-41.016,-29.785,17.090,0.000
1728625434.844,-21.973,-40.527,-34.668,-26.855,0.000
1728625434.848,-12.207,-35.645,-33.203,-47.852,0.000
1728625434.851,-40.527,-40.527,-33.691,-30.762,0.000
1728625434.855,-34.668,-47.363,-38.574,12.695,0.000
1728625434.859,-36.621,-45.410,-44.922,-4.883,0.000
1728625434.863,-31.738,-40.039,-50.781,-53.223,0.000
1728625434.867,-2.441,-30.762,-44.922,-47.363,0.000
1728625434.871,-20.508,-22.949,-46.875,-40.039,0.000
1728625434.875,-24.902,-24.414,-44.434,4.395,0.000
1728625434.879,-35.645,-28.320,-34.668,10.254,0.000
1728625434.883,-43.945,-33.203,-40.039,-51.758,0.000
1728625434.887,-14.648,-37.109,-43.945,-59.082,0.000
1728625434.891,-26.367,-29.297,-43.457,-45.898,0.000
1728625434.894,-36.621,-32.227,-33.203,-10.254,0.000
1728625434.898,-26.367,-42.480,-29.297,0.977,0.000
1728625434.902,-30.762,-46.875,-36.621,-42.969,0.000
1728625434.906,-20.020,-42.969,-40.039,-66.406,0.000
1728625434.910,-33.691,-37.109,-45.410,-57.617,0.000
1728625434.914,-37.598,-44.434,-39.551,-12.695,0.000
1728625434.918,-26.367,-35.645,-28.320,13.184,0.000
1728625434.922,-34.180,-28.809,-30.273,-29.297,0.000
1728625434.926,-21.484,-41.504,-37.109,-59.082,0.000
1728625434.930,-35.645,-45.410,-38.086,-48.340,0.000
1728625434.934,-50.293,-43.945,-29.297,-3.906,0.000
1728625434.937,-30.273,-42.969,-31.250,18.555,0.000
1728625434.941,-33.203,-34.668,-33.691,-23.926,0.000
1728625434.945,-5.371,-39.062,-38.574,-45.898,0.000
1728625434.949,-17.090,-42.480,-42.480,-39.551,0.000
1728625434.953,-41.504,-31.250,-28.320,-13.184,0.000
1728625434.957,-25.879,-31.738,-27.344,17.090,0.000
1728625434.961,-39.062,-42.969,-41.504,-13.672,0.000
1728625434.965,-29.785,-43.457,-39.062,-49.316,0.000
1728625434.969,-27.344,-33.203,-38.086,-53.223,0.000
1728625434.973,-41.016,-33.691,-43.457,-22.949,0.000
1728625434.977,-32.715,-27.832,-34.180,27.344,0.000
1728625434.980,-20.508,-31.250,-38.086,-1.465,0.000
1728625434.984,-2.441,-37.598,-41.016,-59.082,0.000
1728625434.988,-15.137,-33.203,-41.992,-56.152,0.000
1728625434.992,-40.527,-38.086,-46.875,-8.301,0.000
1728625434.996,-31.250,-25.879,-36.621,20.020,0.000
1728625435.000,-39.062,-24.902,-36.621,-26.855,0.000
1728625435.004,-30.762,-38.086,-45.898,-60.547,0.000
1728625435.008,-20.996,-31.738,-39.062,-55.176,0.000
1728625435.012,-39.062,-30.273,-32.227,-36.621,0.000
1728625435.016,-37.109,-31.250,-39.551,2.441,0.000
1728625435.020,-45.410,-36.621,-47.852,-16.113,0.000
1728625435.023,-41.992,-41.504,-46.387,-52.246,0.000
1728625435.027,-14.648,-32.227,-42.969,-52.734,0.000
1728625435.031,-31.250,-34.180,-44.434,-40.039,0.000
1728625435.035,-33.691,-37.598,-39.551,21.484,0.000
1728625435.039,-31.738,-38.086,-40.527,19.043,0.000
1728625435.043,-34.668,-39.551,-41.016,-49.805,0.000
1728625435.047,-21.484,-38.574,-38.086,-60.059,0.000
1728625435.051,-34.180,-41.992,-37.598,-26.367,0.000
1728625435.055,-34.180,-41.016,-32.715,17.578,0.000
1728625435.059,-20.996,-30.273,-34.180,2.930,0.000
1728625435.062,-13.184,-28.320,-41.992,-44.434,0.000
1728625435.066,5.371,-32.227,-45.898,-60.059,0.000
1728625435.070,-18.066,-24.902,-41.992,-42.480,0.000
1728625435.074,-31.738,-31.738,-37.598,6.348,0.000
1728625435.078,-25.879,-37.598,-40.527,4.883,0.000
1728625435.082,-32.227,-38.574,-48.828,-36.133,0.000
1728625435.086,-23.438,-37.598,-45.898,-48.340,0.000
1728625435.090,-28.320,-35.645,-40.039,-43.945,0.000
1728625435.094,-27.344,-35.645,-37.109,-4.883,0.000
1728625435.098,-22.949,-30.762,-40.039,-1.465,0.000
1728625435.102,0.000,-29.785,-46.875,-46.387,0.000
1728625435.105,0.000,-29.297,-38.574,-49.805,0.000
1728625435.109,0.000,-31.738,-30.762,-43.945,0.000
1728625435.113,0.000,-40.039,-37.598,-25.391,0.000
1728625435.117,0.000,-37.109,-31.738,-2.930,0.000
1728625435.121,0.000,-42.480,-28.809,-32.227,0.000
1728625435.125,0.000,-41.504,-34.668,-62.988,0.000
1728625435.129,0.000,-30.762,-43.945,-59.570,0.000
1728625435.133,0.000,-35.156,-52.246,-35.645,0.000
1728625435.137,0.000,-35.156,-45.410,-11.230,0.000
1728625435.141,0.000,-33.691,-47.852,-45.898,0.000
1728625435.144,0.000,-33.691,-48.828,-77.148,0.000
1728625435.148,-36.621,-39.062,-45.898,-60.547,0.000
1728625435.152,-58.594,-50.781,-42.480,-15.625,0.000
1728625435.156,-42.969,-41.992,-32.227,26.367,0.000
1728625435.160,-28.809,-33.691,-38.574,-4.395,0.000
1728625435.164,-15.137,-35.156,-44.434,-50.781,0.000
1728625435.168,-6.836,-32.715,-37.598,-52.734,0.000
1728625435.172,-40.039,-36.133,-33.203,-13.184,0.000
1728625435.176,-41.992,-33.203,-34.668,17.578,0.000
1728625435.180,-39.062,-37.598,-37.598,-22.461,0.000
1728625435.183,-32.715,-39.551,-40.527,-62.988,0.000
1728625435.187,-17.090,-36.621,-38.574,-56.152,0.000
1728625435.191,-49.805,-44.922,-34.180,-28.320,0.000
1728625435.195,-55.664,-45.898,-35.645,8.789,0.000
1728625435.199,-43.457,-45.898,-44.922,-21.973,0.000
1728625435.203,-11.719,-38.574,-45.898,-75.684,0.000
1728625435.207,-3.418,-27.344,-37.598,-51.270,0.000
1728625435.211,-29.785,-22.949,-29.297,-15.137,0.000
1728625435.215,-32.227,-30.762,-31.738,5.371,0.000
1728625435.219,-41.504,-43.457,-34.668,-13.672,0.000
1728625435.222,-24.902,-41.504,-36.621,-53.711,0.000
1728625435.226,-8.789,-44.922,-36.621,-55.664,0.000
1728625435.230,-40.527,-47.852,-36.133,-25.879,0.000
1728625435.234,-38.574,-30.273,-36.621,12.207,0.000
1728625435.238,-29.785,-28.320,-35.645,1.465,0.000
1728625435.242,-43.457,-41.992,-43.457,-40.527,0.000
1728625435.246,-25.879,-42.480,-41.992,-46.875,0.000
1728625435.250,-30.273,-38.086,-35.645,-33.691,0.000
1728625435.254,-49.805,-37.109,-39.551,6.348,0.000
1728625435.258,-49.805,-39.551,-42.969,8.301,0.000
1728625435.262,-41.504,-45.410,-41.992,-38.574,0.000
1728625435.266,-6.348,-44.922,-38.574,-51.758,0.000
1728625435.269,-28.320,-39.551,-39.551,-41.504,0.000
1728625435.273,-57.129,-43.945,-33.691,-5.371,0.000
1728625435.277,-39.062,-46.387,-33.203,-9.277,0.000
1728625435.281,-47.852,-48.828,-36.133,-55.176,0.000
1728625435.285,-33.691,-43.945,-28.809,-53.711,0.000
1728625435.289,-21.484,-34.180,-26.367,-25.391,0.000
1728625435.293,-30.762,-37.109,-24.902,12.695,0.000
1728625435.297,-31.738,-33.203,-20.508,27.832,0.000
1728625435.301,-36.621,-38.574,-32.715,-24.902,0.000
1728625435.305,-17.090,-39.551,-38.574,-51.758,0.000
1728625435.309,-22.461,-28.320,-34.668,-37.109,0.000
1728625435.312,-43.945,-38.086,-32.227,-1.953,0.000
1728625435.316,-34.668,-43.457,-35.645,5.371,0.000
1728625435.320,-25.391,-41.504,-52.734,-48.340,0.000
1728625435.324,-7.324,-43.457,-49.805,-70.312,0.000
1728625435.328,-23.926,-40.527,-38.086,-68.359,0.000
1728625435.332,-50.781,-40.039,-39.551,-22.949,0.000
1728625435.336,0.000,-44.922,-40.527,15.625,0.000
1728625435.340,0.000,-49.316,-47.852,-24.414,0.000
1728625435.344,0.000,-38.086,-48.340,-62.500,0.000
1728625435.348,0.000,-30.273,-38.086,-52.246,0.000
1728625435.352,0.000,-33.691,-32.227,-9.277,0.000
1728625435.355,0.000,-42.480,-34.668,7.324,0.000
1728625435.359,0.000,-46.875,-36.133,-35.645,0.000
1728625435.363,0.000,-44.434,-43.945,-65.918,0.000
1728625435.367,0.000,-38.574,-49.805,-50.293,0.000
1728625435.371,0.000,-35.645,-42.480,-23.926,0.000
1728625435.375,0.000,-34.668,-41.992,-3.906,0.000
1728625435.379,0.000,-37.598,-41.992,-22.949,0.000
1728625435.383,-27.832,-33.691,-37.109,-54.199,0.000
1728625435.387,-20.508,-34.668,-39.062,-49.805,0.000
1728625435.391,-40.039,-41.992,-39.551,-20.996,0.000
1728625435.395,-25.391,-38.086,-37.598,18.066,0.000
1728625435.398,-30.762,-33.203,-37.598,-1.953,0.000
1728625435.402,-39.062,-35.156,-48.828,-49.805,0.000
1728625435.406,-34.668,-35.645,-47.852,-58.594,0.000
1728625435.410,-50.781,-42.969,-41.992,-34.180,0.000
1728625435.414,-35.645,-40.527,-38.086,3.906,0.000
1728625435.418,-32.227,-35.645,-32.715,-12.695,0.000
1728625435.422,-33.203,-41.992,-37.598,-48.828,0.000
1728625435.426,-6.348,-32.715,-37.109,-51.758,0.000
1728625435.430,0.000,-30.762,-31.738,-29.297,0.000
1728625435.434,0.000,-36.621,-30.273,10.254,0.000
1728625435.437,0.000,-44.434,-40.527,-0.977,0.000
1728625435.441,0.000,-41.504,-47.363,-46.875,0.000
1728625435.445,0.000,-33.203,-41.016,-48.828,0.000
1728625435.449,0.000,-34.180,-36.133,-27.344,0.000
1728625435.453,0.000,-34.668,-35.645,6.348,0.000
1728625435.457,0.000,-37.109,-39.062,13.672,0.000
1728625435.461,0.000,-37.598,-36.621,-35.645,0.000
1728625435.465,0.000,-35.645,-37.109,-63.965,0.000
1728625435.469,0.000,-44.434,-47.363,-60.059,0.000
1728625435.473,0.000,-42.480,-47.852,-18.066,0.000
1728625435.477,-40.527,-36.133,-43.457,-8.301,0.000
1728625435.480,-36.133,-31.738,-42.969,-48.340,0.000
1728625435.484,-15.137,-27.832,-37.109,-48.828,0.000
1728625435.488,-36.133,-34.668,-39.062,-36.133,0.000
1728625435.492,-47.852,-36.621,-38.086,-11.719,0.000
1728625435.496,-35.156,-31.738,-35.645,-1.953,0.000
1728625435.500,-31.738,-38.574,-40.527,-40.527,0.000
1728625435.504,-5.859,-37.109,-40.039,-58.594,0.000
1728625435.508,-17.090,-32.715,-33.691,-38.574,0.000
1728625435.512,-41.016,-32.227,-37.598,-3.418,0.000
1728625435.516,-40.527,-27.832,-38.574,16.602,0.000
1728625435.519,-47.363,-36.621,-32.227,-22.461,0.000
1728625435.523,-34.180,-40.039,-34.668,-57.129,0.000
1728625435.527,-23.926,-37.109,-38.086,-53.711,0.000
1728625435.531,-31.250,-33.203,-28.320,-20.020,0.000
1728625435.535,-25.879,-34.180,-27.344,1.465,0.000
1728625435.539,-24.414,-38.086,-41.504,-46.387,0.000
1728625435.543,-26.367,-35.645,-40.039,-61.035,0.000
1728625435.547,-27.344,-32.715,-34.180,-36.621,0.000
1728625435.551,-38.086,-28.320,-30.762,-14.648,0.000
1728625435.555,-19.531,-20.996,-23.438,13.184,0.000
1728625435.558,-24.414,-26.855,-30.273,-22.461,0.000
1728625435.562,-19.531,-31.738,-38.574,-52.734,0.000
1728625435.566,-3.418,-24.414,-37.598,-39.062,0.000
1728625435.570,-25.391,-28.320,-37.598,-15.137,0.000
1728625435.574,-28.320,-34.668,-29.297,14.160,0.000
1728625435.578,-24.902,-27.832,-32.227,-12.695,0.000
1728625435.582,-5.371,-19.531,-38.086,-52.734,0.000
1728625435.586,-2.441,-19.043,-35.645,-57.617,0.000
1728625435.590,-34.668,-28.809,-43.457,-39.062,0.000
1728625435.594,-32.715,-34.668,-39.062,8.789,0.000
1728625435.597,-38.086,-38.086,-38.574,-6.836,0.000
1728625435.601,-30.762,-47.852,-44.922,-58.105,0.000
1728625435.605,-21.484,-44.922,-42.480,-58.594,0.000
1728625435.609,-43.945,-37.109,-40.527,-40.527,0.000
1728625435.613,-32.715,-40.039,-41.016,1.465,0.000
1728625435.617,-14.648,-39.551,-43.945,7.324,0.000
1728625435.621,-17.090,-34.180,-41.992,-42.480,0.000
1728625435.625,-11.719,-28.809,-37.598,-52.734,0.000
1728625435.629,-35.156,-31.738,-40.527,-32.227,0.000
1728625435.633,-47.852,-36.133,-35.156,1.953,0.000
1728625435.637,-51.758,-48.828,-43.945,-11.230,0.000
1728625435.641,-59.082,-65.918,-41.016,-77.148,0.000
1728625435.644,-27.832,-40.527,-26.855,-83.984,0.000
1728625435.648,-26.367,-41.016,-28.809,-41.992,0.000
1728625435.652,-52.246,-31.738,-28.320,-39.062,0.000
1728625435.656,-55.176,-9.277,-23.438,-51.270,0.000
1728625435.660,-26.367,-65.918,-15.137,-36.133,0.000
1728625435.664,-24.902,-40.527,-15.625,-97.656,0.000
1728625435.668,-65.918,-10.254,-35.156,-128.418,0.000
1728625435.672,-71.289,-83.984,-48.340,6.348,0.000
1728625435.676,-76.660,-50.293,-9.766,33.203,0.000
1728625435.680,39.062,-36.133,-38.086,14.160,0.000
1728625435.684,69.824,-36.621,-49.316,-37.109,0.000
1728625435.687,-51.758,-10.254,-38.086,-72.754,0.000
1728625435.691,-97.168,26.367,-123.535,-40.039,0.000
1728625435.695,-116.211,28.809,-54.199,-90.332,0.000
1728625435.699,-105.957,-41.992,-7.812,-117.188,0.000
1728625435.703,15.137,-54.199,-92.773,-16.602,0.000
1728625435.707,85.449,-64.453,-57.129,20.996,0.000
1728625435.711,-205.078,-32.715,29.785,-147.949,0.000
1728625435.715,-208.984,-17.090,-28.809,-161.133,0.000
1728625435.719,-2.441,-33.203,-110.352,-6.836,0.000
1728625435.723,-34.180,-16.113,-98.145,18.066,0.000
1728625435.727,65.918,-78.613,-85.938,92.773,0.000
1728625435.730,84.961,-65.918,-33.203,87.402,0.000
1728625435.734,46.387,-78.125,-37.109,39.551,0.000
1728625435.738,98.145,-73.242,-84.961,95.703,0.000
1728625435.742,40.039,-59.082,-70.312,44.434,0.000
1728625435.746,-8.301,-7.324,-69.824,-31.738,0.000
1728625435.750,-65.918,0.488,-100.586,5.371,0.000
1728625435.754,38.086,-122.559,-61.035,124.023,0.000
1728625435.758,67.871,-35.156,-52.246,95.215,0.000
1728625435.762,26.367,-45.898,-63.965,-10.254,0.000
1728625435.766,-13.672,-135.254,8.301,-35.645,0.000
1728625435.769,6.836,-72.754,-8.789,-0.488,0.000
1728625435.773,80.566,-29.785,-95.703,112.305,0.000
1728625435.777,28.809,-33.203,-68.359,83.984,0.000
1728625435.781,-7.812,-54.688,-43.457,-53.223,0.000
1728625435.785,38.086,-44.434,-66.895,16.113,0.000
1728625435.789,-9.277,0.488,-66.406,42.480,0.000
1728625435.793,-11.719,-28.320,-63.477,50.781,0.000
1728625435.797,53.711,-89.844,-42.969,92.773,0.000
1728625435.801,8.301,-66.895,-60.547,-15.137,0.000
1728625435.805,44.434,-46.387,0.000,-36.621,0.000
1728625435.809,40.527,-81.543,0.000,37.109,0.000
1728625435.812,-52.734,-45.410,0.000,33.203,0.000
1728625435.816,-53.711,-8.301,0.000,-34.180,0.000
1728625435.820,-29.297,-24.414,0.000,-75.684,0.000
1728625435.824,33.691,-43.945,0.000,-26.855,0.000
1728625435.828,56.152,-83.984,0.000,53.223,0.000
1728625435.832,19.043,-65.430,0.000,88.379,0.000
1728625435.836,-25.879,-32.227,0.000,63.477,0.000
1728625435.840,-14.648,-24.414,0.000,15.137,0.000
1728625435.844,7.324,-52.246,0.000,-25.879,0.000
1728625435.848,-22.461,-50.293,0.000,-22.461,0.000
1728625435.851,-23.438,-55.664,-54.199,28.809,0.000
1728625435.855,-9.277,-45.898,-40.039,33.691,0.000
1728625435.859,-21.484,-30.762,-41.992,-7.812,0.000
1728625435.863,0.000,-42.480,-42.969,-35.645,0.000
1728625435.867,6.348,-36.621,-37.598,-23.438,0.000
1728625435.871,-12.695,-31.738,-41.016,15.137,0.000
1728625435.875,-19.531,-36.133,-33.691,26.855,0.000
1728625435.879,-43.945,-48.828,-40.527,-12.207,0.000
1728625435.883,-19.043,-43.457,-45.898,-47.363,0.000
1728625435.887,-10.254,-39.062,-42.969,-31.250,0.000
1728625435.891,-41.016,-32.715,-40.039,13.184,0.000
1728625435.894,-31.250,-22.461,-40.039,12.695,0.000
1728625435.898,-9.277,-47.363,-44.434,-35.156,0.000
1728625435.902,-4.395,-44.922,-45.410,-49.805,0.000
1728625435.906,-7.324,-27.832,-46.387,-41.016,0.000
1728625435.910,-23.926,-30.762,-36.621,-9.766,0.000
1728625435.914,-14.648,-25.879,-30.762,16.113,0.000
1728625435.918,-17.090,-31.250,-38.574,-23.438,0.000
1728625435.922,-17.578,-33.691,-45.898,-55.176,0.000
1728625435.926,-17.090,-27.832,-44.434,-56.641,0.000
1728625435.930,-42.969,-31.250,-35.156,-28.809,0.000
1728625435.933,-39.062,-29.297,-38.086,4.395,0.000
1728625435.937,-37.598,-29.297,-47.363,-28.320,0.000
1728625435.941,-14.160,-29.785,-43.457,-52.734,0.000
1728625435.945,-0.488,-19.531,-39.551,-53.223,0.000
1728625435.949,-32.227,-28.809,-42.480,-30.762,0.000
1728625435.953,-32.227,-33.203,-37.598,23.438,0.000
1728625435.957,-45.898,-28.809,-42.969,-8.789,0.000
1728625435.961,-37.598,-35.645,-41.504,-70.801,0.000
1728625435.965,-13.184,-42.480,-35.645,-60.059,0.000
1728625435.969,-29.785,-39.062,-36.621,-29.785,0.000
1728625435.972,-30.762,-29.297,-32.715,-7.812,0.000
1728625435.976,-34.180,-30.273,-39.551,-29.297,0.000
1728625435.980,-29.785,-38.086,-41.504,-65.918,0.000
1728625435.984,-23.926,-30.762,-37.109,-70.312,0.000
1728625435.988,-47.852,-28.320,-39.062,-52.734,0.000
1728625435.992,-45.410,-38.574,-32.227,-3.418,0.000
1728625435.996,-48.340,-32.227,-32.715,-13.672,0.000
1728625436.000,-42.480,-15.137,-40.527,-62.012,0.000
1728625436.004,-26.367,-22.461,-41.992,-77.148,0.000
1728625436.008,-50.781,-35.156,-47.852,-75.195,0.000
1728625436.012,-48.340,-37.109,-45.410,-26.855,0.000
1728625436.016,-43.945,-29.785,-41.992,-24.902,0.000
1728625436.019,-52.246,-26.367,-43.945,-54.199,0.000
1728625436.023,-21.973,-37.598,-43.457,-65.430,0.000
1728625436.027,-28.809,-38.574,-48.828,-79.590,0.000
1728625436.031,-42.480,-26.855,-42.969,-42.480,0.000
1728625436.035,-29.297,-22.949,-26.367,-13.672,0.000
1728625436.039,-43.457,-39.551,-33.203,-53.711,0.000
1728625436.043,-39.062,-32.715,-33.203,-74.219,0.000
1728625436.047,-41.992,-28.809,-24.902,-67.871,0.000
1728625436.051,-45.410,-37.109,-19.043,-23.926,0.000
1728625436.055,-30.762,-36.621,-21.484,0.488,0.000
1728625436.059,-39.062,-42.480,-33.203,-46.875,0.000
1728625436.062,-35.156,-33.203,-33.203,-75.195,0.000
1728625436.066,-45.898,-29.297,-31.738,-69.336,0.000
1728625436.070,-66.406,-40.039,-35.645,-25.879,0.000
1728625436.074,-57.129,-40.527,-36.133,-10.254,0.000
1728625436.078,-43.945,-37.598,-41.992,-56.152,0.000
1728625436.082,-19.043,-39.551,-37.598,-65.430,0.000
1728625436.086,-31.738,-45.410,-33.203,-62.500,0.000
1728625436.090,-67.383,-49.316,-33.691,-51.270,0.000
1728625436.094,-54.199,-40.039,-28.809,-17.090,0.000
1728625436.098,-48.828,-31.250,-34.180,-50.781,0.000
1728625436.102,-31.738,-21.484,-41.016,-92.285,0.000
1728625436.105,-38.574,-32.227,-41.504,-85.449,0.000
1728625436.109,-52.734,-42.969,-37.109,-47.363,0.000
1728625436.113,-46.387,-30.273,-34.180,-5.371,0.000
1728625436.117,-59.570,-39.551,-43.457,-33.691,0.000
1728625436.121,-41.992,-45.410,-42.480,-81.055,0.000
1728625436.125,-38.574,-33.203,-39.062,-81.055,0.000
1728625436.129,-50.293,-34.668,-38.574,-38.574,0.000
1728625436.133,-31.250,-33.691,-37.598,3.418,0.000
1728625436.137,-27.832,-31.738,-33.691,-25.879,0.000
1728625436.141,-21.973,-40.527,-32.715,-63.477,0.000
1728625436.144,-33.691,-46.875,-44.922,-65.430,0.000
1728625436.148,-53.711,-47.363,-44.922,-37.109,0.000
1728625436.152,-42.480,-41.504,-34.180,9.766,0.000
1728625436.156,-43.457,-41.992,-35.645,-22.949,0.000
1728625436.160,-22.461,-40.039,-39.062,-75.684,0.000
1728625436.164,-8.301,-30.273,-31.250,-69.336,0.000
1728625436.168,-41.016,-40.527,-26.855,-43.457,0.000
1728625436.172,-52.246,-44.434,-32.227,-1.953,0.000
1728625436.176,-49.805,-44.922,-37.109,-20.020,0.000
1728625436.180,-32.227,-48.828,-40.039,-54.688,0.000
1728625436.184,-21.484,-38.086,-36.133,-48.340,0.000
1728625436.187,-51.758,-34.668,-34.180,-42.480,0.000
1728625436.191,-46.875,-38.086,-30.273,-0.488,0.000
1728625436.195,-34.668,-24.414,-25.391,7.812,0.000
1728625436.199,-31.250,-23.926,-30.273,-48.828,0.000
1728625436.203,-16.113,-38.086,-38.086,-62.500,0.000
1728625436.207,-41.016,-49.316,-42.969,-31.738,0.000
1728625436.211,-46.875,-42.969,-36.621,7.324,0.000
1728625436.215,-32.227,-38.574,-32.715,-6.836,0.000
1728625436.219,-37.109,-40.527,-43.945,-53.223,0.000
1728625436.223,-27.832,-32.715,-41.992,-60.059,0.000
1728625436.226,-37.109,-28.320,-34.180,-54.688,0.000
1728625436.230,-40.039,-26.367,-30.273,-10.254,0.000
1728625436.234,-23.926,-25.391,-37.109,0.000,0.000
1728625436.238,-39.062,-36.133,-43.945,-59.082,0.000
1728625436.242,-26.855,-49.805,-40.527,-78.613,0.000
1728625436.246,-33.691,-48.340,-46.387,-62.988,0.000
1728625436.250,-52.734,-45.410,-42.480,-16.113,0.000
1728625436.254,-35.645,-40.039,-29.785,9.277,0.000
1728625436.258,-39.062,-31.738,-30.273,-43.945,0.000
1728625436.262,-26.367,-36.621,-33.691,-66.406,0.000
1728625436.266,-26.367,-43.457,-37.109,-49.805,0.000
1728625436.269,-38.574,-36.621,-34.668,-13.672,0.000
1728625436.273,-31.250,-25.391,-29.297,15.625,0.000
1728625436.277,-40.039,-33.691,-38.574,-26.855,0.000
1728625436.281,-17.578,-34.180,-40.039,-56.641,0.000
1728625436.285,-14.648,-35.645,-39.551,-53.711,0.000
1728625436.289,-36.133,-39.062,-36.621,-31.250,0.000
1728625436.293,-20.020,-27.344,-28.320,16.113,0.000
1728625436.297,-44.922,-35.156,-38.086,-9.766,0.000
1728625436.301,-51.758,-42.969,-38.574,-59.570,0.000
1728625436.305,-31.738,-40.527,-34.180,-63.477,0.000
1728625436.308,-54.199,-44.434,-35.645,-41.016,0.000
1728625436.312,-54.199,-37.598,-31.738,-3.418,0.000
1728625436.316,-49.805,-34.180,-41.016,-24.902,0.000
1728625436.320,-25.879,-37.598,-48.340,-62.500,0.000
1728625436.324,-15.137,-35.156,-39.551,-53.711,0.000
1728625436.328,-36.621,-32.227,-38.086,-26.855,0.000
1728625436.332,-30.273,-32.227,-35.645,10.254,0.000
1728625436.336,-36.621,-39.062,-40.039,-17.578,0.000
1728625436.340,-31.738,-52.246,-47.852,-57.129,0.000
1728625436.344,-8.301,-49.316,-44.922,-50.781,0.000
1728625436.347,-33.203,-33.203,-40.527,-41.016,0.000
1728625436.351,-40.039,-29.297,-36.621,7.324,0.000
1728625436.355,-40.527,-47.363,-42.480,-5.859,0.000
1728625436.359,-41.992,-48.340,-47.852,-65.430,0.000
1728625436.363,-28.809,-39.062,-41.992,-63.477,0.000
1728625436.367,-33.203,-40.527,-38.574,-27.832,0.000
1728625436.371,-32.227,-35.645,-35.156,8.301,0.000
1728625436.375,-29.785,-38.086,-36.621,-3.906,0.000
1728625436.379,-18.555,-36.621,-46.387,-47.363,0.000
1728625436.383,-6.348,-28.809,-42.969,-59.082,0.000
1728625436.387,-40.039,-43.945,-43.945,-39.551,0.000
1728625436.391,-39.062,-52.246,-45.898,1.953,0.000
1728625436.394,-27.344,-33.203,-40.527,-2.441,0.000
1728625436.398,-41.992,-36.133,-41.504,-45.898,0.000
1728625436.402,-23.438,-50.293,-41.016,-62.500,0.000
1728625436.406,-23.438,-41.992,-43.457,-55.176,0.000
1728625436.410,-36.133,-30.273,-39.062,-1.465,0.000
1728625436.414,-42.969,-31.250,-38.086,4.883,0.000
1728625436.418,-41.992,-37.598,-44.922,-41.992,0.000
1728625436.422,-21.973,-30.273,-41.504,-45.410,0.000
1728625436.426,-32.227,-32.227,-43.457,-46.387,0.000
1728625436.430,-49.805,-44.922,-41.016,-20.020,0.000
1728625436.434,-38.574,-42.969,-37.598,7.324,0.000
1728625436.437,-30.762,-36.621,-40.039,-37.598,0.000
1728625436.441,-18.555,-37.598,-36.133,-57.129,0.000
1728625436.445,-21.973,-48.340,-41.992,-41.016,0.000
1728625436.449,-30.762,-44.434,-40.527,1.465,0.000
1728625436.453,-22.949,-25.391,-30.762,30.762,0.000
1728625436.457,-28.320,-32.227,-39.551,-20.508,0.000
1728625436.461,-13.672,-49.316,-36.133,-45.410,0.000
1728625436.465,-20.020,-43.457,-35.156,-33.203,0.000
1728625436.469,-54.199,-38.574,-32.715,-10.742,0.000
1728625436.473,-38.086,-41.992,-29.297,20.508,0.000
1728625436.477,-30.273,-40.527,-37.598,-20.020,0.000
1728625436.480,-14.160,-31.738,-34.668,-60.547,0.000
1728625436.484,-20.020,-29.297,-32.227,-46.387,0.000
1728625436.488,-45.410,-40.527,-33.203,-10.742,0.000
1728625436.492,-41.992,-50.781,-39.062,11.230,0.000
1728625436.496,-43.457,-48.340,-45.410,-30.273,0.000
1728625436.500,-32.715,-34.180,-40.527,-61.035,0.000
1728625436.504,-26.855,-43.457,-35.645,-44.922,0.000
1728625436.508,-37.109,-49.805,-41.016,-27.344,0.000
1728625436.512,-20.508,-26.855,-27.832,8.301,0.000
1728625436.516,-23.438,-17.090,-23.926,-9.766,0.000
1728625436.519,-27.832,-32.227,-41.504,-63.965,0.000
1728625436.523,-22.461,-36.133,-41.504,-62.500,0.000
1728625436.527,-38.086,-38.086,-35.645,-34.180,0.000
1728625436.531,-30.273,-40.527,-36.621,2.930,0.000
1728625436.535,-33.203,-45.410,-41.992,-6.348,0.000
1728625436.539,-21.484,-47.852,-44.434,-46.875,0.000
1728625436.543,-2.930,-36.133,-34.668,-53.223,0.000
1728625436.547,-27.344,-32.227,-30.273,-27.344,0.000
1728625436.551,-22.949,-38.086,-30.762,12.695,0.000
1728625436.555,-9.277,-41.016,-34.668,-4.883,0.000
1728625436.559,-24.414,-38.086,-41.992,-54.688,0.000
1728625436.562,-20.508,-40.527,-43.457,-56.152,0.000
1728625436.566,-39.062,-45.410,-48.828,-36.133,0.000
1728625436.570,-31.738,-37.598,-35.156,5.859,0.000
1728625436.574,-17.090,-37.109,-25.391,6.836,0.000
1728625436.578,-20.996,-34.668,-35.156,-45.410,0.000
1728625436.582,-3.906,-35.156,-39.551,-57.617,0.000
1728625436.586,-36.133,-41.992,-38.574,-48.828,0.000
1728625436.590,-49.316,-37.598,-31.738,-19.531,0.000
1728625436.594,-27.832,-32.227,-34.668,-9.277,0.000
1728625436.598,-25.391,-33.203,-38.574,-39.062,0.000
1728625436.601,-12.207,-26.367,-36.133,-57.129,0.000
1728625436.605,-27.832,-22.461,-36.133,-49.316,0.000
1728625436.609,-32.227,-29.297,-35.156,-13.672,0.000
1728625436.613,-24.414,-34.180,-39.551,-6.348,0.000
1728625436.617,-35.156,-39.062,-48.828,-53.711,0.000
1728625436.621,-16.602,-40.527,-42.969,-66.406,0.000
1728625436.625,-21.484,-41.016,-36.621,-43.945,0.000
1728625436.629,-35.156,-40.039,-41.992,-15.137,0.000
1728625436.633,-17.090,-27.344,-38.574,-10.254,0.000
1728625436.637,-25.879,-25.391,-38.574,-40.527,0.000
1728625436.641,-23.438,-28.809,-41.016,-46.387,0.000
1728625436.644,-31.738,-33.203,-36.621,-43.457,0.000
1728625436.648,-44.434,-39.062,-39.551,-23.438,0.000
1728625436.652,-30.273,-35.156,-42.480,7.324,0.000
1728625436.656,-28.809,-33.691,-36.133,-28.320,0.000
1728625436.660,-11.230,-33.691,-33.691,-68.359,0.000
1728625436.664,-8.789,-33.203,-36.133,-52.734,0.000
1728625436.668,-26.855,-39.551,-30.762,-9.766,0.000
1728625436.672,-18.555,-45.898,-33.203,13.184,0.000
1728625436.676,-38.086,-41.016,-38.086,-24.414,0.000
1728625436.680,-39.062,-36.133,-34.668,-52.734,0.000
1728625436.683,-25.879,-39.062,-37.598,-51.270,0.000
1728625436.687,-53.711,-37.109,-37.109,-28.320,0.000
1728625436.691,-52.246,-31.738,-28.320,13.672,0.000
1728625436.695,-49.805,-28.320,-34.668,-15.625,0.000
1728625436.699,-29.785,-28.320,-39.551,-62.012,0.000
1728625436.703,-12.695,-30.762,-43.457,-70.312,0.000
1728625436.707,-48.340,-32.227,-41.016,-42.480,0.000
1728625436.711,-38.086,-32.227,-37.598,-5.859,0.000
1728625436.715,-21.484,-42.969,-45.898,-19.531,0.000
1728625436.719,-24.902,-42.480,-49.805,-60.059,0.000
1728625436.722,-20.020,-26.855,-43.945,-70.801,0.000
1728625436.726,-33.691,-27.832,-33.691,-44.922,0.000
1728625436.730,-31.250,-29.785,-27.344,-6.836,0.000
1728625436.734,-27.832,-32.715,-33.691,-26.367,0.000
1728625436.738,-14.648,-31.250,-35.156,-68.848,0.000
1728625436.742,2.930,-26.367,-33.691,-57.129,0.000
1728625436.746,-20.508,-26.855,-32.715,-32.715,0.000
1728625436.750,-26.855,-24.902,-29.785,-1.465,0.000
1728625436.754,-37.598,-31.250,-35.645,-12.207,0.000
1728625436.758,-42.480,-35.645,-43.945,-67.871,0.000
1728625436.762,-18.066,-36.133,-42.969,-66.895,0.000
1728625436.766,-45.898,-30.762,-36.133,-33.203,0.000
1728625436.769,-50.293,-29.785,-27.344,10.254,0.000
1728625436.773,-24.414,-30.762,-32.227,9.277,0.000
1728625436.777,-36.621,-41.504,-44.922,-43.945,0.000
1728625436.781,-22.949,-45.410,-44.434,-69.824,0.000
1728625436.785,-32.227,-33.203,-38.086,-57.617,0.000
1728625436.789,-56.641,-41.504,-39.062,-2.930,0.000
1728625436.793,-44.434,-42.969,-38.574,7.812,0.000
1728625436.797,-39.062,-34.180,-33.203,-40.039,0.000
1728625436.801,-20.020,-29.785,-34.180,-60.547,0.000
1728625436.805,-25.879,-30.273,-40.527,-57.617,0.000
1728625436.809,-26.367,-42.480,-43.457,-17.090,0.000
1728625436.812,-13.184,-36.621,-43.457,-6.348,0.000
1728625436.816,-41.504,-33.203,-44.434,-59.570,0.000
1728625436.820,-25.391,-48.340,-45.898,-67.871,0.000
1728625436.824,-31.738,-50.293,-38.574,-46.875,0.000
1728625436.828,-56.641,-39.551,-28.809,-18.066,0.000
1728625436.832,-26.367,-28.320,-29.785,4.395,0.000
1728625436.836,-19.531,-27.832,-35.156,-33.203,0.000
1728625436.840,-20.508,-34.180,-44.434,-84.473,0.000
1728625436.844,-22.949,-41.504,-46.875,-83.008,0.000
1728625436.848,-44.434,-42.969,-41.504,-36.133,0.000
1728625436.852,-35.156,-35.156,-45.898,-12.695,0.000
1728625436.855,-26.367,-33.691,-51.270,-33.691,0.000
1728625436.859,-26.367,-33.203,-41.992,-64.941,0.000
1728625436.863,-32.227,-36.133,-26.367,-55.176,0.000
1728625436.867,-46.387,-45.898,-29.297,-15.137,0.000
1728625436.871,-44.922,-48.340,-32.715,4.883,0.000
1728625436.875,-39.551,-46.387,-28.320,-16.602,0.000
1728625436.879,-23.926,-47.852,-32.227,-48.340,0.000
1728625436.883,-21.484,-38.574,-31.738,-52.246,0.000
1728625436.887,-41.992,-35.645,-31.250,-20.996,0.000
1728625436.891,-42.480,-43.457,-30.762,11.719,0.000
1728625436.894,-36.133,-44.434,-35.156,-17.090,0.000
1728625436.898,-27.344,-41.016,-41.016,-57.129,0.000
1728625436.902,-43.945,-44.922,-41.016,-58.105,0.000
1728625436.906,-65.430,-42.969,-40.039,-26.367,0.000
1728625436.910,-45.410,-40.527,-37.109,15.137,0.000
1728625436.914,-48.828,-46.387,-43.457,-9.766,0.000
1728625436.918,-48.340,-45.410,-52.246,-63.477,0.000
1728625436.922,-27.344,-43.457,-53.711,-63.477,0.000
1728625436.926,-43.945,-47.363,-50.293,-35.645,0.000
1728625436.930,-41.016,-39.062,-41.016,14.160,0.000
1728625436.934,-45.410,-33.203,-44.922,-2.441,0.000
1728625436.937,-53.223,-41.992,-51.270,-61.035,0.000
1728625436.941,-23.926,-39.551,-44.922,-64.941,0.000
1728625436.945,-34.668,-39.062,-41.016,-46.875,0.000
1728625436.949,-36.621,-46.875,-40.527,-4.395,0.000
1728625436.953,-26.855,-46.387,-45.410,-11.719,0.000
1728625436.957,-29.297,-43.457,-46.387,-51.758,0.000
1728625436.961,-11.719,-32.715,-36.621,-50.293,0.000
1728625436.965,-30.273,-32.227,-38.574,-47.363,0.000
1728625436.969,-37.598,-41.504,-37.109,1.953,0.000
1728625436.973,-27.832,-43.945,-34.180,14.648,0.000
1728625436.976,-27.832,-44.434,-40.039,-36.621,0.000
1728625436.980,-11.230,-35.156,-41.992,-41.016,0.000
1728625436.984,-31.738,-38.574,-46.875,-42.480,0.000
1728625436.988,-52.734,-35.645,-42.480,-7.324,0.000
1728625436.992,-33.691,-24.414,-33.691,19.043,0.000
1728625436.996,-39.062,-40.527,-41.016,-32.715,0.000
1728625437.000,-22.949,-45.898,-42.969,-57.617,0.000
1728625437.004,-14.648,-45.898,-42.480,-46.387,0.000
1728625437.008,-29.785,-44.922,-37.598,-18.555,0.000
1728625437.012,-17.578,-44.922,-32.715,5.859,0.000
1728625437.016,-25.879,-44.922,-43.457,-29.297,0.000
1728625437.019,-21.484,-32.715,-43.457,-58.594,0.000
1728625437.023,-33.203,-39.062,-43.457,-52.246,0.000
1728625437.027,-44.434,-47.852,-42.969,-11.719,0.000
1728625437.031,-20.020,-31.250,-36.621,12.207,0.000
1728625437.035,-32.715,-29.297,-41.504,-35.156,0.000
1728625437.039,-21.973,-36.133,-34.668,-63.477,0.000
1728625437.043,-23.926,-48.340,-38.574,-63.477,0.000
1728625437.047,-41.992,-56.152,-44.922,-22.949,0.000
1728625437.051,-7.812,-43.457,-36.133,29.297,0.000
1728625437.055,-7.812,-41.016,-40.527,-10.254,0.000
1728625437.058,-3.906,-43.457,-45.898,-49.316,0.000
1728625437.062,8.301,-31.250,-39.551,-37.598,0.000
1728625437.066,-35.645,-36.621,-29.297,-11.719,0.000
1728625437.070,-39.551,-33.203,-21.484,26.367,0.000
1728625437.074,-28.809,-37.598,-26.855,0.488,0.000
1728625437.078,-23.926,-56.152,-36.621,-39.062,0.000
1728625437.082,-12.207,-48.828,-38.574,-38.574,0.000
1728625437.086,-24.902,-41.504,-37.109,-19.531,0.000
1728625437.090,-8.789,-38.086,-30.762,29.297,0.000
1728625437.094,-5.371,-36.621,-30.273,9.766,0.000
1728625437.097,-15.625,-24.414,-36.133,-46.387,0.000
1728625437.101,-12.695,-20.020,-45.898,-47.852,0.000
1728625437.105,-31.738,-37.598,-48.828,-25.879,0.000
1728625437.109,-28.320,-42.480,-34.180,15.625,0.000
1728625437.113,-32.227,-37.109,-38.086,2.441,0.000
1728625437.117,-21.484,-37.109,-49.316,-42.969,0.000
1728625437.121,-3.906,-31.250,-43.457,-56.641,0.000
1728625437.125,-34.180,-33.691,-43.945,-54.199,0.000
1728625437.129,-31.738,-33.203,-38.086,-5.371,0.000
1728625437.133,-25.391,-37.109,-41.504,-1.953,0.000
1728625437.137,-29.785,-43.457,-53.223,-51.270,0.000
1728625437.141,-16.602,-42.969,-43.945,-56.152,0.000
1728625437.144,-41.016,-40.527,-42.480,-36.621,0.000
1728625437.148,-45.410,-41.016,-38.574,5.859,0.000
1728625437.152,-32.715,-46.387,-36.621,17.578,0.000
1728625437.156,-31.738,-40.039,-52.246,-32.715,0.000
1728625437.160,-12.695,-37.109,-51.758,-63.477,0.000
1728625437.164,-24.414,-41.016,-48.340,-50.293,0.000
1728625437.168,-41.016,-39.062,-46.387,-3.906,0.000
1728625437.172,-40.039,-41.016,-46.387,10.254,0.000
1728625437.176,-45.410,-48.828,-47.852,-41.504,0.000
1728625437.180,-19.531,-46.387,-47.363,-65.918,0.000
1728625437.184,-20.020,-41.016,-53.711,-48.340,0.000
1728625437.187,-44.922,-30.273,-46.875,-7.812,0.000
1728625437.191,-33.691,-25.879,-38.086,2.441,0.000
1728625437.195,-36.133,-38.574,-47.852,-43.945,0.000
1728625437.199,-23.926,-41.016,-48.828,-61.035,0.000
1728625437.203,-23.926,-38.574,-45.898,-53.711,0.000
1728625437.207,-37.109,-37.109,-46.875,-18.555,0.000
1728625437.211,-31.250,-30.273,-45.410,1.953,0.000
1728625437.215,-34.180,-32.715,-44.922,-46.387,0.000
1728625437.219,-14.648,-26.855,-45.898,-71.777,0.000
1728625437.223,-20.020,-27.832,-49.316,-60.547,0.000
1728625437.227,-40.527,-38.574,-50.293,-30.762,0.000
1728625437.230,-32.227,-31.738,-51.270,-2.930,0.000
1728625437.234,-37.109,-32.227,-50.781,-31.250,0.000
1728625437.238,-31.250,-38.086,-50.293,-57.617,0.000
1728625437.242,-18.066,-42.969,-53.223,-60.059,0.000
1728625437.246,-35.156,-35.156,-48.828,-43.457,0.000
1728625437.250,-26.367,-29.297,-37.598,-7.324,0.000
1728625437.254,-22.949,-43.945,-40.527,-20.020,0.000
1728625437.258,-13.672,-38.086,-44.922,-61.035,0.000
1728625437.262,-9.766,-24.902,-46.387,-55.664,0.000
1728625437.266,-32.227,-28.320,-45.898,-20.020,0.000
1728625437.269,-16.113,-34.180,-40.039,2.441,0.000
1728625437.273,-31.738,-38.086,-44.434,-12.695,0.000
1728625437.277,-37.109,-37.598,-47.363,-42.480,0.000
1728625437.281,-33.203,-45.410,-44.922,-50.293,0.000
1728625437.285,-49.805,-48.340,-43.457,-24.414,0.000
1728625437.289,-28.320,-39.551,-42.480,16.113,0.000
1728625437.293,-33.203,-38.574,-41.992,-17.578,0.000
1728625437.297,-29.785,-40.039,-44.434,-69.336,0.000
1728625437.301,-3.906,-35.645,-49.805,-60.059,0.000
1728625437.305,-21.484,-40.527,-52.734,-46.387,0.000
1728625437.309,-41.016,-41.504,-38.574,-5.859,0.000
1728625437.312,-42.480,-42.969,-37.109,-2.930,0.000
1728625437.316,-29.785,-37.109,-47.363,-57.129,0.000
1728625437.320,-11.719,-27.344,-39.551,-61.035,0.000
1728625437.324,-35.156,-39.062,-43.945,-46.387,0.000
1728625437.328,-36.133,-41.504,-45.410,-21.973,0.000
1728625437.332,-20.020,-37.109,-48.828,-14.160,0.000
1728625437.336,-33.203,-36.133,-52.246,-43.945,0.000
1728625437.340,-26.855,-27.344,-43.457,-62.988,0.000
1728625437.344,-37.598,-35.645,-41.992,-44.922,0.000
1728625437.348,-43.945,-40.527,-41.016,0.000,0.000
1728625437.352,0.000,-33.691,-45.410,8.301,0.000
1728625437.355,0.000,-31.738,-47.852,-24.902,0.000
1728625437.359,0.000,-29.297,-41.992,-44.922,0.000
1728625437.363,0.000,-31.250,-46.387,-55.176,0.000
1728625437.367,0.000,-36.133,-48.340,-20.996,0.000
1728625437.371,0.000,-37.109,-44.434,3.418,0.000
1728625437.375,0.000,-42.480,-49.805,-45.898,0.000
1728625437.379,0.000,-42.480,-49.316,-62.500,0.000
1728625437.383,0.000,-38.086,-43.457,-58.105,0.000
1728625437.387,0.000,-36.133,-38.574,-29.785,0.000
1728625437.391,0.000,-37.109,-39.062,3.906,0.000
1728625437.394,0.000,-49.316,-43.457,-35.645,0.000
1728625437.398,-21.484,-44.434,-43.457,-63.965,0.000
1728625437.402,-9.766,-38.086,-46.875,-51.270,0.000
1728625437.406,-29.785,-38.086,-37.109,-9.277,0.000
1728625437.410,-13.672,-32.715,-24.414,22.461,0.000
1728625437.414,-23.438,-35.156,-32.227,-17.578,0.000
1728625437.418,-18.555,-39.551,-38.086,-55.176,0.000
1728625437.422,-16.113,-52.734,-40.039,-35.645,0.000
1728625437.426,-47.363,-46.875,-35.645,-6.348,0.000
1728625437.430,-38.086,-28.809,-22.949,19.531,0.000
1728625437.433,-36.621,-43.945,-37.598,-14.648,0.000
1728625437.437,-30.273,-44.434,-54.199,-55.176,0.000
1728625437.441,-20.996,-28.320,-43.457,-53.711,0.000
1728625437.445,-47.363,-32.227,-37.598,-34.668,0.000
1728625437.449,-33.691,-31.738,-39.062,2.930,0.000
1728625437.453,-34.180,-28.320,-45.410,-20.020,0.000
1728625437.457,-40.527,-37.109,-45.898,-63.477,0.000
1728625437.461,-13.184,-37.109,-42.480,-69.336,0.000
1728625437.465,-33.691,-41.016,-48.340,-41.504,0.000
1728625437.469,-35.156,-43.457,-45.898,2.441,0.000
1728625437.472,-34.668,-34.668,-46.387,-15.625,0.000
1728625437.476,-19.531,-22.461,-42.480,-50.293,0.000
1728625437.480,-1.953,-21.484,-37.109,-48.340,0.000
1728625437.484,-35.156,-37.109,-43.945,-31.250,0.000
1728625437.488,-38.086,-40.039,-37.598,11.719,0.000
1728625437.492,-33.691,-39.551,-35.645,3.418,0.000
1728625437.496,-28.809,-47.852,-41.504,-53.223,0.000
1728625437.500,-1.465,-34.180,-38.086,-61.035,0.000
1728625437.504,-19.043,-23.926,-34.180,-38.086,0.000
1728625437.508,-35.645,-34.180,-28.809,9.277,0.000
1728625437.512,-31.738,-41.016,-31.738,2.441,0.000
1728625437.516,-13.184,-45.898,-41.504,-46.875,0.000
1728625437.519,-6.348,-47.852,-35.645,-46.387,0.000
1728625437.523,-46.387,-47.852,-30.762,-34.180,0.000
1728625437.527,-37.598,-47.852,-27.344,5.371,0.000
1728625437.531,-21.484,-38.574,-24.902,10.742,0.000
1728625437.535,-23.438,-27.344,-34.180,-41.016,0.000
1728625437.539,-5.371,-37.109,-47.363,-67.871,0.000
1728625437.543,-18.066,-51.758,-51.270,-63.965,0.000
1728625437.547,-16.602,-45.410,-40.527,-19.531,0.000
1728625437.551,-2.930,-28.320,-28.809,2.930,0.000
1728625437.555,-17.090,-35.156,-28.809,-38.086,0.000
1728625437.559,-12.207,-42.480,-35.156,-68.848,0.000
1728625437.562,-26.367,-43.457,-42.480,-59.082,0.000
1728625437.566,-42.480,-38.086,-38.574,-5.371,0.000
1728625437.570,-30.762,-36.133,-33.203,16.602,0.000
1728625437.574,-32.227,-44.922,-39.062,-24.902,0.000
1728625437.578,-27.832,-38.574,-37.109,-45.410,0.000
1728625437.582,-26.367,-35.156,-41.992,-41.016,0.000
1728625437.586,-43.945,-37.598,-41.504,-8.301,0.000
1728625437.590,-35.156,-32.227,-32.227,29.297,0.000
1728625437.594,-32.227,-29.297,-42.480,-18.066,0.000
1728625437.598,-15.625,-31.250,-42.480,-50.781,0.000
1728625437.602,-14.160,-41.016,-42.480,-38.574,0.000
1728625437.605,-37.598,-46.387,-44.922,-16.113,0.000
1728625437.609,-24.414,-41.992,-36.133,20.996,0.000
1728625437.613,-29.297,-46.875,-40.527,-13.672,0.000
1728625437.617,-12.207,-48.828,-48.828,-51.758,0.000
1728625437.621,-15.137,-42.480,-44.434,-51.758,0.000
1728625437.625,-47.852,-33.203,-36.133,-29.297,0.000
1728625437.629,-28.320,-32.715,-30.762,20.020,0.000
1728625437.633,-30.273,-39.551,-38.086,-13.184,0.000
1728625437.637,-28.809,-40.039,-47.363,-68.359,0.000
1728625437.641,-30.273,-45.410,-45.898,-67.383,0.000
1728625437.645,-54.688,-51.758,-40.039,-24.414,0.000
1728625437.648,-36.621,-41.992,-37.598,17.090,0.000
1728625437.652,-20.996,-47.363,-48.828,-15.137,0.000
1728625437.656,-16.602,-46.387,-50.781,-47.852,0.000
1728625437.660,-8.789,-33.691,-46.875,-42.480,0.000
1728625437.664,-44.922,-38.574,-44.922,-19.043,0.000
1728625437.668,-57.129,-34.668,-44.434,7.812,0.000
1728625437.672,-48.340,-36.133,-50.781,-19.043,0.000
1728625437.676,-39.062,-46.875,-51.758,-62.012,0.000
1728625437.680,-18.066,-50.781,-52.734,-56.641,0.000
1728625437.684,-41.992,-42.969,-46.875,-25.391,0.000
1728625437.687,-37.598,-25.391,-41.016,9.766,0.000
1728625437.691,-20.020,-41.016,-47.852,-2.930,0.000
1728625437.695,-27.832,-60.547,-59.082,-59.570,0.000
1728625437.699,-4.395,-51.758,-54.199,-54.688,0.000
1728625437.703,-12.207,-41.992,-43.457,-22.949,0.000
1728625437.707,-21.973,-46.387,-38.574,15.625,0.000
1728625437.711,-34.180,-45.898,-37.109,26.855,0.000
1728625437.715,-35.156,-29.297,-37.598,-19.043,0.000
1728625437.719,-5.859,-26.367,-40.039,-44.922,0.000
1728625437.723,-4.883,-32.227,-44.434,-47.852,0.000
1728625437.727,-34.180,-27.832,-38.574,-2.930,0.000
1728625437.730,-43.457,-29.297,-36.133,9.766,0.000
1728625437.734,-20.508,-39.551,-42.969,-47.852,0.000
1728625437.738,-18.066,-41.504,-38.086,-67.383,0.000
1728625437.742,-39.551,-41.992,-36.133,-57.617,0.000
1728625437.746,-44.922,-35.156,-35.156,-15.625,0.000
1728625437.750,-23.926,-27.344,-34.180,11.719,0.000
1728625437.754,-17.090,-46.387,-45.410,-41.504,0.000
1728625437.758,-11.719,-48.340,-39.551,-59.570,0.000
1728625437.762,-20.508,-36.621,-31.738,-39.551,0.000
1728625437.766,-41.504,-38.574,-38.574,-9.277,0.000
1728625437.769,-33.691,-37.598,-32.715,15.625,0.000
1728625437.773,-34.668,-34.668,-34.180,-29.785,0.000
1728625437.777,-16.602,-37.598,-34.668,-61.523,0.000
1728625437.781,-13.672,-30.762,-35.156,-57.617,0.000
1728625437.785,-34.180,-30.273,-39.062,-21.484,0.000
1728625437.789,-35.645,-45.410,-34.180,5.371,0.000
1728625437.793,-47.852,-45.898,-36.133,-28.809,0.000
1728625437.797,-26.367,-48.340,-42.480,-56.152,0.000
1728625437.801,-21.973,-47.852,-41.504,-58.594,0.000
1728625437.805,-35.156,-38.086,-33.691,-19.043,0.000
1728625437.809,-16.602,-37.109,-35.645,22.461,0.000
1728625437.812,-32.715,-41.016,-38.574,-14.160,0.000
1728625437.816,-36.133,-47.852,-42.480,-59.570,0.000
1728625437.820,-20.020,-45.898,-44.922,-59.082,0.000
1728625437.824,-35.156,-54.199,-41.504,-22.461,0.000
1728625437.828,-37.598,-54.199,-36.621,13.184,0.000
1728625437.832,-40.527,-42.969,-41.016,-26.367,0.000
1728625437.836,-29.785,-44.434,-49.316,-71.289,0.000
1728625437.840,-16.113,-45.410,-44.434,-56.641,0.000
1728625437.844,-42.969,-47.363,-40.527,-33.203,0.000
1728625437.848,-51.758,-48.340,-33.691,-12.207,0.000
1728625437.851,-48.340,-42.480,-30.762,-11.719,0.000
1728625437.855,-40.039,-44.434,-33.203,-50.781,0.000
1728625437.859,-14.648,-47.363,-36.133,-64.453,0.000
1728625437.863,-32.227,-44.922,-36.133,-41.992,0.000
1728625437.867,-44.922,-37.598,-29.785,14.648,0.000
1728625437.871,-45.410,-34.180,-32.227,7.324,0.000
1728625437.875,-41.016,-39.062,-35.156,-57.129,0.000
1728625437.879,-26.855,-32.227,-26.367,-62.500,0.000
1728625437.883,-47.363,-34.668,-31.250,-37.598,0.000
1728625437.887,-44.434,-46.387,-37.598,0.488,0.000
1728625437.891,-39.551,-42.969,-29.297,2.441,0.000
1728625437.894,-35.156,-32.227,-20.020,-36.621,0.000
1728625437.898,-17.578,-40.039,-24.902,-54.199,0.000
1728625437.902,-46.387,-50.781,-33.691,-49.805,0.000
1728625437.906,-53.711,-41.016,-30.762,-16.602,0.000
1728625437.910,-45.898,-36.621,-29.785,-10.254,0.000
1728625437.914,-52.246,-46.387,-34.668,-53.223,0.000
1728625437.918,-27.344,-48.340,-33.203,-70.312,0.000
1728625437.922,-28.320,-39.551,-29.785,-51.270,0.000
1728625437.926,-42.480,-31.738,-24.902,-2.930,0.000
1728625437.930,-38.574,-41.504,-27.344,10.742,0.000
1728625437.934,-32.227,-54.688,-41.992,-44.434,0.000
1728625437.937,-13.672,-43.457,-46.387,-71.289,0.000
1728625437.941,-34.180,-29.785,-34.180,-42.480,0.000
1728625437.945,-42.480,-34.668,-32.715,2.441,0.000
1728625437.949,-33.691,-38.086,-41.992,14.648,0.000
1728625437.953,-41.504,-40.039,-40.039,-36.621,0.000
1728625437.957,-19.531,-43.457,-35.645,-63.477,0.000
1728625437.961,-14.160,-37.598,-36.621,-49.316,0.000
1728625437.965,-37.598,-32.715,-36.133,-16.113,0.000
1728625437.969,-44.434,-34.668,-29.785,11.719,0.000
1728625437.973,-33.203,-34.180,-34.668,-22.461,0.000
1728625437.977,-7.812,-37.598,-41.992,-65.918,0.000
1728625437.980,-23.926,-40.527,-38.574,-51.270,0.000
1728625437.984,-49.805,-37.109,-38.574,-19.043,0.000
1728625437.988,-42.480,-37.109,-37.109,2.930,0.000
1728625437.992,-31.250,-46.387,-46.875,-29.297,0.000
1728625437.996,-14.648,-42.480,-49.316,-75.195,0.000
1728625438.000,-21.484,-33.203,-41.016,-68.359,0.000
1728625438.004,-39.062,-37.598,-48.828,-38.574,0.000
1728625438.008,-28.809,-38.086,-45.410,3.418,0.000
1728625438.012,-35.645,-34.180,-41.504,-11.230,0.000
1728625438.016,-29.297,-31.738,-40.039,-56.152,0.000
1728625438.019,-16.113,-33.203,-34.668,-61.035,0.000
1728625438.023,-31.250,-43.945,-36.621,-21.484,0.000
1728625438.027,-38.086,-42.969,-34.180,19.531,0.000
1728625438.031,-50.781,-33.203,-31.250,-11.719,0.000
1728625438.035,-33.203,-30.762,-38.086,-58.594,0.000
1728625438.039,-20.020,-40.039,-43.457,-61.523,0.000
1728625438.043,-48.340,-41.504,-43.945,-45.410,0.000
1728625438.047,-40.039,-35.645,-37.598,-9.277,0.000
1728625438.051,-37.109,-36.133,-35.156,-25.879,0.000
1728625438.055,-28.320,-43.457,-44.434,-63.477,0.000
1728625438.059,-14.648,-43.945,-44.434,-58.594,0.000
1728625438.062,-44.434,-35.645,-37.598,-39.551,0.000
1728625438.066,-34.180,-38.574,-35.156,11.230,0.000
1728625438.070,-33.203,-44.434,-42.969,3.906,0.000
1728625438.074,-26.855,-43.945,-51.270,-50.781,0.000
1728625438.078,2.441,-43.457,-47.363,-60.547,0.000
1728625438.082,-31.250,-45.410,-43.945,-43.457,0.000
1728625438.086,-35.156,-39.062,-36.621,6.348,0.000
1728625438.090,-22.949,-32.715,-41.992,-3.418,0.000
1728625438.094,-36.621,-35.645,-56.152,-59.570,0.000
1728625438.098,-20.020,-31.738,-50.781,-64.453,0.000
1728625438.101,-41.992,-36.621,-45.898,-49.316,0.000
1728625438.105,-44.922,-32.715,-39.062,-12.695,0.000
1728625438.109,-18.066,-28.320,-37.598,6.836,0.000
1728625438.113,-23.926,-41.016,-45.410,-37.598,0.000
1728625438.117,-14.160,-44.434,-45.898,-65.918,0.000
1728625438.121,-21.484,-41.016,-45.898,-51.758,0.000
1728625438.125,-32.715,-36.133,-41.992,-16.113,0.000
1728625438.129,-29.785,-40.039,-36.133,10.254,0.000
1728625438.133,-30.762,-32.715,-41.016,-26.855,0.000
1728625438.137,-17.090,-27.832,-42.480,-50.781,0.000
1728625438.141,-26.855,-42.969,-44.434,-43.945,0.000
1728625438.144,-35.156,-41.992,-40.527,-8.789,0.000
1728625438.148,-25.391,-31.250,-36.133,18.555,0.000
1728625438.152,-32.715,-37.109,-48.340,-28.320,0.000
1728625438.156,-10.254,-33.691,-39.551,-57.129,0.000
1728625438.160,-14.648,-28.809,-34.180,-42.480,0.000
1728625438.164,-55.176,-39.551,-45.898,-13.184,0.000
1728625438.168,-34.180,-40.039,-44.922,13.672,0.000
1728625438.172,-18.066,-46.387,-44.434,-18.555,0.000
1728625438.176,-17.090,-40.039,-41.504,-34.180,0.000
1728625438.180,-22.461,-28.809,-35.645,-27.832,0.000
1728625438.183,-35.645,-36.621,-40.039,-25.879,0.000
1728625438.187,-16.113,-29.785,-39.551,6.836,0.000
1728625438.191,-13.184,-23.926,-38.086,-11.719,0.000
1728625438.195,-10.742,-19.043,-38.574,-48.828,0.000
1728625438.199,-10.254,-29.297,-41.504,-55.176,0.000
1728625438.203,-41.504,-42.480,-40.527,-31.738,0.000
1728625438.207,-41.504,-35.645,-32.227,15.137,0.000
1728625438.211,-27.832,-35.645,-28.809,-2.441,0.000
1728625438.215,-12.207,-37.109,-36.133,-47.852,0.000
1728625438.219,-14.160,-33.691,-38.086,-47.852,0.000
1728625438.222,-40.527,-36.133,-31.250,-21.973,0.000
1728625438.226,-36.133,-33.203,-32.715,7.324,0.000
1728625438.230,-35.645,-38.086,-38.086,-20.996,0.000
1728625438.234,-24.902,-48.340,-41.016,-62.012,0.000
1728625438.238,-14.160,-36.621,-41.016,-67.383,0.000
1728625438.242,-37.109,-35.156,-39.551,-50.781,0.000
1728625438.246,-30.762,-39.551,-35.645,-6.836,0.000
1728625438.250,-25.879,-34.668,-36.133,-9.766,0.000
1728625438.254,-27.344,-28.809,-42.969,-56.152,0.000
1728625438.258,-11.230,-35.156,-43.457,-73.730,0.000
1728625438.262,-30.762,-46.387,-41.992,-51.270,0.000
1728625438.266,-31.250,-41.016,-34.180,-0.977,0.000
1728625438.270,-28.320,-32.715,-33.691,-2.930,0.000
1728625438.273,-38.086,-27.832,-41.016,-48.340,0.000
1728625438.277,-26.855,-24.902,-43.457,-54.199,0.000
1728625438.281,-37.109,-27.832,-40.527,-38.086,0.000
1728625438.285,-28.809,-26.855,-37.109,-6.348,0.000
1728625438.289,-20.996,-37.109,-40.039,14.160,0.000
1728625438.293,-28.320,-45.898,-43.457,-20.020,0.000
1728625438.297,-14.648,-39.062,-43.945,-44.434,0.000
1728625438.301,-32.715,-42.480,-48.828,-45.410,0.000
1728625438.305,-44.922,-43.945,-42.969,-2.930,0.000
1728625438.309,-19.043,-37.598,-37.109,18.555,0.000
1728625438.313,-23.438,-36.621,-37.598,-33.691,0.000
1728625438.316,-20.996,-39.062,-33.203,-48.828,0.000
1728625438.320,-27.832,-36.133,-35.156,-34.668,0.000
1728625438.324,-36.621,-35.645,-36.621,-9.277,0.000
1728625438.328,-26.367,-39.062,-39.062,6.836,0.000
1728625438.332,-33.203,-45.898,-44.434,-37.598,0.000
1728625438.336,-11.719,-51.758,-48.828,-59.570,0.000
1728625438.340,-25.391,-47.852,-50.781,-40.039,0.000
1728625438.344,-60.059,-40.039,-39.551,-8.789,0.000
1728625438.348,-41.016,-38.086,-30.762,12.207,0.000
1728625438.352,-38.574,-40.039,-34.668,-24.414,0.000
1728625438.356,-20.020,-42.969,-37.109,-63.965,0.000
1728625438.359,-27.832,-41.016,-40.527,-56.641,0.000
1728625438.363,-54.688,-41.016,-41.504,-20.508,0.000
1728625438.367,-23.926,-40.039,-37.598,9.766,0.000
1728625438.371,-32.715,-39.551,-43.457,-25.391,0.000
1728625438.375,-28.320,-34.180,-47.363,-58.594,0.000
1728625438.379,-13.184,-29.785,-47.852,-55.664,0.000
1728625438.383,-33.203,-41.504,-44.434,-36.133,0.000
1728625438.387,-21.973,-41.016,-34.668,5.859,0.000
1728625438.391,-34.180,-43.457,-33.203,-16.113,0.000
1728625438.395,-34.180,-54.688,-41.016,-66.406,0.000
1728625438.399,-21.973,-46.875,-40.039,-63.965,0.000
1728625438.402,-33.691,-41.016,-35.156,-31.738,0.000
1728625438.406,-26.855,-37.598,-35.156,16.113,0.000
1728625438.410,-32.227,-38.574,-39.551,-3.418,0.000
1728625438.414,-27.344,-40.527,-39.551,-51.270,0.000
1728625438.418,-21.484,-34.180,-38.574,-55.176,0.000
1728625438.422,-36.133,-33.203,-39.551,-31.250,0.000
1728625438.426,-16.602,-26.367,-36.621,20.020,0.000
1728625438.430,-13.672,-27.344,-41.992,12.207,0.000
1728625438.434,-17.090,-39.062,-49.805,-42.969,0.000
1728625438.438,-4.395,-39.062,-52.734,-58.105,0.000
1728625438.441,-31.250,-34.668,-51.270,-33.691,0.000
1728625438.445,-31.250,-35.156,-43.457,16.602,0.000
1728625438.449,-19.043,-38.574,-50.781,-5.371,0.000
1728625438.453,-22.949,-30.273,-55.176,-60.059,0.000
1728625438.457,-13.672,-38.086,-56.641,-60.547,0.000
1728625438.461,-46.387,-47.852,-59.570,-49.316,0.000
1728625438.465,-58.105,-39.062,-40.527,-13.184,0.000
1728625438.469,-28.809,-38.086,-33.691,4.395,0.000
1728625438.473,-28.320,-39.551,-44.922,-49.805,0.000
1728625438.477,0.000,-42.969,-43.945,-70.312,0.000
1728625438.481,0.000,-40.039,-40.527,-47.852,0.000
1728625438.484,0.000,-40.039,-40.039,-5.859,0.000
1728625438.488,0.000,-41.016,-36.621,21.484,0.000
1728625438.492,0.000,-37.598,-40.039,-27.832,0.000
1728625438.496,0.000,-44.434,-41.992,-55.664,0.000
1728625438.500,0.000,-47.852,-40.039,-39.062,0.000
1728625438.504,0.000,-44.434,-42.480,-3.418,0.000
1728625438.508,0.000,-37.598,-36.621,13.184,0.000
1728625438.512,0.000,-38.086,-36.621,-25.879,0.000
1728625438.516,0.000,-44.434,-44.922,-57.129,0.000
1728625438.520,0.000,-47.852,-44.922,-43.945,0.000
1728625438.523,-48.828,-46.387,-41.992,0.488,0.000
1728625438.527,-26.367,-38.086,-39.062,14.648,0.000
1728625438.531,-21.973,-35.156,-43.457,-31.738,0.000
1728625438.535,-24.902,-34.668,-41.992,-69.824,0.000
1728625438.539,-32.227,-32.715,-39.551,-63.477,0.000
1728625438.543,-45.410,-41.504,-44.434,-32.715,0.000
1728625438.547,-42.480,-47.852,-46.387,2.930,0.000
1728625438.551,-51.270,-42.480,-45.898,-20.996,0.000
1728625438.555,-24.902,-34.668,-41.016,-54.688,0.000
1728625438.559,-17.578,-35.156,-43.457,-40.039,0.000
1728625438.563,-47.363,-35.156,-43.457,-20.020,0.000
1728625438.566,-37.598,-31.250,-37.598,-0.977,0.000
1728625438.570,-41.504,-37.598,-47.363,-32.715,0.000
1728625438.574,-36.621,-42.480,-59.082,-71.289,0.000
1728625438.578,-29.297,-41.504,-50.781,-62.500,0.000
1728625438.582,-46.387,-41.992,-41.016,-35.156,0.000
1728625438.586,-34.180,-39.062,-47.852,1.953,0.000
1728625438.590,-43.457,-42.969,-53.711,-13.184,0.000
1728625438.594,-29.297,-41.992,-50.781,-48.340,0.000
1728625438.598,-12.207,-27.344,-42.969,-51.270,0.000
1728625438.602,-45.898,-26.855,-41.504,-41.504,0.000
1728625438.605,-52.246,-41.016,-46.387,0.977,0.000
1728625438.609,-57.129,-44.922,-46.875,-0.488,0.000
1728625438.613,-54.199,-40.527,-49.316,-48.828,0.000
1728625438.617,-32.715,-40.527,-55.664,-55.176,0.000
1728625438.621,-51.270,-49.316,-56.152,-42.480,0.000
1728625438.625,-48.340,-39.062,-43.945,-0.977,0.000
1728625438.629,-44.434,-33.691,-39.062,-7.324,0.000
1728625438.633,-41.992,-47.363,-41.992,-60.547,0.000
1728625438.637,-9.277,-43.457,-39.062,-63.965,0.000
1728625438.641,-27.344,-38.574,-41.504,-42.480,0.000
1728625438.645,-47.852,-35.645,-35.645,-9.277,0.000
1728625438.648,-36.133,-32.715,-42.480,-14.160,0.000
1728625438.652,-31.738,-40.039,-52.246,-50.293,0.000
1728625438.656,-17.090,-31.250,-43.945,-51.270,0.000
1728625438.660,-37.598,-34.668,-39.551,-38.086,0.000
1728625438.664,0.000,-43.457,-33.691,-2.930,0.000
1728625438.668,0.000,-37.109,-32.227,0.000,0.000
1728625438.672,0.000,-41.504,-45.410,-49.805,0.000
1728625438.676,0.000,-41.992,-48.828,-62.988,0.000
1728625438.680,0.000,-44.434,-44.922,-35.156,0.000
1728625438.684,0.000,-45.410,-41.992,10.254,0.000
1728625438.688,0.000,-28.320,-31.738,19.531,0.000
1728625438.691,0.000,-20.020,-32.227,-27.344,0.000
1728625438.695,0.000,-44.434,-32.715,-41.504,0.000
1728625438.699,0.000,-49.316,-30.273,-26.367,0.000
1728625438.703,0.000,-28.320,-35.156,-10.254,0.000
1728625438.707,0.000,-35.156,-34.180,17.578,0.000
1728625438.711,-39.062,-45.410,-41.016,-11.230,0.000
1728625438.715,-8.301,-41.016,-45.410,-46.875,0.000
1728625438.719,-7.324,-40.527,-43.457,-41.016,0.000
1728625438.723,-28.320,-44.434,-42.969,-13.672,0.000
1728625438.727,-19.531,-42.969,-38.574,3.418,0.000
1728625438.731,-19.531,-43.945,-43.945,-26.855,0.000
1728625438.734,3.418,-34.180,-44.922,-51.270,0.000
1728625438.738,-10.254,-32.227,-42.480,-52.246,0.000
1728625438.742,-40.527,-44.434,-45.410,-18.066,0.000
1728625438.746,-35.156,-34.668,-42.480,20.020,0.000
1728625438.750,-29.785,-26.367,-41.016,-23.926,0.000
1728625438.754,-10.254,-25.391,-37.109,-58.594,0.000
1728625438.758,-15.137,-30.762,-33.691,-52.246,0.000
1728625438.762,-49.316,-39.062,-40.527,-31.250,0.000
1728625438.766,-43.945,-31.738,-37.109,8.789,0.000
1728625438.770,-42.969,-35.645,-37.109,-10.254,0.000
1728625438.774,-36.133,-41.016,-39.551,-53.223,0.000
1728625438.777,-10.254,-37.109,-41.504,-48.828,0.000
1728625438.781,-26.367,-41.016,-42.480,-18.066,0.000
1728625438.785,-19.043,-41.992,-34.668,27.832,0.000
1728625438.789,-17.090,-38.086,-41.504,3.906,0.000
1728625438.793,-13.184,-31.250,-41.992,-58.105,0.000
1728625438.797,-4.395,-35.156,-35.645,-47.852,0.000
1728625438.801,-42.480,-42.969,-40.039,-24.902,0.000
1728625438.805,-39.062,-42.480,-36.621,-3.418,0.000
1728625438.809,-40.527,-42.969,-30.273,-17.090,0.000
1728625438.813,-35.156,-39.551,-33.691,-48.828,0.000
1728625438.817,-9.277,-41.016,-37.598,-52.734,0.000
1728625438.820,-32.227,-41.992,-39.551,-40.527,0.000
1728625438.824,-29.785,-38.574,-40.039,-5.859,0.000
1728625438.828,-23.438,-30.762,-39.062,-10.742,0.000
1728625438.832,-29.785,-40.527,-44.434,-41.992,0.000
1728625438.836,-13.184,-44.922,-48.828,-55.176,0.000
1728625438.840,-37.598,-39.062,-40.039,-55.176,0.000
1728625438.844,-40.039,-39.551,-29.297,-7.812,0.000
1728625438.848,-21.484,-39.062,-31.250,8.301,0.000
1728625438.852,-35.645,-39.551,-38.574,-39.062,0.000
1728625438.856,-25.879,-38.086,-34.180,-51.270,0.000
1728625438.859,-31.250,-44.434,-36.133,-37.598,0.000
1728625438.863,-48.340,-39.062,-41.016,-2.930,0.000
1728625438.867,-46.875,-34.668,-39.062,7.812,0.000
1728625438.871,-36.133,-48.828,-38.574,-35.156,0.000
1728625438.875,-10.742,-45.898,-39.062,-51.758,0.000
1728625438.879,-22.461,-40.527,-42.969,-46.387,0.000
1728625438.883,-34.668,-36.621,-39.062,-9.766,0.000
1728625438.887,-17.090,-20.508,-37.109,2.930,0.000
1728625438.891,-19.043,-33.203,-44.434,-50.293,0.000
1728625438.895,-13.184,-39.062,-42.969,-60.059,0.000
1728625438.898,-30.273,-30.762,-42.480,-45.410,0.000
1728625438.902,-37.598,-33.691,-40.039,-16.113,0.000
1728625438.906,-23.438,-34.668,-36.621,10.254,0.000
1728625438.910,-31.738,-34.180,-42.969,-35.156,0.000
1728625438.914,-26.855,-33.691,-41.992,-53.711,0.000
1728625438.918,-24.414,-40.527,-40.527,-46.387,0.000
1728625438.922,-42.969,-43.945,-41.016,-26.855,0.000
1728625438.926,-28.320,-39.551,-37.109,2.441,0.000
1728625438.930,-23.926,-38.086,-45.898,-40.527,0.000
1728625438.934,-31.250,-43.945,-51.270,-72.754,0.000
1728625438.938,-33.691,-41.016,-48.828,-60.059,0.000
1728625438.941,-51.758,-34.180,-45.410,-38.574,0.000
1728625438.945,-39.551,-28.320,-38.574,5.859,0.000
1728625438.949,-28.320,-32.227,-47.363,-19.043,0.000
1728625438.953,-21.973,-37.598,-46.387,-60.547,0.000
1728625438.957,-18.555,-28.320,-38.574,-57.617,0.000
1728625438.961,-54.199,-33.203,-44.922,-48.340,0.000
1728625438.965,-50.293,-41.992,-47.363,-12.207,0.000
1728625438.969,-45.410,-41.016,-51.758,-18.555,0.000
1728625438.973,-35.156,-32.227,-45.410,-55.664,0.000
1728625438.977,-22.461,-32.227,-37.598,-69.824,0.000
1728625438.980,-60.547,-46.875,-42.480,-45.410,0.000
1728625438.984,-55.176,-45.410,-37.109,5.371,0.000
1728625438.988,-55.176,-37.598,-35.156,-5.859,0.000
1728625438.992,-45.410,-40.527,-45.898,-60.547,0.000
1728625438.996,-12.207,-34.180,-37.109,-57.129,0.000
1728625439.000,-44.434,-28.320,-29.297,-30.273,0.000
1728625439.004,-50.781,-34.180,-40.039,-2.930,0.000
1728625439.008,-33.203,-40.527,-45.410,-16.113,0.000
1728625439.012,-25.879,-45.410,-47.852,-62.012,0.000
1728625439.016,-13.184,-39.551,-42.969,-55.664,0.000
1728625439.020,-40.527,-36.621,-40.039,-35.645,0.000
1728625439.023,-45.898,-40.039,-35.156,1.465,0.000
1728625439.027,-35.156,-39.551,-36.621,9.766,0.000
1728625439.031,-42.969,-45.410,-47.363,-47.852,0.000
1728625439.035,-36.133,-51.758,-43.457,-65.918,0.000
1728625439.039,0.000,-47.852,-41.504,-43.945,0.000
1728625439.043,0.000,-41.992,-42.480,-8.301,0.000
1728625439.047,0.000,-40.039,-45.898,-3.906,0.000
1728625439.051,0.000,-53.711,-49.805,-41.992,0.000
1728625439.055,0.000,-52.246,-42.969,-53.711,0.000
1728625439.059,0.000,-48.340,-47.852,-52.246,0.000
1728625439.063,0.000,-45.898,-44.434,-18.066,0.000
1728625439.066,0.000,-37.598,-32.227,-1.953,0.000
1728625439.070,0.000,-41.016,-41.992,-46.387,0.000
1728625439.074,0.000,-38.086,-44.922,-43.457,0.000
1728625439.078,0.000,-34.180,-43.945,-31.738,0.000
1728625439.082,0.000,-41.992,-41.504,-6.836,0.000
1728625439.086,-34.668,-43.457,-39.551,21.484,0.000
1728625439.090,-30.762,-33.203,-40.527,-27.344,0.000
1728625439.094,2.441,-24.414,-40.527,-59.082,0.000
1728625439.098,-12.207,-30.273,-50.781,-41.016,0.000
1728625439.102,-41.504,-36.621,-54.688,-8.789,0.000
1728625439.106,-21.973,-34.180,-48.340,10.742,0.000
1728625439.109,-10.742,-26.855,-52.246,-33.203,0.000
1728625439.113,-11.719,-31.250,-59.082,-67.383,0.000
1728625439.117,-14.648,-45.410,-59.082,-54.199,0.000
1728625439.121,-23.438,-34.180,-52.734,-24.902,0.000
1728625439.125,-19.043,-19.043,-43.457,12.207,0.000
1728625439.129,-32.227,-28.809,-50.293,-18.555,0.000
1728625439.133,-23.926,-31.738,-48.828,-58.105,0.000
1728625439.137,-8.301,-27.832,-43.457,-47.363,0.000
1728625439.141,-38.086,-34.668,-47.363,-25.391,0.000
1728625439.145,-21.973,-33.203,-41.504,11.719,0.000
1728625439.149,-27.344,-32.227,-36.133,-14.160,0.000
1728625439.152,-25.879,-35.645,-43.457,-55.176,0.000
1728625439.156,-0.488,-34.180,-44.434,-49.316,0.000
1728625439.160,-20.996,-32.227,-41.504,-25.879,0.000
1728625439.164,-19.531,-30.273,-35.156,15.625,0.000
1728625439.168,-18.555,-25.879,-30.762,1.953,0.000
1728625439.172,-26.855,-28.320,-39.062,-56.152,0.000
1728625439.176,-19.043,-31.250,-43.457,-64.941,0.000
1728625439.180,-23.438,-34.180,-39.551,-36.621,0.000
1728625439.184,-15.625,-34.180,-32.715,1.465,0.000
1728625439.188,-31.250,-37.598,-39.062,-6.348,0.000
1728625439.192,-32.715,-40.527,-42.969,-45.898,0.000
1728625439.195,7.324,-24.902,-38.574,-52.246,0.000
1728625439.199,-10.742,-31.738,-42.969,-39.062,0.000
1728625439.203,-31.250,-37.598,-42.480,-3.906,0.000
1728625439.207,-30.273,-40.039,-39.551,6.348,0.000
1728625439.211,-30.762,-35.645,-42.969,-27.832,0.000
1728625439.215,-13.184,-22.949,-42.969,-51.270,0.000
1728625439.219,-27.344,-31.738,-41.992,-33.203,0.000
1728625439.223,-22.461,-30.762,-38.574,10.254,0.000
1728625439.227,-21.484,-29.297,-31.250,4.883,0.000
1728625439.231,-40.039,-37.109,-31.250,-34.668,0.000
1728625439.234,-18.555,-38.574,-37.598,-53.223,0.000
1728625439.238,-41.504,-48.340,-39.551,-52.734,0.000
1728625439.242,-49.805,-45.898,-31.738,-12.695,0.000
1728625439.246,-26.855,-35.645,-34.668,5.859,0.000
1728625439.250,-40.527,-43.457,-45.410,-36.621,0.000
1728625439.254,-28.320,-49.316,-44.434,-56.641,0.000
1728625439.258,-33.203,-40.039,-40.039,-49.316,0.000
1728625439.262,-37.109,-34.668,-35.156,-8.301,0.000
1728625439.266,-27.344,-43.945,-32.227,17.578,0.000
1728625439.270,-36.621,-49.316,-34.668,-26.367,0.000
1728625439.273,-21.973,-47.852,-41.504,-51.270,0.000
1728625439.277,-25.879,-42.480,-42.969,-39.551,0.000
1728625439.281,-31.738,-35.645,-33.203,-5.371,0.000
1728625439.285,-9.277,-33.203,-29.785,21.484,0.000
1728625439.289,-22.949,-37.109,-42.969,-18.066,0.000
1728625439.293,-17.578,-38.574,-44.922,-58.105,0.000
1728625439.297,-7.324,-43.457,-40.527,-46.875,0.000
1728625439.301,-18.555,-36.133,-40.039,-15.137,0.000
1728625439.305,-19.043,-16.602,-34.668,14.160,0.000
1728625439.309,-33.203,-22.949,-36.621,-16.113,0.000
1728625439.313,-23.438,-34.668,-38.086,-52.734,0.000
1728625439.316,-23.438,-35.156,-42.969,-46.387,0.000
1728625439.320,-45.898,-35.156,-44.434,-20.020,0.000
1728625439.324,-40.039,-35.645,-36.621,25.391,0.000
1728625439.328,-24.414,-29.785,-39.062,-14.648,0.000
1728625439.332,-7.812,-31.738,-41.504,-63.965,0.000
1728625439.336,-20.020,-33.203,-38.574,-54.688,0.000
1728625439.340,-51.270,-36.133,-38.574,-40.039,0.000
1728625439.344,-43.457,-40.039,-34.668,-9.277,0.000
1728625439.348,-51.758,-37.598,-34.180,-35.645,0.000
1728625439.352,-36.621,-34.668,-26.367,-76.172,0.000
1728625439.355,-2.930,-31.738,-31.738,-65.918,0.000
1728625439.359,-26.367,-39.062,-39.551,-45.898,0.000
1728625439.363,-38.086,-36.133,-37.598,-7.324,0.000
1728625439.367,-30.762,-29.297,-36.133,5.371,0.000
1728625439.371,-23.926,-26.855,-38.574,-41.504,0.000
1728625439.375,-14.160,-39.062,-41.016,-62.012,0.000
1728625439.379,-45.410,-47.852,-41.992,-59.082,0.000
1728625439.383,-45.410,-35.156,-37.598,-23.438,0.000
1728625439.387,-31.250,-28.809,-31.738,-3.418,0.000
1728625439.391,-41.504,-33.203,-42.480,-47.363,0.000
1728625439.395,-38.574,-38.086,-46.387,-74.219,0.000
1728625439.398,-52.734,-34.668,-44.922,-72.754,0.000
1728625439.402,-48.828,-34.180,-37.109,-24.414,0.000
1728625439.406,-48.828,-36.621,-34.668,-4.883,0.000
1728625439.410,-50.293,-35.156,-41.504,-53.223,0.000
1728625439.414,-24.902,-36.621,-43.945,-67.871,0.000
1728625439.418,-33.203,-40.527,-50.781,-53.711,0.000
1728625439.422,-38.574,-43.457,-48.340,-11.230,0.000
1728625439.426,-26.367,-42.969,-41.504,4.395,0.000
1728625439.430,-27.832,-37.109,-45.898,-39.062,0.000
1728625439.434,-12.207,-38.574,-47.363,-55.176,0.000
1728625439.438,-19.531,-34.668,-40.527,-34.668,0.000
1728625439.441,-26.367,-26.367,-38.574,2.930,0.000
1728625439.445,-18.066,-32.227,-43.945,19.043,0.000
1728625439.449,-31.250,-43.457,-55.176,-20.996,0.000
1728625439.453,-12.695,-41.504,-55.176,-58.594,0.000
1728625439.457,-25.879,-45.410,-46.875,-53.223,0.000
1728625439.461,-51.758,-41.016,-41.016,-16.602,0.000
1728625439.465,-44.922,-35.156,-38.086,4.395,0.000
1728625439.469,-48.828,-43.945,-42.480,-42.969,0.000
1728625439.473,-30.762,-43.945,-43.457,-79.590,0.000
1728625439.477,-43.457,-44.922,-45.410,-75.195,0.000
1728625439.481,-67.383,-46.875,-45.898,-40.039,0.000
1728625439.484,-45.410,-31.250,-33.691,-1.953,0.000
1728625439.488,-46.875,-41.992,-39.062,-28.809,0.000
1728625439.492,-37.109,-58.594,-45.410,-63.477,0.000
1728625439.496,-27.832,-42.969,-41.016,-65.918,0.000
1728625439.500,-39.062,-26.367,-39.551,-38.574,0.000
1728625439.504,-34.180,-31.250,-30.273,10.742,0.000
1728625439.508,-33.203,-46.875,-37.598,-13.672,0.000
1728625439.512,-11.230,-41.016,-45.410,-56.152,0.000
1728625439.516,-4.883,-26.855,-39.062,-58.105,0.000
1728625439.520,-42.480,-38.574,-41.016,-29.785,0.000
1728625439.524,-37.109,-41.504,-37.598,11.230,0.000
1728625439.527,-46.387,-45.410,-41.992,-11.719,0.000
1728625439.531,-40.527,-38.574,-45.898,-55.176,0.000
1728625439.535,-5.859,-34.668,-45.898,-58.105,0.000
1728625439.539,-32.715,-45.898,-48.340,-29.297,0.000
1728625439.543,-40.527,-42.480,-35.645,9.766,0.000
1728625439.547,-37.109,-40.527,-34.180,-2.930,0.000
1728625439.551,-29.785,-42.480,-38.086,-49.805,0.000
1728625439.555,-9.766,-40.527,-44.434,-56.152,0.000
1728625439.559,-49.316,-34.668,-40.527,-26.855,0.000
1728625439.563,-56.152,-33.203,-31.250,12.207,0.000
1728625439.567,-33.691,-28.320,-31.738,5.859,0.000
1728625439.570,-46.875,-31.738,-33.203,-54.199,0.000
1728625439.574,-28.809,-43.945,-40.527,-78.613,0.000
1728625439.578,-32.715,-45.410,-41.504,-54.688,0.000
1728625439.582,-29.297,-42.969,-37.109,-8.301,0.000
1728625439.586,-24.902,-42.969,-40.527,-11.230,0.000
1728625439.590,-33.203,-40.527,-45.410,-62.988,0.000
1728625439.594,-6.348,-37.109,-42.969,-67.871,0.000
1728625439.598,-12.695,-38.574,-46.387,-45.410,0.000
1728625439.602,-29.297,-40.039,-49.805,-10.742,0.000
1728625439.606,-36.621,-43.945,-41.504,8.301,0.000
1728625439.609,-39.062,-51.270,-38.574,-16.113,0.000
1728625439.613,-16.602,-39.551,-44.922,-58.105,0.000
1728625439.617,-20.020,-35.645,-44.434,-53.223,0.000
1728625439.621,-30.762,-41.992,-38.086,-2.930,0.000
1728625439.625,-25.879,-38.574,-46.387,0.000,0.000
1728625439.629,-41.504,-41.016,-45.898,-37.598,0.000
1728625439.633,-19.531,-41.016,-41.504,-58.594,0.000
1728625439.637,-21.484,-43.457,-41.016,-65.430,0.000
1728625439.641,-32.715,-43.945,-38.574,-27.832,0.000
1728625439.645,-17.578,-41.016,-40.039,4.883,0.000
1728625439.648,-20.020,-40.039,-40.039,-24.414,0.000
1728625439.652,-10.742,-39.551,-50.293,-56.152,0.000
1728625439.656,-27.344,-33.203,-56.152,-62.500,0.000
1728625439.660,-45.898,-26.855,-46.875,-24.414,0.000
1728625439.664,-26.855,-21.484,-41.016,0.000,0.000
1728625439.668,-32.227,-51.270,-51.270,-41.504,0.000
1728625439.672,-13.672,-64.453,-65.430,-57.617,0.000
1728625439.676,-15.137,-30.762,-66.895,-50.781,0.000
1728625439.680,-53.711,-34.668,-53.223,-34.180,0.000
1728625439.684,-27.832,-35.156,-51.270,4.883,0.000
1728625439.688,-13.672,-21.484,-50.781,-2.441,0.000
1728625439.691,-25.391,-24.414,-34.668,-52.734,0.000
1728625439.695,-32.227,-22.949,-36.133,-73.730,0.000
1728625439.699,-52.734,-45.898,-44.922,-43.457,0.000
1728625439.703,-38.086,-36.621,-37.598,5.859,0.000
1728625439.707,-49.316,-27.344,-37.598,-19.531,0.000
1728625439.711,-53.223,-62.988,-37.109,-57.129,0.000
1728625439.715,-20.996,-58.594,-45.898,-53.711,0.000
1728625439.719,-21.973,-57.617,-50.293,-24.902,0.000
1728625439.723,3.418,-55.176,-28.320,62.500,0.000
1728625439.727,2.441,-30.273,-0.488,18.555,0.000
1728625439.730,-53.223,-16.113,-17.090,-104.980,0.000
1728625439.734,-83.984,-31.250,-49.316,-103.516,0.000
1728625439.738,-87.402,-81.055,8.789,-54.199,0.000
1728625439.742,0.000,-60.059,-27.344,13.184,0.000
1728625439.746,0.000,-43.945,-78.125,47.852,0.000
1728625439.750,0.000,-46.875,-73.730,24.902,0.000
1728625439.754,0.000,-66.895,-12.695,-41.504,0.000
1728625439.758,0.000,0.977,14.648,-145.508,0.000
1728625439.762,0.000,20.508,-41.016,-163.086,0.000
1728625439.766,0.000,-65.430,-24.414,-122.070,0.000
1728625439.770,0.000,10.742,-90.332,-68.848,0.000
1728625439.773,0.000,-9.766,-73.242,71.777,0.000
1728625439.777,0.000,-84.473,-35.645,77.637,0.000
1728625439.781,0.000,-87.891,-11.719,24.414,0.000
1728625439.785,0.000,-68.848,30.762,-33.691,0.000
1728625439.789,-201.660,1.465,-45.410,-233.398,0.000
1728625439.793,-276.855,48.340,-119.629,-247.070,0.000
1728625439.797,-236.328,-34.180,-88.379,-158.691,0.000
1728625439.801,3.418,-74.219,-13.184,24.902,0.000
1728625439.805,30.273,-37.109,-36.621,44.922,0.000
1728625439.809,17.090,-109.375,-133.301,15.625,0.000
1728625439.813,255.371,-145.996,-97.168,145.996,0.000
1728625439.816,98.145,-56.641,-55.664,109.863,0.000
1728625439.820,-70.801,-59.082,-69.336,55.664,0.000
1728625439.824,-11.719,-72.754,-90.820,53.711,0.000
1728625439.828,-77.637,-43.457,-23.926,-21.484,0.000
1728625439.832,-31.250,-80.078,-25.391,-58.105,0.000
1728625439.836,37.598,-7.812,-79.102,23.926,0.000
1728625439.840,3.418,-62.500,-20.996,82.520,0.000
1728625439.844,78.613,-73.242,-60.059,92.285,0.000
1728625439.848,53.711,-19.043,-103.027,47.852,0.000
1728625439.852,41.504,-94.727,-69.336,48.340,0.000
1728625439.856,83.008,-62.500,-83.008,40.039,0.000
1728625439.859,85.938,-58.105,-59.570,66.895,0.000
1728625439.863,44.434,-74.219,-26.855,57.617,0.000
1728625439.867,4.395,-88.379,-39.551,-21.973,0.000
1728625439.871,40.527,-87.402,-64.941,-1.465,0.000
1728625439.875,-50.781,-2.441,-47.363,-43.457,0.000
1728625439.879,-36.621,-15.625,-40.039,-63.965,0.000
1728625439.883,83.008,-68.359,-77.148,80.566,0.000
1728625439.887,40.527,-68.848,-58.594,76.660,0.000
1728625439.891,-8.301,-48.340,-67.871,-13.184,0.000
1728625439.895,14.160,-44.434,-75.195,-6.836,0.000
1728625439.899,31.250,-35.156,-56.152,8.301,0.000
1728625439.902,-1.953,-15.137,-44.922,25.879,0.000
1728625439.906,-27.344,-71.777,-43.457,20.020,0.000
1728625439.910,29.785,-68.848,-32.227,-0.977,0.000
1728625439.914,26.855,-49.805,-19.531,-39.062,0.000
1728625439.918,-63.965,-36.621,-47.852,-63.477,0.000
1728625439.922,-6.836,-41.016,-53.223,68.848,0.000
1728625439.926,1.465,-38.086,-40.527,21.484,0.000
1728625439.930,-19.531,-24.414,-57.129,-83.496,0.000
1728625439.934,15.137,-41.504,-45.898,-20.996,0.000
1728625439.938,12.695,-56.641,-54.688,32.227,0.000
1728625439.942,-11.230,-30.273,-60.059,43.457,0.000
1728625439.945,-10.742,-48.340,-41.992,33.691,0.000
1728625439.949,-13.184,-53.711,-52.734,-29.785,0.000
1728625439.953,14.160,-39.062,-43.945,-28.320,0.000
1728625439.957,-25.391,-39.551,-40.527,-6.348,0.000
1728625439.961,-52.734,-26.855,-51.758,14.160,0.000
1728625439.965,-6.348,-43.457,-34.668,7.324,0.000
1728625439.969,-29.785,-55.176,-41.016,-39.062,0.000
1728625439.973,-18.555,-42.969,-45.898,-52.246,0.000
1728625439.977,-25.391,-34.180,-41.992,-45.898,0.000
1728625439.981,-54.199,-27.344,-43.457,-32.227,0.000
1728625439.984,-41.016,-41.992,-31.738,-17.090,0.000
1728625439.988,-4.883,-53.223,-35.156,-37.598,0.000
1728625439.992,6.348,-42.480,-42.480,-55.664,0.000
1728625439.996,-31.250,-41.016,-41.016,-36.133,0.000
1728625440.000,-57.129,-44.434,-40.527,-8.301,0.000
1728625440.004,-42.480,-39.551,-36.621,4.883,0.000
1728625440.008,-28.320,-38.086,-29.785,-49.805,0.000
1728625440.012,-18.066,-33.691,-23.438,-69.336,0.000
1728625440.016,-39.062,-34.668,-33.203,-55.176,0.000
1728625440.020,-47.363,-31.250,-34.668,-20.996,0.000
1728625440.023,-25.391,-26.367,-24.414,11.719,0.000
1728625440.027,-29.785,-34.668,-30.762,-40.527,0.000
1728625440.031,-18.555,-35.156,-37.109,-68.359,0.000
1728625440.035,-32.715,-37.598,-34.180,-60.059,0.000
1728625440.039,-43.457,-40.039,-35.156,-32.715,0.000
1728625440.043,-23.438,-31.250,-31.738,-0.977,0.000
1728625440.047,-38.086,-37.109,-32.227,-28.320,0.000
1728625440.051,-36.133,-33.691,-41.504,-64.941,0.000
1728625440.055,-37.598,-32.715,-44.434,-72.754,0.000
1728625440.059,-56.641,-41.504,-35.645,-35.645,0.000
1728625440.063,-42.969,-32.715,-30.273,-1.953,0.000
1728625440.066,-40.527,-30.273,-34.668,-35.156,0.000
1728625440.070,-39.062,-36.621,-37.109,-62.500,0.000
1728625440.074,-50.293,-42.969,-43.945,-70.312,0.000
1728625440.078,-53.223,-39.062,-43.945,-44.434,0.000
1728625440.082,-22.461,-20.508,-27.344,4.395,0.000
1728625440.086,-35.156,-20.020,-27.344,-22.949,0.000
1728625440.090,-34.180,-37.598,-40.527,-73.730,0.000
1728625440.094,-18.555,-37.598,-44.434,-69.336,0.000
1728625440.098,-47.363,-23.926,-46.875,-46.387,0.000
1728625440.102,-45.898,-27.832,-39.551,-8.301,0.000
1728625440.105,-37.109,-41.016,-40.527,-21.973,0.000
1728625440.109,-37.109,-27.344,-48.828,-68.848,0.000
1728625440.113,-17.090,-11.719,-37.109,-62.012,0.000
1728625440.117,-31.738,-23.926,-33.203,-32.227,0.000
1728625440.121,-47.852,-30.273,-39.551,-3.418,0.000
1728625440.125,-45.410,-37.598,-41.016,-24.902,0.000
1728625440.129,-48.340,-32.715,-52.734,-79.590,0.000
1728625440.133,-43.457,-28.320,-52.734,-77.148,0.000
1728625440.137,-42.969,-45.410,-42.480,-47.852,0.000
1728625440.141,-39.551,-35.156,-41.016,-21.484,0.000
1728625440.144,-42.480,-23.438,-40.039,-21.484,0.000
1728625440.148,-42.480,-31.250,-44.434,-67.871,0.000
1728625440.152,-35.645,-39.062,-43.457,-79.590,0.000
1728625440.156,-63.477,-32.227,-41.992,-62.500,0.000
1728625440.160,-63.965,-25.391,-37.598,-25.391,0.000
1728625440.164,-45.410,-32.715,-34.180,-16.113,0.000
1728625440.168,-48.828,-33.691,-44.922,-62.500,0.000
1728625440.172,-30.762,-29.297,-39.062,-80.078,0.000
1728625440.176,-34.668,-29.297,-26.367,-58.594,0.000
1728625440.180,-42.969,-30.273,-28.809,-23.438,0.000
1728625440.184,-24.414,-35.156,-27.832,-7.324,0.000
1728625440.187,-33.691,-44.434,-30.762,-49.316,0.000
1728625440.191,-31.738,-37.109,-38.086,-71.777,0.000
1728625440.195,-47.852,-39.551,-41.504,-60.059,0.000
1728625440.199,-66.406,-45.410,-35.156,-23.438,0.000
1728625440.203,-45.898,-39.062,-26.855,-1.465,0.000
1728625440.207,-53.223,-38.086,-31.738,-44.434,0.000
1728625440.211,-41.016,-36.133,-32.227,-71.289,0.000
1728625440.215,-40.039,-39.551,-39.062,-54.199,0.000
1728625440.219,-54.199,-41.016,-44.922,-16.602,0.000
1728625440.223,-31.738,-40.039,-40.039,-5.859,0.000
1728625440.227,-38.086,-44.434,-39.551,-53.223,0.000
1728625440.230,-38.574,-42.480,-48.828,-88.379,0.000
1728625440.234,-45.410,-39.551,-49.316,-84.473,0.000
1728625440.238,-57.129,-38.574,-39.062,-44.434,0.000
1728625440.242,-40.527,-33.691,-38.086,0.000,0.000
1728625440.246,-41.992,-26.855,-36.621,-33.691,0.000
1728625440.250,-37.598,-21.484,-30.762,-69.336,0.000
1728625440.254,-40.527,-26.367,-35.156,-62.988,0.000
1728625440.258,-54.688,-33.691,-32.227,-35.645,0.000
1728625440.262,-34.180,-32.227,-26.367,-2.441,0.000
1728625440.266,-38.574,-35.156,-41.016,-35.645,0.000
1728625440.270,-36.133,-28.809,-43.457,-69.336,0.000
1728625440.273,-28.809,-16.113,-38.086,-65.430,0.000
1728625440.277,-51.270,-27.344,-41.504,-35.645,0.000
1728625440.281,-32.227,-33.691,-30.273,17.578,0.000
1728625440.285,-26.367,-34.668,-35.645,-2.930,0.000
1728625440.289,-25.879,-38.086,-48.828,-47.363,0.000
1728625440.293,-21.973,-22.949,-44.434,-45.410,0.000
1728625440.297,-51.270,-26.855,-39.551,-40.039,0.000
1728625440.301,-36.133,-39.551,-36.621,-4.395,0.000
1728625440.305,-28.809,-43.457,-33.203,-10.742,0.000
1728625440.309,-32.227,-36.621,-34.180,-59.082,0.000
1728625440.312,-15.625,-36.621,-40.039,-76.172,0.000
1728625440.316,-40.039,-34.180,-44.922,-71.777,0.000
1728625440.320,-36.621,-28.809,-40.527,-17.090,0.000
1728625440.324,-32.227,-34.180,-37.598,-6.836,0.000
1728625440.328,-51.270,-41.016,-40.527,-66.406,0.000
1728625440.332,-20.508,-40.039,-41.016,-54.199,0.000
1728625440.336,-41.992,-35.645,-42.969,-32.227,0.000
1728625440.340,-58.594,-32.715,-31.250,-9.766,0.000
1728625440.344,-36.621,-31.738,-30.762,0.000,0.000
1728625440.348,-30.762,-37.109,-39.551,-48.828,0.000
1728625440.352,-12.695,-39.062,-32.715,-68.848,0.000
1728625440.355,-26.855,-31.738,-27.344,-47.363,0.000
1728625440.359,-29.297,-31.250,-34.668,-7.324,0.000
1728625440.363,-22.461,-38.574,-42.480,0.977,0.000
1728625440.367,-29.785,-38.574,-47.363,-34.668,0.000
1728625440.371,-15.625,-30.762,-47.852,-57.129,0.000
1728625440.375,-26.855,-33.203,-42.969,-64.453,0.000
1728625440.379,-37.109,-41.992,-37.598,-19.531,0.000
1728625440.383,-29.785,-29.785,-27.344,-1.465,0.000
1728625440.387,-29.297,-28.809,-32.715,-45.898,0.000
1728625440.391,-8.301,-30.273,-36.133,-54.688,0.000
1728625440.394,-22.949,-27.344,-35.156,-52.246,0.000
1728625440.398,-49.316,-36.133,-41.992,-35.645,0.000
1728625440.402,-40.527,-45.410,-42.969,-11.719,0.000
1728625440.406,-41.504,-41.504,-43.945,-56.152,0.000
1728625440.410,-40.039,-32.715,-41.504,-83.008,0.000
1728625440.414,-50.293,-37.109,-39.062,-58.105,0.000
1728625440.418,-64.941,-37.109,-40.039,-21.973,0.000
1728625440.422,-50.293,-36.621,-37.598,7.324,0.000
1728625440.426,-53.223,-34.668,-41.504,-28.809,0.000
1728625440.430,-42.969,-26.367,-40.527,-63.477,0.000
1728625440.434,-34.180,-31.738,-43.945,-56.152,0.000
1728625440.437,-58.594,-41.504,-49.805,-21.484,0.000
1728625440.441,-47.852,-33.691,-46.875,0.488,0.000
1728625440.445,-38.574,-32.227,-53.223,-36.133,0.000
1728625440.449,-25.391,-39.551,-53.711,-69.824,0.000
1728625440.453,-32.715,-45.898,-44.922,-74.707,0.000
1728625440.457,-58.105,-38.086,-38.086,-38.086,0.000
1728625440.461,-38.086,-31.250,-27.832,13.184,0.000
1728625440.465,-32.715,-40.039,-35.645,-14.648,0.000
1728625440.469,-28.809,-41.016,-44.922,-59.082,0.000
1728625440.473,-22.461,-34.668,-37.598,-57.129,0.000
1728625440.476,-33.691,-35.645,-39.062,-28.320,0.000
1728625440.480,-27.344,-35.645,-35.156,9.766,0.000
1728625440.484,-35.645,-38.086,-35.645,-8.301,0.000
1728625440.488,-24.902,-34.668,-36.621,-44.434,0.000
1728625440.492,-9.766,-33.203,-38.086,-54.199,0.000
1728625440.496,-37.598,-39.062,-36.133,-41.504,0.000
1728625440.500,-36.621,-30.762,-27.832,4.395,0.000
1728625440.504,-39.551,-32.715,-29.297,0.977,0.000
1728625440.508,-46.387,-39.551,-28.320,-50.781,0.000
1728625440.512,-21.973,-39.062,-30.762,-57.129,0.000
1728625440.515,-41.992,-41.016,-36.621,-47.852,0.000
1728625440.519,-50.293,-40.039,-30.273,-16.113,0.000
1728625440.523,-42.480,-45.898,-30.762,-13.672,0.000
1728625440.527,-41.504,-45.410,-38.086,-52.246,0.000
1728625440.531,-26.367,-36.133,-41.992,-66.406,0.000
1728625440.535,-46.875,-34.668,-46.387,-58.594,0.000
1728625440.539,0.000,-36.133,-38.086,-12.207,0.000
1728625440.543,0.000,-26.855,-34.180,-12.207,0.000
1728625440.547,0.000,-23.438,-34.180,-55.664,0.000
1728625440.551,0.000,-28.320,-29.297,-66.406,0.000
1728625440.555,0.000,-30.273,-35.156,-57.617,0.000
1728625440.558,0.000,-25.879,-34.180,-7.812,0.000
1728625440.562,0.000,-25.879,-32.715,-14.160,0.000
1728625440.566,0.000,-35.156,-43.945,-71.289,0.000
1728625440.570,0.000,-38.086,-45.898,-71.289,0.000
1728625440.574,0.000,-39.551,-43.945,-51.270,0.000
1728625440.578,0.000,-25.879,-32.715,-15.625,0.000
1728625440.582,0.000,-22.461,-32.227,4.395,0.000
1728625440.586,-43.945,-37.598,-45.898,-33.691,0.000
1728625440.590,-24.902,-43.457,-43.457,-65.430,0.000
1728625440.594,-36.133,-47.363,-47.363,-59.082,0.000
1728625440.598,-50.293,-39.551,-47.363,-20.508,0.000
1728625440.601,-33.691,-33.203,-40.039,6.348,0.000
1728625440.605,-45.898,-39.551,-44.434,-33.691,0.000
1728625440.609,-20.020,-30.273,-41.504,-68.848,0.000
1728625440.613,-12.695,-16.602,-36.133,-57.617,0.000
1728625440.617,-43.457,-28.320,-40.527,-22.949,0.000
1728625440.621,-39.551,-45.410,-36.133,7.324,0.000
1728625440.625,-41.504,-45.410,-34.668,-33.203,0.000
1728625440.629,-23.926,-38.086,-44.922,-76.660,0.000
1728625440.633,-39.551,-37.598,-44.922,-62.988,0.000
1728625440.637,-59.570,-45.898,-40.039,-23.926,0.000
1728625440.640,-37.109,-36.621,-32.715,9.277,0.000
1728625440.644,-38.086,-29.785,-35.645,-18.555,0.000
1728625440.648,-35.645,-34.668,-37.109,-52.734,0.000
1728625440.652,-27.832,-37.598,-33.691,-53.711,0.000
1728625440.656,-45.410,-37.109,-41.504,-48.828,0.000
1728625440.660,-38.086,-38.086,-34.668,-2.930,0.000
1728625440.664,-32.715,-35.156,-31.250,-10.254,0.000
1728625440.668,-29.297,-29.785,-38.574,-57.617,0.000
1728625440.672,-19.043,-26.367,-36.621,-53.223,0.000
1728625440.676,-45.410,-25.879,-34.180,-21.973,0.000
1728625440.680,-32.715,-35.645,-30.273,22.461,0.000
1728625440.683,-30.762,-38.086,-33.691,-6.836,0.000
1728625440.687,-38.574,-35.645,-39.062,-62.988,0.000
1728625440.691,-17.578,-31.250,-36.133,-63.965,0.000
1728625440.695,-38.086,-35.156,-32.227,-39.551,0.000
1728625440.699,-39.062,-35.645,-22.461,10.742,0.000
1728625440.703,-37.598,-25.879,-23.926,2.441,0.000
1728625440.707,-22.461,-34.180,-30.273,-45.898,0.000
1728625440.711,0.000,-37.598,-28.809,-54.199,0.000
1728625440.715,-35.156,-35.645,-31.738,-51.270,0.000
1728625440.719,-43.945,-39.062,-29.785,-12.695,0.000
1728625440.723,-38.086,-38.574,-31.738,-4.883,0.000
1728625440.726,-40.039,-35.645,-35.645,-38.574,0.000
1728625440.730,-15.137,-27.344,-29.297,-46.875,0.000
1728625440.734,-24.902,-29.297,-29.297,-35.645,0.000
1728625440.738,-33.691,-33.203,-32.227,-3.906,0.000
1728625440.742,-28.809,-36.133,-37.109,5.859,0.000
1728625440.746,-22.949,-41.504,-49.805,-30.762,0.000
1728625440.750,-18.066,-41.504,-45.410,-42.480,0.000
1728625440.754,-43.457,-34.180,-41.504,-36.621,0.000
1728625440.758,-50.781,-24.902,-41.016,-9.766,0.000
1728625440.762,-32.715,-25.391,-35.156,9.766,0.000
1728625440.765,-31.738,-31.250,-41.504,-31.738,0.000
1728625440.769,-16.113,-36.133,-44.922,-61.035,0.000
1728625440.773,-36.133,-41.504,0.000,-55.176,0.000
1728625440.777,-53.711,-32.715,0.000,-17.090,0.000
1728625440.781,-28.809,-23.438,0.000,5.371,0.000
1728625440.785,-48.828,-36.133,0.000,-36.621,0.000
1728625440.789,-37.109,-37.109,0.000,-61.035,0.000
1728625440.793,-29.785,-31.738,0.000,-45.410,0.000
1728625440.797,-46.387,-33.203,0.000,-12.207,0.000
1728625440.801,-35.645,-32.715,0.000,14.648,0.000
1728625440.804,-47.852,-35.645,0.000,-24.902,0.000
1728625440.808,-32.227,-35.156,0.000,-64.941,0.000
1728625440.812,-27.344,-29.785,0.000,-53.223,0.000
1728625440.816,-53.711,-30.273,0.000,-21.973,0.000
1728625440.820,-41.992,-31.250,-40.039,8.789,0.000
1728625440.824,-33.203,-34.180,-48.828,-23.926,0.000
1728625440.828,-22.461,-33.691,-46.875,-59.082,0.000
1728625440.832,-25.879,-37.598,-39.062,-61.035,0.000
1728625440.836,-46.387,-41.016,-39.062,-38.574,0.000
1728625440.840,-34.668,-26.855,-32.227,14.160,0.000
1728625440.843,-28.809,-30.762,-30.762,-11.230,0.000
1728625440.847,-20.508,-30.273,-30.762,-54.199,0.000
1728625440.851,-11.719,-18.555,-32.227,-51.758,0.000
1728625440.855,-37.598,-24.902,-36.133,-29.297,0.000
1728625440.859,-32.715,-36.621,-34.180,5.371,0.000
1728625440.863,-39.551,-42.480,-41.016,-16.113,0.000
1728625440.867,-45.898,-43.945,-54.199,-62.988,0.000
1728625440.871,-27.344,-34.668,-57.617,-71.777,0.000
1728625440.875,-44.922,-27.832,-51.270,-50.781,0.000
1728625440.879,-46.875,-22.949,-44.434,-7.324,0.000
1728625440.883,-37.598,-18.555,-39.551,5.371,0.000
1728625440.887,-28.809,-20.508,-43.457,-46.875,0.000
1728625440.890,-9.766,-32.227,-49.316,-84.473,0.000
1728625440.894,-33.691,-41.504,-47.363,-55.176,0.000
1728625440.898,-51.270,-42.480,-43.945,-8.789,0.000
1728625440.902,-41.504,-45.410,-48.340,-6.836,0.000
1728625440.906,-35.645,-38.574,-48.340,-54.199,0.000
1728625440.910,-21.973,-39.551,-37.109,-72.266,0.000
1728625440.914,-38.574,-44.922,-35.645,-47.363,0.000
1728625440.918,-40.527,-37.598,-31.738,-11.719,0.000
1728625440.922,-35.645,-36.621,-35.156,-7.812,0.000
1728625440.926,-40.039,-40.039,-48.340,-61.523,0.000
1728625440.930,-13.184,-41.016,-47.363,-74.707,0.000
1728625440.933,-29.297,-42.480,-41.504,-52.734,0.000
1728625440.937,-38.574,-31.738,-35.645,-17.578,0.000
1728625440.941,-19.043,-30.273,-31.738,9.277,0.000
1728625440.945,-27.832,-44.434,-39.062,-31.738,0.000
1728625440.949,-19.531,-43.945,-38.086,-60.059,0.000
1728625440.953,-33.203,-34.668,-33.691,-55.176,0.000
1728625440.957,-36.621,-31.738,-36.133,-14.160,0.000
1728625440.961,0.000,-34.180,-35.645,15.625,0.000
1728625440.965,0.000,-42.480,-38.574,-36.621,0.000
1728625440.969,0.000,-41.504,-35.156,-74.219,0.000
1728625440.973,0.000,-41.504,-37.598,-66.406,0.000
1728625440.976,0.000,-35.156,-36.621,-24.902,0.000
1728625440.980,0.000,-31.250,-30.273,8.301,0.000
1728625440.984,0.000,-36.621,-38.086,-26.855,0.000
1728625440.988,0.000,-30.762,-38.574,-60.547,0.000
1728625440.992,0.000,-44.434,-38.574,-56.152,0.000
1728625440.996,0.000,-49.316,-41.504,-30.762,0.000
1728625441.000,0.000,-30.762,-32.227,3.906,0.000
1728625441.004,0.000,-39.062,-40.039,-22.949,0.000
1728625441.008,-29.785,-45.410,-50.781,-67.871,0.000
1728625441.012,-26.855,-39.062,-45.898,-63.965,0.000
1728625441.016,-37.598,-24.414,-35.156,-26.367,0.000
1728625441.019,-22.461,-11.719,-28.809,17.090,0.000
1728625441.023,-29.785,-25.391,-43.945,-13.672,0.000
1728625441.027,-21.973,-38.574,-51.758,-66.406,0.000
1728625441.031,-6.836,-39.062,-49.805,-70.312,0.000
1728625441.035,-29.785,-36.133,-54.199,-41.504,0.000
1728625441.039,-37.109,-29.297,-48.340,2.930,0.000
1728625441.043,-41.992,-25.391,-46.875,-17.578,0.000
1728625441.047,-26.855,-29.785,-49.316,-66.895,0.000
1728625441.051,-12.207,-32.715,-41.016,-59.082,0.000
1728625441.055,-41.992,-31.738,-40.527,-32.227,0.000
1728625441.058,-32.227,-25.879,-41.992,4.395,0.000
1728625441.062,-22.949,-33.203,-47.363,-0.488,0.000
1728625441.066,-32.715,-40.039,-52.734,-48.828,0.000
1728625441.070,-20.020,-31.250,-46.387,-63.477,0.000
1728625441.074,-42.969,-33.203,-44.434,-41.992,0.000
1728625441.078,-46.387,-30.273,-38.574,5.859,0.000
1728625441.082,-32.227,-35.645,-38.574,7.812,0.000
1728625441.086,-39.551,-37.598,-43.945,-45.410,0.000
1728625441.090,-26.367,-28.320,-37.598,-63.965,0.000
1728625441.094,-29.785,-33.203,-36.133,-50.293,0.000
1728625441.098,-37.109,-27.344,-32.715,-14.648,0.000
1728625441.101,0.000,-28.809,-34.180,1.465,0.000
1728625441.105,0.000,-32.715,-41.504,-34.180,0.000
1728625441.109,0.000,-40.039,-41.504,-49.316,0.000
1728625441.113,0.000,-42.969,-42.480,-48.828,0.000
1728625441.117,0.000,-33.203,-45.410,-9.277,0.000
1728625441.121,0.000,-36.621,-47.852,12.207,0.000
1728625441.125,0.000,-44.922,-50.781,-39.062,0.000
1728625441.129,0.000,-41.016,-47.852,-62.012,0.000
1728625441.133,0.000,-31.738,-45.898,-55.176,0.000
1728625441.137,0.000,-34.180,-47.852,-20.020,0.000
1728625441.141,0.000,-36.133,-52.246,4.883,0.000
1728625441.144,0.000,-40.039,-54.688,-45.898,0.000
1728625441.148,-6.836,-32.715,-42.480,-63.477,0.000
1728625441.152,-15.137,-21.484,-37.598,-59.082,0.000
1728625441.156,-39.551,-32.227,-41.992,-27.832,0.000
1728625441.160,-27.344,-39.551,-41.504,16.113,0.000
1728625441.164,-26.855,-42.480,-46.387,-28.809,0.000
1728625441.168,-6.348,-37.598,-43.945,-65.430,0.000
1728625441.172,-7.812,-37.109,-41.992,-52.246,0.000
1728625441.176,-21.484,-39.551,-38.086,-22.461,0.000
1728625441.180,-31.250,-33.203,-25.391,5.859,0.000
1728625441.183,-47.852,-35.156,-27.344,-20.508,0.000
1728625441.187,-23.926,-41.016,-36.621,-43.945,0.000
1728625441.191,-30.762,-43.457,-41.016,-45.898,0.000
1728625441.195,-51.758,-43.945,-34.668,-15.625,0.000
1728625441.199,-28.809,-42.480,-35.645,24.414,0.000
1728625441.203,-29.297,-43.457,-44.922,-14.160,0.000
1728625441.207,-20.020,-36.621,-44.922,-47.363,0.000
1728625441.211,-15.625,-34.668,-39.551,-47.363,0.000
1728625441.215,-41.016,-39.062,-37.598,-28.320,0.000
1728625441.219,-27.832,-35.156,-39.551,5.371,0.000
1728625441.222,-28.809,-32.227,-41.016,-18.555,0.000
1728625441.226,-21.973,-36.133,-45.410,-56.152,0.000
1728625441.230,-11.230,-36.621,-45.898,-56.641,0.000
1728625441.234,-35.645,-28.809,-44.434,-28.809,0.000
1728625441.238,-28.809,-23.438,-36.133,16.113,0.000
1728625441.242,0.000,-36.621,-34.668,-9.766,0.000
1728625441.246,0.000,-32.227,-36.621,-59.082,0.000
1728625441.250,0.000,-22.949,-37.109,-62.988,0.000
1728625441.254,0.000,-38.574,-42.969,-43.945,0.000
1728625441.258,0.000,-37.109,-39.062,-0.977,0.000
1728625441.261,0.000,-44.922,-40.527,-6.348,0.000
1728625441.265,0.000,-42.969,-41.504,-45.898,0.000
1728625441.269,0.000,-25.391,-34.180,-47.363,0.000
1728625441.273,0.000,-38.574,-36.621,-27.344,0.000
1728625441.277,0.000,-44.434,-35.645,11.719,0.000
1728625441.281,0.000,-29.297,-27.832,17.090,0.000
1728625441.285,0.000,-27.832,-38.086,-34.180,0.000
1728625441.289,-15.137,-33.691,-42.480,-51.758,0.000
1728625441.293,-41.016,-41.504,-30.762,-30.762,0.000
1728625441.297,-52.734,-33.691,-29.785,14.160,0.000
1728625441.301,-35.156,-27.344,-33.203,4.883,0.000
1728625441.304,-31.738,-38.086,-35.156,-47.363,0.000
1728625441.308,-1.465,-35.156,-35.156,-50.781,0.000
1728625441.312,-25.391,-27.832,-30.273,-30.273,0.000
1728625441.316,-31.250,-22.949,-30.273,-0.977,0.000
1728625441.320,-14.160,-25.879,-36.621,16.602,0.000
1728625441.324,-28.809,-31.250,-36.133,-20.996,0.000
1728625441.328,-13.184,-20.508,-24.414,-45.898,0.000
1728625441.332,-22.461,-22.949,-28.320,-36.133,0.000
1728625441.336,0.000,-34.180,-29.297,-5.859,0.000
1728625441.340,0.000,-22.949,-26.855,12.207,0.000
1728625441.344,0.000,-26.367,-35.156,-25.391,0.000
1728625441.347,0.000,-33.203,-37.598,-44.922,0.000
1728625441.351,0.000,-30.762,-39.062,-44.434,0.000
1728625441.355,0.000,-32.715,-37.109,-19.043,0.000
1728625441.359,0.000,-35.645,-38.086,-0.488,0.000
1728625441.363,0.000,-44.922,-44.922,-39.062,0.000
1728625441.367,0.000,-50.293,-46.387,-60.547,0.000
1728625441.371,0.000,-47.363,-44.434,-62.988,0.000
1728625441.375,0.000,-39.062,-42.969,-38.086,0.000
1728625441.379,0.000,-35.645,-41.504,0.977,0.000
1728625441.383,-17.090,-38.086,-39.551,-16.113,0.000
1728625441.387,-15.137,-34.180,-36.133,-48.828,0.000
1728625441.390,-30.273,-36.621,-38.574,-51.270,0.000
1728625441.394,-41.504,-45.410,-44.922,-25.879,0.000
1728625441.398,-33.691,-41.504,-40.527,11.719,0.000
1728625441.402,-43.945,-39.062,-39.551,-1.953,0.000
1728625441.406,-25.879,-34.668,-38.574,-46.387,0.000
1728625441.410,-4.883,-30.762,-41.504,-63.477,0.000
1728625441.414,-25.879,-28.320,-41.992,-35.645,0.000
1728625441.418,-32.715,-25.391,-32.715,6.348,0.000
1728625441.422,-34.668,-33.203,-39.551,-12.695,0.000
1728625441.426,-21.484,-38.086,-43.945,-50.293,0.000
1728625441.429,0.000,-40.039,-38.086,-53.223,0.000
1728625441.433,0.000,-36.133,-43.457,-43.945,0.000
1728625441.437,0.000,-22.461,-38.086,-3.906,0.000
1728625441.441,0.000,-22.949,-38.086,-8.789,0.000
1728625441.445,0.000,-31.738,-47.363,-45.410,0.000
1728625441.449,0.000,-33.203,-40.039,-52.246,0.000
1728625441.453,0.000,-31.738,-40.039,-45.410,0.000
1728625441.457,0.000,-30.762,-44.434,-0.488,0.000
1728625441.461,0.000,-32.227,-39.551,1.953,0.000
1728625441.465,0.000,-25.391,-43.945,-58.105,0.000
1728625441.469,0.000,-28.809,-43.945,-59.570,0.000
1728625441.472,0.000,-29.297,-34.180,-39.551,0.000
1728625441.476,-40.039,-18.066,-28.809,-14.160,0.000
1728625441.480,-36.621,-24.902,-28.320,-3.418,0.000
1728625441.484,-28.320,-34.180,-39.062,-45.898,0.000
1728625441.488,-9.766,-31.250,-44.434,-65.918,0.000
1728625441.492,-42.969,-33.691,-49.316,-62.988,0.000
1728625441.496,-51.270,-41.992,-43.457,-13.184,0.000
1728625441.500,-38.086,-41.016,-38.574,8.789,0.000
1728625441.504,-44.434,-41.016,-41.992,-38.086,0.000
1728625441.508,-22.461,-32.227,-35.156,-52.246,0.000
1728625441.511,-24.902,-37.109,-38.574,-48.828,0.000
1728625441.515,-38.574,-48.828,-46.387,-24.902,0.000
1728625441.519,-19.531,-41.016,-44.434,10.742,0.000
1728625441.523,-18.066,-45.410,-48.828,-18.555,0.000
1728625441.527,-11.719,-45.410,-51.758,-61.523,0.000
1728625441.531,-28.320,-44.434,-41.992,-51.270,0.000
1728625441.535,-52.734,-39.062,-37.109,-7.324,0.000
1728625441.539,-26.855,-24.902,-31.250,26.367,0.000
1728625441.543,-19.043,-29.785,-36.621,-15.625,0.000
1728625441.547,-10.742,-41.016,-46.875,-63.965,0.000
1728625441.550,-10.254,-41.016,-43.457,-57.129,0.000
1728625441.554,-28.320,-29.785,-36.133,-32.227,0.000
1728625441.558,-27.832,-27.344,-32.715,3.418,0.000
1728625441.562,-40.527,-36.133,-41.992,-25.879,0.000
1728625441.566,-31.250,-41.016,-46.875,-73.730,0.000
1728625441.570,-37.109,-39.551,-38.086,-59.082,0.000
1728625441.574,-45.410,-35.156,-30.273,-14.648,0.000
1728625441.578,-32.227,-27.344,-19.531,14.648,0.000
1728625441.582,-35.645,-33.691,-22.949,-20.996,0.000
1728625441.586,-25.391,-41.504,-35.645,-64.453,0.000
1728625441.590,-18.555,-50.293,-38.574,-64.453,0.000
1728625441.593,-39.551,-56.152,-45.898,-21.973,0.000
1728625441.597,-37.109,-41.016,-41.504,18.066,0.000
1728625441.601,-32.715,-30.273,-35.156,-20.996,0.000
1728625441.605,-20.508,-39.551,-38.574,-58.105,0.000
1728625441.609,-5.371,-49.316,-36.621,-48.340,0.000
1728625441.613,-27.832,-40.039,-30.762,-31.738,0.000
1728625441.617,-27.344,-32.227,-25.879,5.371,0.000
1728625441.621,-28.320,-36.621,-29.785,-14.160,0.000
1728625441.625,-35.645,-47.363,-38.086,-63.477,0.000
1728625441.629,-26.855,-47.363,-32.715,-62.988,0.000
1728625441.632,-37.109,-39.551,-31.738,-43.457,0.000
1728625441.636,-35.645,-40.527,-31.738,2.930,0.000
1728625441.640,-25.391,-37.109,-32.227,-7.324,0.000
1728625441.644,-25.879,-41.504,-40.039,-62.500,0.000
1728625441.648,-19.043,-47.852,-42.969,-73.242,0.000
1728625441.652,-39.551,-43.457,-43.945,-51.270,0.000
1728625441.656,-35.645,-43.945,-38.086,6.348,0.000
1728625441.660,-27.832,-36.621,-32.715,6.348,0.000
1728625441.664,-28.809,-34.668,-40.039,-46.387,0.000
1728625441.668,-12.695,-37.598,-35.645,-52.734,0.000
1728625441.672,-26.367,-35.156,-36.133,-41.992,0.000
1728625441.675,-52.246,-38.574,-29.297,-10.742,0.000
1728625441.679,-42.969,-39.062,-22.949,-0.488,0.000
1728625441.683,-30.762,-41.016,-41.016,-40.527,0.000
1728625441.687,-24.414,-49.805,-40.527,-50.293,0.000
1728625441.691,-38.574,-51.758,-42.969,-42.480,0.000
1728625441.695,-39.551,-41.992,-45.898,-2.930,0.000
1728625441.699,-24.414,-41.504,-37.109,18.555,0.000
1728625441.703,-34.668,-49.316,-41.992,-34.180,0.000
1728625441.707,-17.578,-42.969,-44.922,-52.734,0.000
1728625441.711,-31.738,-38.574,-39.551,-42.480,0.000
1728625441.715,-48.828,-44.922,-35.156,-6.836,0.000
1728625441.718,-29.297,-42.969,-36.133,22.461,0.000
1728625441.722,-33.203,-42.480,-42.969,-20.508,0.000
1728625441.726,-20.996,-41.992,-44.922,-45.410,0.000
1728625441.730,-24.414,-41.504,-43.945,-47.363,0.000
1728625441.734,-31.250,-38.086,-40.039,-14.648,0.000
1728625441.738,-23.926,-28.809,-34.180,20.996,0.000
1728625441.742,-37.598,-43.945,-41.504,-22.461,0.000
1728625441.746,-16.602,-49.316,-45.898,-49.805,0.000
1728625441.750,-16.602,-39.551,-44.922,-51.270,0.000
1728625441.754,-36.133,-44.434,-50.293,-28.809,0.000
1728625441.758,-19.043,-37.109,-47.363,4.883,0.000
1728625441.761,-16.113,-34.668,-45.410,-28.809,0.000
1728625441.765,-22.461,-31.738,-43.457,-59.082,0.000
1728625441.769,-21.973,-34.180,-37.598,-51.270,0.000
1728625441.773,-33.203,-42.969,-36.621,-24.414,0.000
1728625441.777,-28.320,-41.016,-37.598,21.484,0.000
1728625441.781,-37.598,-33.691,-36.621,-0.488,0.000
1728625441.785,-32.227,-36.621,-45.898,-60.547,0.000
1728625441.789,-19.531,-41.504,-50.781,-63.965,0.000
1728625441.793,-47.852,-34.668,-44.922,-36.133,0.000
1728625441.797,-42.969,-32.227,-41.504,15.625,0.000
1728625441.800,-23.438,-39.062,-42.480,4.395,0.000
1728625441.804,-13.672,-34.668,-41.504,-47.852,0.000
1728625441.808,-10.742,-37.598,-40.039,-59.082,0.000
1728625441.812,-44.922,-44.922,-39.551,-38.574,0.000
1728625441.816,-40.039,-31.738,-33.691,4.883,0.000
1728625441.820,-27.832,-39.062,-32.227,-6.836,0.000
1728625441.824,-48.340,-53.711,-38.086,-52.246,0.000
1728625441.828,-29.785,-42.969,-45.410,-63.965,0.000
1728625441.832,-29.785,-52.246,-49.805,-46.875,0.000
1728625441.836,-37.109,-53.223,-45.898,-1.953,0.000
1728625441.840,-34.668,-34.668,-36.621,2.930,0.000
1728625441.843,-36.621,-42.480,-40.527,-45.898,0.000
1728625441.847,-15.137,-50.293,-42.480,-61.523,0.000
1728625441.851,0.000,-47.363,-39.551,-44.434,0.000
1728625441.855,0.000,-40.039,-39.062,2.930,0.000
1728625441.859,0.000,-34.180,-32.715,20.508,0.000
1728625441.863,0.000,-37.109,-34.668,-40.039,0.000
1728625441.867,0.000,-42.969,-42.480,-64.453,0.000
1728625441.871,0.000,-47.363,-38.574,-50.781,0.000
1728625441.875,0.000,-38.574,-31.250,-0.977,0.000
1728625441.879,0.000,-38.086,-35.156,16.113,0.000
1728625441.882,0.000,-41.992,-45.410,-40.527,0.000
1728625441.886,0.000,-38.574,-40.039,-48.828,0.000
1728625441.890,0.000,-40.039,-37.109,-28.320,0.000
1728625441.894,0.000,-41.016,-36.621,1.465,0.000
1728625441.898,-15.625,-34.180,-29.785,11.230,0.000
1728625441.902,-26.367,-47.363,-41.016,-36.133,0.000
1728625441.906,-13.184,-37.598,-43.457,-65.430,0.000
1728625441.910,-19.043,-30.762,-29.785,-44.434,0.000
1728625441.914,-39.551,-36.621,-29.297,-8.301,0.000
1728625441.918,-27.344,-35.156,-34.668,1.953,0.000
1728625441.922,-28.809,-48.340,-39.062,-27.344,0.000
1728625441.925,-18.066,-40.039,-36.621,-68.359,0.000
1728625441.929,-14.160,-27.344,-33.691,-79.590,0.000
1728625441.933,-29.297,-32.227,-30.762,-29.297,0.000
1728625441.937,-27.344,-30.762,-26.855,9.277,0.000
1728625441.941,-36.133,-33.203,-38.086,-39.551,0.000
1728625441.945,-16.113,-33.203,-41.016,-72.266,0.000
1728625441.949,-1.953,-33.203,-37.109,-52.734,0.000
1728625441.953,-31.250,-40.527,-34.668,-19.531,0.000
1728625441.957,-31.250,-39.551,-31.738,20.508,0.000
1728625441.961,-25.391,-33.691,-35.645,-7.324,0.000
1728625441.964,-20.020,-34.668,-40.527,-44.922,0.000
1728625441.968,-23.438,-38.574,-39.062,-34.180,0.000
1728625441.972,-55.176,-38.086,-40.527,-20.020,0.000
1728625441.976,-40.039,-35.645,-34.180,16.113,0.000
1728625441.980,-30.273,-30.762,-35.156,0.000,0.000
1728625441.984,-32.227,-35.645,-39.062,-43.945,0.000
1728625441.988,-23.438,-38.574,-41.504,-61.523,0.000
1728625441.992,-37.109,-41.992,-48.828,-50.781,0.000
1728625441.996,-30.273,-36.621,-43.457,-10.742,0.000
1728625442.000,-40.527,-27.832,-39.062,-12.207,0.000
1728625442.004,-37.109,-29.785,-43.945,-60.547,0.000
1728625442.007,-8.789,-29.297,-44.922,-82.031,0.000
1728625442.011,-35.156,-31.250,-38.574,-42.480,0.000
1728625442.015,-41.992,-30.273,-29.785,12.207,0.000
1728625442.019,-34.668,-30.762,-26.855,-0.488,0.000
1728625442.023,-41.992,-38.574,-35.156,-42.969,0.000
1728625442.027,-28.320,-45.898,-47.363,-42.480,0.000
1728625442.031,-45.898,-36.621,-40.039,-28.320,0.000
1728625442.035,-41.016,-16.602,-30.273,3.906,0.000
1728625442.039,-24.902,-20.020,-41.016,-4.883,0.000
1728625442.043,-32.227,-34.668,-47.852,-54.199,0.000
1728625442.047,-11.719,-29.785,-40.527,-58.105,0.000
1728625442.050,-33.691,-37.598,-39.551,-53.223,0.000
1728625442.054,-39.551,-50.293,-38.086,-15.137,0.000
1728625442.058,-29.785,-45.410,-40.527,11.719,0.000
1728625442.062,-38.086,-33.203,-51.270,-39.062,0.000
1728625442.066,-16.113,-34.668,-46.875,-67.383,0.000
1728625442.070,-30.273,-38.086,-48.828,-34.668,0.000
1728625442.074,-53.711,-33.691,-49.805,8.301,0.000
1728625442.078,-46.875,-32.227,-42.480,4.883,0.000
1728625442.082,-32.227,-34.668,-44.922,-37.598,0.000
1728625442.086,-9.766,-34.668,-45.410,-51.270,0.000
1728625442.090,-28.320,-39.551,-45.898,-48.828,0.000
1728625442.093,-46.387,-37.598,-38.574,-16.113,0.000
1728625442.097,-27.344,-37.109,-32.227,10.254,0.000
1728625442.101,-32.227,-45.410,-42.969,-30.273,0.000
1728625442.105,-19.043,-43.945,-53.223,-61.035,0.000
1728625442.109,-24.414,-41.016,-50.293,-60.059,0.000
1728625442.113,-42.969,-41.016,-44.434,-21.973,0.000
1728625442.117,-19.531,-47.363,-39.551,20.508,0.000
1728625442.121,-23.438,-40.039,-43.945,-21.484,0.000
1728625442.125,-19.043,-26.855,-41.016,-59.082,0.000
1728625442.129,-19.531,-27.832,-34.668,-51.270,0.000
1728625442.133,-42.480,-36.621,-41.016,-26.367,0.000
1728625442.136,-37.598,-41.992,-46.387,9.766,0.000
1728625442.140,-38.086,-42.480,-47.852,-25.879,0.000
1728625442.144,-20.996,-41.016,-49.805,-66.895,0.000
1728625442.148,-20.508,-41.504,-44.434,-63.477,0.000
1728625442.152,-37.109,-38.574,-45.410,-38.574,0.000
1728625442.156,-29.297,-32.227,-43.945,-0.488,0.000
1728625442.160,-35.156,-36.621,-36.621,-19.043,0.000
1728625442.164,-9.277,-24.902,-33.203,-43.945,0.000
1728625442.168,-7.324,-19.043,-25.879,-44.922,0.000
1728625442.172,-41.992,-42.969,-33.203,-36.133,0.000
1728625442.175,-38.086,-46.387,-37.598,1.465,0.000
1728625442.179,-38.574,-31.250,-34.668,-5.859,0.000
1728625442.183,-32.227,-28.809,-33.691,-56.152,0.000
1728625442.187,-13.184,-33.691,-34.180,-60.547,0.000
1728625442.191,-35.645,-29.297,-31.250,-29.297,0.000
1728625442.195,-40.527,-18.066,-23.438,7.324,0.000
1728625442.199,-45.410,-30.273,-31.738,-8.789,0.000
1728625442.203,-46.387,-41.016,-38.574,-51.758,0.000
1728625442.207,-17.578,-46.387,-40.527,-51.758,0.000
1728625442.211,-22.949,-42.480,-40.039,-34.180,0.000
1728625442.215,-29.785,-20.508,-29.785,0.977,0.000
1728625442.218,-33.203,-22.461,-29.785,4.883,0.000
1728625442.222,-26.855,-40.039,-42.480,-47.363,0.000
1728625442.226,5.371,-31.738,-44.922,-58.594,0.000
1728625442.230,-11.230,-28.809,-43.457,-34.180,0.000
1728625442.234,-33.203,-34.180,-36.133,15.137,0.000
1728625442.238,-33.203,-30.762,-37.598,24.902,0.000
1728625442.242,-30.273,-33.203,-49.805,-33.203,0.000
1728625442.246,-17.090,-34.180,-47.363,-54.199,0.000
1728625442.250,-32.715,-34.180,-39.062,-42.969,0.000
1728625442.254,-25.879,-21.484,-32.715,9.766,0.000
1728625442.258,-10.742,-13.184,-25.879,35.156,0.000
1728625442.261,-18.066,-29.785,-34.668,-29.785,0.000
1728625442.265,-3.418,-31.250,-37.598,-53.711,0.000
1728625442.269,-29.785,-29.297,-37.598,-43.945,0.000
1728625442.273,-46.387,-33.691,-38.086,-19.531,0.000
1728625442.277,-24.414,-30.273,-33.691,10.254,0.000
1728625442.281,-32.227,-27.344,-39.062,-29.785,0.000
1728625442.285,-28.809,-29.785,-42.480,-65.918,0.000
1728625442.289,-16.602,-32.715,-34.180,-55.664,0.000
1728625442.293,-26.855,-27.832,-33.203,-21.973,0.000
1728625442.297,-10.254,-29.297,-43.457,3.418,0.000
1728625442.300,-18.555,-36.621,-40.527,-27.344,0.000
1728625442.304,-25.391,-40.527,-33.691,-60.547,0.000
1728625442.308,-28.320,-37.109,-32.715,-51.270,0.000
1728625442.312,-53.223,-35.645,-35.645,-14.160,0.000
1728625442.316,-41.992,-34.668,-39.551,10.254,0.000
1728625442.320,-49.316,-33.691,-39.551,-27.832,0.000
1728625442.324,-36.133,-34.668,-47.363,-66.895,0.000
1728625442.328,-15.625,-40.039,-48.828,-57.617,0.000
1728625442.332,-48.340,-30.273,-38.086,-22.949,0.000
1728625442.336,-40.527,-19.531,-30.273,8.789,0.000
1728625442.339,-32.715,-40.039,-36.621,-23.438,0.000
1728625442.343,-27.832,-41.992,-47.852,-60.547,0.000
1728625442.347,-6.836,-28.320,-51.758,-61.523,0.000
1728625442.351,-36.133,-29.785,-42.480,-44.434,0.000
1728625442.355,-41.992,-32.715,-35.645,-0.977,0.000
1728625442.359,-39.062,-41.504,-41.504,-13.184,0.000
1728625442.363,-32.227,-36.621,-40.039,-49.805,0.000
1728625442.367,-12.695,-38.574,-37.598,-52.734,0.000
1728625442.371,-38.086,-43.945,-40.527,-37.109,0.000
1728625442.375,-37.598,-37.109,-30.273,15.625,0.000
1728625442.379,-42.480,-37.598,-32.227,-8.301,0.000
1728625442.382,-43.457,-42.480,-47.363,-71.289,0.000
1728625442.386,-19.043,-39.551,-41.504,-51.758,0.000
1728625442.390,-38.574,-35.156,-31.250,-27.832,0.000
1728625442.394,-43.457,-38.574,-30.762,-3.418,0.000
1728625442.398,-31.738,-32.715,-31.250,-6.836,0.000
1728625442.402,-24.414,-37.598,-41.016,-43.457,0.000
1728625442.406,-6.836,-43.945,-39.551,-44.922,0.000
1728625442.410,-27.344,-37.109,-28.809,-41.016,0.000
1728625442.414,0.000,-36.133,-28.809,-10.742,0.000
1728625442.418,0.000,-37.109,-34.180,0.488,0.000
1728625442.422,0.000,-36.133,-37.109,-53.223,0.000
1728625442.426,0.000,-31.738,-29.785,-69.824,0.000
1728625442.429,0.000,-35.156,-34.668,-46.387,0.000
1728625442.433,0.000,-42.969,-36.133,-9.766,0.000
1728625442.437,0.000,-45.410,-32.227,-8.301,0.000
1728625442.441,0.000,-37.598,-38.574,-53.223,0.000
1728625442.445,0.000,-35.156,-40.039,-61.523,0.000
1728625442.449,0.000,-44.922,-39.062,-47.363,0.000
1728625442.453,0.000,-34.668,-31.250,-7.324,0.000
1728625442.457,0.000,-20.996,-24.414,27.344,0.000
1728625442.461,-37.109,-35.156,-33.691,-14.648,0.000
1728625442.465,-6.348,-52.246,-40.527,-54.199,0.000
1728625442.469,-23.926,-49.805,-39.551,-62.988,0.000
1728625442.472,-39.062,-47.363,-31.738,-19.531,0.000
1728625442.476,-19.531,-37.598,-31.250,22.949,0.000
1728625442.480,-37.598,-34.668,-37.109,-23.438,0.000
1728625442.484,-21.973,-38.574,-38.086,-71.289,0.000
1728625442.488,-23.926,-36.133,-39.062,-60.547,0.000
1728625442.492,-46.387,-40.527,-37.598,-10.254,0.000
1728625442.496,-41.504,-40.039,-35.645,14.160,0.000
1728625442.500,-45.898,-41.016,-40.039,-27.344,0.000
1728625442.504,-25.879,-48.828,-45.410,-61.035,0.000
1728625442.508,-23.926,-44.922,-49.316,-65.430,0.000
1728625442.511,-49.316,-36.133,-41.992,-25.879,0.000
1728625442.515,-28.809,-33.691,-32.227,20.020,0.000
1728625442.519,-23.438,-41.992,-40.039,-20.508,0.000
1728625442.523,-14.648,-45.410,-41.992,-59.082,0.000
1728625442.527,-6.836,-41.016,-42.969,-58.105,0.000
1728625442.531,-38.574,-38.086,-37.598,-32.227,0.000
1728625442.535,-36.133,-37.109,-32.715,8.789,0.000
1728625442.539,-34.668,-40.527,-43.457,-11.719,0.000
1728625442.543,-34.668,-40.527,-47.852,-59.570,0.000
1728625442.547,-20.508,-27.832,-42.480,-52.734,0.000
1728625442.551,-30.762,-33.691,-40.039,-15.137,0.000
1728625442.554,-15.625,-40.039,-36.621,20.020,0.000
1728625442.558,-22.461,-30.762,-40.527,-1.465,0.000
1728625442.562,-26.367,-35.156,-45.898,-42.969,0.000
1728625442.566,-8.301,-40.039,-43.945,-44.922,0.000
1728625442.570,-28.320,-31.250,-37.598,-20.508,0.000
1728625442.574,-22.461,-26.367,-32.227,19.531,0.000
1728625442.578,-22.461,-39.062,-39.062,-1.953,0.000
1728625442.582,-20.996,-41.992,-49.316,-60.059,0.000
1728625442.586,3.418,-31.250,-42.480,-55.664,0.000
1728625442.590,-17.090,-26.367,-38.086,-22.461,0.000
1728625442.594,-24.902,-35.645,-35.156,5.859,0.000
1728625442.597,-20.508,-39.062,-29.297,-6.348,0.000
1728625442.601,-31.738,-40.527,-27.832,-53.223,0.000
1728625442.605,-15.137,-43.945,-31.738,-70.801,0.000
1728625442.609,-26.367,-42.480,-34.180,-52.246,0.000
1728625442.613,-33.203,-36.133,-20.996,9.766,0.000
1728625442.617,-23.926,-30.762,-24.414,18.555,0.000
1728625442.621,-36.133,-46.387,-35.156,-33.691,0.000
1728625442.625,-21.973,-52.734,-37.109,-57.617,0.000
1728625442.629,-41.016,-48.828,-36.133,-56.641,0.000
1728625442.633,-49.805,-46.875,-28.809,-10.254,0.000
1728625442.636,-31.250,-51.758,-25.391,14.160,0.000
1728625442.640,-45.898,-53.223,-31.250,-22.461,0.000
1728625442.644,-38.086,-41.016,-30.762,-46.387,0.000
1728625442.648,-44.922,-36.621,-26.855,-41.992,0.000
1728625442.652,-59.570,-35.645,-25.879,-9.766,0.000
1728625442.656,-33.691,-32.227,-28.320,16.113,0.000
1728625442.660,-35.645,-41.992,-41.016,-29.785,0.000
1728625442.664,-18.066,-43.945,-41.016,-48.828,0.000
1728625442.668,-10.254,-42.480,-38.086,-39.551,0.000
1728625442.672,-33.203,-48.828,-42.480,-7.812,0.000
1728625442.675,-14.160,-32.227,-39.062,25.879,0.000
1728625442.679,-16.602,-21.484,-39.551,-20.996,0.000
1728625442.683,-7.324,-38.574,-41.504,-58.594,0.000
1728625442.687,-9.766,-42.480,-42.480,-60.059,0.000
1728625442.691,-20.508,-34.668,-42.969,-23.926,0.000
1728625442.695,-7.324,-32.227,-31.738,16.113,0.000
1728625442.699,-19.043,-36.133,-35.645,-20.020,0.000
1728625442.703,-3.906,-24.902,-42.480,-62.012,0.000
1728625442.707,-10.742,-24.414,-39.062,-49.316,0.000
1728625442.711,-50.293,-36.133,-43.457,-25.391,0.000
1728625442.714,-45.898,-43.945,-41.016,3.906,0.000
1728625442.718,-32.227,-45.410,-42.969,-9.277,0.000
1728625442.722,-19.043,-39.062,-48.340,-52.734,0.000
1728625442.726,-24.414,-39.551,-51.270,-51.758,0.000
1728625442.730,-42.969,-47.363,-47.363,-16.602,0.000
1728625442.734,-32.227,-41.992,-38.574,18.555,0.000
1728625442.738,-33.203,-31.250,-40.039,-9.277,0.000
1728625442.742,0.000,-39.551,-50.781,-55.664,0.000
1728625442.746,0.000,-49.316,-48.340,-63.477,0.000
1728625442.750,0.000,-53.223,-43.945,-48.340,0.000
1728625442.753,0.000,-44.922,-45.410,-14.160,0.000
1728625442.757,0.000,-41.504,-47.852,-20.508,0.000
1728625442.761,0.000,-43.457,-52.246,-42.969,0.000
1728625442.765,0.000,-41.016,-45.898,-41.992,0.000
1728625442.769,0.000,-43.945,-44.434,-38.086,0.000
1728625442.773,0.000,-33.203,-42.480,5.859,0.000
1728625442.777,0.000,-27.832,-37.598,8.301,0.000
1728625442.781,0.000,-41.504,-38.086,-37.109,0.000
1728625442.785,0.000,-41.504,-41.992,-49.316,0.000
1728625442.789,-23.438,-41.992,-51.758,-38.574,0.000
1728625442.793,-33.691,-42.480,-41.992,-3.906,0.000
1728625442.796,-39.062,-41.016,-32.715,-3.906,0.000
1728625442.800,-45.898,-37.598,-39.551,-45.898,0.000
1728625442.804,-5.371,-39.551,-41.992,-54.199,0.000
1728625442.808,-22.461,-42.480,-48.340,-46.387,0.000
1728625442.812,-62.012,-38.574,-41.016,-8.789,0.000
1728625442.816,-45.410,-38.574,-45.410,10.742,0.000
1728625442.820,-25.879,-42.480,-59.082,-33.691,0.000
1728625442.824,-21.973,-43.457,-51.758,-67.383,0.000
1728625442.828,-48.340,-35.645,-48.340,-65.430,0.000
1728625442.832,-42.969,-29.785,-43.457,-15.625,0.000
1728625442.836,-20.508,-35.645,-40.039,5.859,0.000
1728625442.839,-25.879,-39.551,-45.410,-43.945,0.000
1728625442.843,-16.602,-36.133,-47.363,-62.988,0.000
1728625442.847,-25.879,-33.691,-52.246,-50.781,0.000
1728625442.851,-48.340,-38.086,-51.758,-18.066,0.000
1728625442.855,-24.414,-40.039,-45.410,9.277,0.000
1728625442.859,-24.902,-31.250,-35.156,-40.039,0.000
1728625442.863,-27.344,-33.691,-33.691,-68.359,0.000
1728625442.867,-22.949,-53.711,-43.945,-48.828,0.000
1728625442.871,-45.898,-53.711,-40.527,-27.344,0.000
1728625442.875,-41.504,-45.898,-34.668,-3.906,0.000
1728625442.879,-36.133,-48.828,-41.016,-29.785,0.000
1728625442.882,-15.137,-42.969,-42.480,-54.199,0.000
1728625442.886,-20.996,-26.367,-41.016,-53.711,0.000
1728625442.890,-53.223,-17.578,-30.762,-21.484,0.000
1728625442.894,-33.691,-27.832,-29.785,11.719,0.000
1728625442.898,-28.320,-43.457,-44.922,-15.137,0.000
1728625442.902,-26.855,-45.410,-50.293,-50.781,0.000
1728625442.906,-24.902,-45.898,-48.340,-59.082,0.000
1728625442.910,-45.410,-42.480,-44.434,-38.086,0.000
1728625442.914,-28.809,-33.691,-41.504,10.742,0.000
1728625442.918,-30.273,-27.832,-42.969,-13.672,0.000
1728625442.922,-25.391,-31.250,-42.969,-70.801,0.000
1728625442.925,-24.902,-40.527,-42.969,-71.777,0.000
1728625442.929,0.000,-55.664,-47.363,-39.551,0.000
1728625442.933,0.000,-52.246,-41.504,-1.465,0.000
1728625442.937,0.000,-43.457,-37.598,-6.836,0.000
1728625442.941,0.000,-44.922,-38.086,-54.199,0.000
1728625442.945,0.000,-32.715,-36.133,-57.617,0.000
1728625442.949,0.000,-31.250,-41.992,-28.320,0.000
1728625442.953,0.000,-38.086,-42.969,1.465,0.000
1728625442.957,0.000,-51.758,-46.875,4.395,0.000
1728625442.961,0.000,-56.641,-50.781,-42.969,0.000
1728625442.964,0.000,-41.016,-45.898,-68.848,0.000
1728625442.968,0.000,-40.039,-45.410,-51.758,0.000
1728625442.972,0.000,-31.738,-41.016,-3.418,0.000
1728625442.976,-40.039,-24.902,-36.133,4.395,0.000
1728625442.980,-42.480,-39.551,-42.480,-39.062,0.000
1728625442.984,-18.555,-48.340,-37.598,-52.246,0.000
1728625442.988,-51.270,-43.457,-32.715,-47.363,0.000
1728625442.992,-59.082,-36.133,-41.992,-3.418,0.000
1728625442.996,-30.273,-39.551,-45.410,29.785,0.000
1728625443.000,-23.438,-37.109,-44.922,-12.207,0.000
1728625443.004,-3.418,-26.855,-44.922,-41.992,0.000
1728625443.007,-23.926,-28.809,-37.109,-40.039,0.000
1728625443.011,-45.410,-20.996,-33.203,-10.254,0.000
1728625443.015,-29.785,-29.297,-32.715,4.395,0.000
1728625443.019,-29.785,-32.715,-31.250,-28.809,0.000
1728625443.023,-15.625,-37.109,-37.598,-49.805,0.000
1728625443.027,-31.738,-46.875,-46.387,-57.617,0.000
1728625443.031,-56.641,-35.156,-47.363,-20.508,0.000
1728625443.035,-45.410,-30.273,-42.969,7.812,0.000
1728625443.039,-43.945,-30.273,-41.504,-38.086,0.000
1728625443.043,-24.902,-34.668,-43.945,-69.336,0.000
1728625443.046,-16.602,-39.551,-45.410,-44.922,0.000
1728625443.050,-36.621,-28.809,-38.574,0.488,0.000
1728625443.054,-37.598,-26.855,-34.180,3.906,0.000
1728625443.058,-45.410,-43.945,-42.969,-37.109,0.000
1728625443.062,-28.809,-46.387,-43.945,-60.547,0.000
1728625443.066,-19.043,-39.062,-38.574,-49.805,0.000
1728625443.070,-32.227,-39.062,-32.715,-14.648,0.000
1728625443.074,-13.672,-37.598,-24.414,29.297,0.000
1728625443.078,-23.438,-36.133,-27.832,4.395,0.000
1728625443.082,-24.414,-30.273,-36.133,-39.551,0.000
1728625443.085,-15.137,-29.785,-41.016,-37.109,0.000
1728625443.089,-29.297,-38.086,-38.086,-12.695,0.000
1728625443.093,-17.578,-37.598,-37.598,30.273,0.000
1728625443.097,-16.602,-26.855,-43.945,4.883,0.000
1728625443.101,-13.184,-23.438,-42.480,-41.504,0.000
1728625443.105,-11.230,-42.480,-45.410,-40.527,0.000
1728625443.109,-43.945,-47.852,-45.410,-32.715,0.000
1728625443.113,-40.039,-23.926,-36.621,-0.977,0.000
1728625443.117,-32.227,-24.902,-46.387,-14.160,0.000
1728625443.121,-34.668,-35.645,-50.781,-51.270,0.000
1728625443.124,-7.324,-29.785,-41.016,-53.223,0.000
1728625443.128,-20.020,-30.273,-36.621,-32.227,0.000
1728625443.132,-30.762,-28.809,-35.156,16.602,0.000
1728625443.136,-35.645,-29.297,-41.016,7.324,0.000
1728625443.140,-29.297,-37.598,-44.434,-43.945,0.000
1728625443.144,-16.113,-32.715,-36.133,-39.551,0.000
1728625443.148,-40.039,-29.785,-31.250,-11.719,0.000
1728625443.152,-31.738,-38.086,-31.738,17.578,0.000
1728625443.156,-30.273,-39.551,-36.133,8.789,0.000
1728625443.160,-19.531,-34.668,-39.551,-42.480,0.000
1728625443.164,6.348,-30.762,-39.062,-59.570,0.000
1728625443.167,-23.438,-36.133,-41.016,-41.992,0.000
1728625443.171,-36.133,-39.551,-35.645,-2.441,0.000
1728625443.175,-28.809,-29.785,-30.762,4.395,0.000
1728625443.179,-19.531,-30.762,-37.598,-30.273,0.000
1728625443.183,-6.348,-49.805,-38.086,-50.293,0.000
1728625443.187,-34.668,-53.223,-32.715,-49.316,0.000
1728625443.191,-42.969,-45.898,-31.250,-6.836,0.000
1728625443.195,-32.227,-46.387,-34.668,19.531,0.000
1728625443.199,-34.180,-44.922,-36.621,-15.625,0.000
1728625443.203,-20.996,-33.203,-34.668,-55.176,0.000
1728625443.207,-29.785,-33.691,-40.527,-58.594,0.000
1728625443.210,-42.969,-34.180,-39.062,-16.113,0.000
1728625443.214,-26.855,-35.156,-35.645,7.812,0.000
1728625443.218,-20.020,-34.180,-37.598,-31.250,0.000
1728625443.222,-5.371,-37.109,-43.457,-54.688,0.000
1728625443.226,-14.648,-44.434,-47.852,-60.547,0.000
1728625443.230,-43.457,-36.133,-46.387,-31.250,0.000
1728625443.234,-30.273,-33.691,-37.598,8.789,0.000
1728625443.238,-31.738,-38.574,-39.551,-32.715,0.000
1728625443.242,-28.809,-39.551,-51.758,-55.664,0.000
1728625443.246,-23.926,-32.715,-49.316,-46.875,0.000
1728625443.250,-37.598,-20.020,-35.645,-24.902,0.000
1728625443.253,-23.438,-24.902,-32.227,10.254,0.000
1728625443.257,-32.715,-39.062,-37.109,-23.438,0.000
1728625443.261,-33.203,-41.992,-39.062,-60.547,0.000
1728625443.265,-33.203,-41.504,-37.109,-62.988,0.000
1728625443.269,-49.805,-34.180,-39.062,-52.734,0.000
1728625443.273,-37.109,-32.227,-40.527,-14.160,0.000
1728625443.277,-40.039,-39.551,-39.551,-27.344,0.000
1728625443.281,-32.227,-43.457,-41.504,-73.730,0.000
1728625443.285,-18.555,-41.504,-43.457,-66.895,0.000
1728625443.289,-41.504,-46.875,-49.316,-32.227,0.000
1728625443.293,-39.062,-38.574,-38.086,8.789,0.000
1728625443.296,-29.297,-33.203,-35.645,-4.883,0.000
1728625443.300,-24.902,-52.734,-42.969,-53.711,0.000
1728625443.304,-19.531,-48.340,-41.504,-59.570,0.000
1728625443.308,-38.574,-30.762,-44.922,-36.133,0.000
1728625443.312,-39.062,-30.762,-41.016,1.953,0.000
1728625443.316,-38.086,-41.504,-45.410,-10.742,0.000
1728625443.320,-34.180,-41.504,-49.316,-64.453,0.000
1728625443.324,-14.160,-41.504,-50.293,-70.801,0.000
1728625443.328,-33.691,-40.527,-47.363,-34.668,0.000
1728625443.332,-33.691,-34.668,-37.109,9.766,0.000
1728625443.335,-29.297,-35.156,-39.062,-1.953,0.000
1728625443.339,-30.273,-30.273,-36.133,-44.434,0.000
1728625443.343,-8.789,-27.832,-38.574,-58.594,0.000
1728625443.347,-40.527,-38.574,-41.016,-50.781,0.000
1728625443.351,-47.852,-34.180,-30.762,-2.930,0.000
1728625443.355,-41.016,-28.809,-28.320,3.906,0.000
1728625443.359,-39.551,-39.062,-37.598,-48.828,0.000
1728625443.363,-9.766,-32.715,-40.527,-56.152,0.000
1728625443.367,-24.414,-30.273,-40.527,-45.410,0.000
1728625443.371,-35.645,-39.551,-42.480,-17.578,0.000
1728625443.375,-31.250,-40.527,-43.945,6.348,0.000
1728625443.378,-37.109,-41.992,-48.828,-34.180,0.000
1728625443.382,-10.742,-37.109,-43.945,-56.641,0.000
1728625443.386,-16.113,-28.809,-41.016,-42.480,0.000
1728625443.390,-44.922,-31.738,-34.180,-0.977,0.000
1728625443.394,-35.645,-40.527,-34.180,9.766,0.000
1728625443.398,-32.715,-42.969,-41.504,-52.246,0.000
1728625443.402,-25.391,-45.410,-41.992,-78.125,0.000
1728625443.406,-36.621,-44.922,-48.828,-73.730,0.000
1728625443.410,-50.293,-40.039,-43.945,-28.320,0.000
1728625443.414,-45.898,-33.203,-32.227,13.672,0.000
1728625443.417,-42.969,-39.551,-34.668,-34.668,0.000
1728625443.421,-11.230,-43.945,-36.133,-59.082,0.000
1728625443.425,-17.090,-39.062,-33.691,-43.457,0.000
1728625443.429,-42.969,-38.086,-29.297,-20.020,0.000
1728625443.433,-40.039,-42.480,-30.762,0.488,0.000
1728625443.437,-46.387,-45.410,-38.086,-38.574,0.000
1728625443.441,-35.645,-46.875,-39.551,-76.172,0.000
1728625443.445,-29.785,-44.922,-37.598,-64.453,0.000
1728625443.449,-48.340,-38.574,-35.156,-26.855,0.000
1728625443.453,-38.574,-31.738,-32.227,6.836,0.000
1728625443.456,-47.363,-35.156,-36.133,-20.020,0.000
1728625443.460,-36.621,-41.016,-40.039,-67.871,0.000
1728625443.464,-15.137,-42.969,-39.551,-71.777,0.000
1728625443.468,-31.250,-39.551,-36.133,-25.879,0.000
1728625443.472,-25.879,-33.691,-31.738,9.766,0.000
1728625443.476,-27.344,-30.273,-35.156,-17.578,0.000
1728625443.480,-20.508,-28.320,-40.527,-59.082,0.000
1728625443.484,-12.695,-26.367,-41.992,-78.125,0.000
1728625443.488,-28.320,-23.926,-37.109,-50.781,0.000
1728625443.492,-20.508,-35.645,-35.156,-5.371,0.000
1728625443.496,-14.648,-37.598,-40.039,-25.391,0.000
1728625443.499,-14.160,-32.715,-35.156,-66.406,0.000
1728625443.503,-7.812,-30.273,-29.297,-62.012,0.000
1728625443.507,-39.062,-30.762,-38.086,-41.992,0.000
1728625443.511,-39.062,-38.574,-39.551,10.254,0.000
1728625443.515,-40.527,-34.180,-32.715,9.277,0.000
1728625443.519,-35.156,-31.738,-32.227,-38.086,0.000
1728625443.523,-17.578,-40.527,-33.691,-44.434,0.000
1728625443.527,-50.293,-45.898,-36.621,-34.668,0.000
1728625443.531,-46.387,-35.156,-37.598,6.836,0.000
1728625443.535,-36.133,-37.109,-37.109,1.953,0.000
1728625443.539,0.000,-40.527,-44.922,-54.199,0.000
1728625443.543,0.000,-39.062,-49.805,-56.152,0.000
1728625443.546,0.000,-39.062,-44.922,-48.828,0.000
1728625443.550,0.000,-41.016,-34.180,-13.672,0.000
1728625443.554,0.000,-41.016,-40.039,-7.324,0.000
1728625443.558,0.000,-43.945,-46.875,-53.711,0.000
1728625443.562,0.000,-38.574,-42.480,-62.500,0.000
1728625443.566,0.000,-33.691,-44.922,-60.059,0.000
1728625443.570,0.000,-43.457,-43.457,-27.832,0.000
1728625443.574,0.000,-43.945,-44.434,6.348,0.000
1728625443.578,0.000,-34.180,-37.598,-28.320,0.000
1728625443.582,0.000,-29.785,-36.133,-66.406,0.000
1728625443.586,-44.434,-41.992,-45.898,-61.523,0.000
1728625443.589,-41.992,-45.410,-44.922,-27.344,0.000
1728625443.593,-29.297,-36.133,-42.480,-8.301,0.000
1728625443.597,-32.715,-40.527,-48.828,-41.992,0.000
1728625443.601,-13.672,-45.410,-49.805,-65.918,0.000
1728625443.605,-21.973,-52.246,-49.805,-56.641,0.000
1728625443.609,-35.645,-54.199,-43.945,-5.371,0.000
1728625443.613,-30.273,-46.387,-37.598,26.855,0.000
1728625443.617,-31.250,-51.270,-48.828,-20.508,0.000
1728625443.621,-4.883,-41.016,-49.805,-54.688,0.000
1728625443.625,-11.230,-37.598,-41.504,-47.363,0.000
1728625443.628,-44.922,-47.363,-37.598,-21.484,0.000
1728625443.632,-32.715,-38.574,-32.227,14.160,0.000
1728625443.636,-32.715,-34.180,-33.203,-4.883,0.000
1728625443.640,-25.879,-32.227,-37.109,-40.039,0.000
1728625443.644,-17.090,-41.504,-42.480,-45.898,0.000
1728625443.648,-33.203,-47.363,-45.898,-25.879,0.000
1728625443.652,-22.461,-30.762,-37.598,27.344,0.000
1728625443.656,-27.832,-28.809,-36.133,-3.418,0.000
1728625443.660,-19.043,-39.062,-39.551,-54.199,0.000
1728625443.664,-17.090,-39.551,-39.551,-49.805,0.000
1728625443.668,-39.551,-30.273,-37.109,-30.762,0.000
1728625443.671,-28.320,-29.297,-29.785,1.953,0.000
1728625443.675,-22.949,-38.574,-39.551,-13.184,0.000
1728625443.679,-11.230,-38.574,-50.293,-49.805,0.000
1728625443.683,-8.789,-37.109,-45.898,-58.105,0.000
1728625443.687,-34.668,-38.086,-38.574,-20.996,0.000
1728625443.691,-24.902,-35.645,-34.180,24.902,0.000
1728625443.695,-23.926,-27.344,-40.039,-1.953,0.000
1728625443.699,-33.691,-30.273,-37.598,-43.457,0.000
1728625443.703,-7.812,-29.785,-31.250,-41.016,0.000
1728625443.707,-12.207,-34.668,-38.086,-18.066,0.000
1728625443.711,-17.578,-36.621,-37.109,8.789,0.000
1728625443.714,-21.973,-28.809,-35.645,-10.742,0.000
1728625443.718,-26.855,-28.320,-40.527,-48.340,0.000
1728625443.722,2.930,-31.738,-39.062,-49.805,0.000
1728625443.726,-17.090,-33.691,-40.039,-32.715,0.000
1728625443.730,-20.020,-21.973,-37.109,14.648,0.000
1728625443.734,-11.719,-16.602,-37.598,22.461,0.000
1728625443.738,-29.785,-29.785,-41.992,-13.672,0.000
1728625443.742,-7.324,-34.180,-41.504,-33.691,0.000
1728625443.746,-28.320,-34.180,-46.875,-45.898,0.000
1728625443.750,-47.852,-34.180,-46.387,-14.160,0.000
1728625443.753,-15.625,-37.109,-41.016,18.066,0.000
1728625443.757,-13.184,-37.109,-47.852,-32.227,0.000
1728625443.761,5.859,-22.461,-45.410,-65.430,0.000
1728625443.765,-7.812,-20.508,-41.992,-38.574,0.000
1728625443.769,-28.320,-30.762,-38.574,5.371,0.000
1728625443.773,-16.602,-36.133,-36.621,12.207,0.000
1728625443.777,-32.227,-37.109,-44.922,-42.969,0.000
1728625443.781,-14.648,-33.203,-41.992,-60.547,0.000
1728625443.785,-29.297,-34.180,-46.875,-41.504,0.000
1728625443.789,-58.105,-35.645,-49.316,-22.461,0.000
1728625443.792,-34.668,-30.762,-31.738,0.000,0.000
1728625443.796,-40.039,-34.668,-37.109,-29.785,0.000
1728625443.800,-33.691,-47.363,-39.551,-59.570,0.000
1728625443.804,-35.645,-40.527,-33.691,-59.082,0.000
1728625443.808,-50.293,-44.922,-31.738,-15.625,0.000
1728625443.812,-22.949,-40.527,-24.902,30.273,0.000
1728625443.816,-23.926,-34.668,-26.367,-18.066,0.000
1728625443.820,-30.762,-31.738,-27.832,-62.988,0.000
1728625443.824,-33.203,-29.785,-28.809,-47.852,0.000
1728625443.828,-51.758,-43.457,-36.621,-31.250,0.000
1728625443.831,-46.387,-40.039,-34.668,-3.418,0.000
1728625443.835,-41.016,-45.410,-40.527,-27.832,0.000
1728625443.839,-25.391,-52.246,-50.293,-64.453,0.000
1728625443.843,-29.297,-49.805,-43.457,-58.594,0.000
1728625443.847,-44.922,-43.945,-41.504,-37.598,0.000
1728625443.851,-28.809,-36.621,-37.109,4.883,0.000
1728625443.855,-17.090,-41.016,-42.480,-14.648,0.000
1728625443.859,-26.855,-47.363,-46.875,-61.035,0.000
1728625443.863,-26.367,-36.133,-39.551,-64.941,0.000
1728625443.867,-46.875,-37.598,-40.039,-36.133,0.000
1728625443.870,-46.387,-48.340,-38.574,14.160,0.000
1728625443.874,-33.691,-46.387,-40.527,-10.254,0.000
1728625443.878,-31.250,-38.086,-47.363,-60.547,0.000
1728625443.882,-15.137,-35.645,-48.340,-61.035,0.000
1728625443.886,-33.691,-39.062,-51.758,-46.387,0.000
1728625443.890,-35.645,-34.668,-45.410,4.883,0.000
1728625443.894,-20.996,-33.203,-37.598,-1.953,0.000
1728625443.898,-21.484,-44.922,-41.992,-54.688,0.000
1728625443.902,-8.301,-51.758,-44.434,-49.316,0.000
1728625443.906,-36.133,-49.316,-45.898,-36.133,0.000
1728625443.910,-54.688,-32.715,-39.551,-6.348,0.000
1728625443.914,-28.320,-33.691,-33.691,8.789,0.000
1728625443.917,-23.926,-44.434,-41.992,-30.762,0.000
1728625443.921,-14.160,-38.086,-48.340,-42.969,0.000
1728625443.925,-19.531,-36.133,-44.922,-22.949,0.000
1728625443.929,-21.973,-32.227,-38.086,-0.488,0.000
1728625443.933,-16.113,-33.203,-32.715,10.742,0.000
1728625443.937,-30.762,-46.875,-38.574,-34.668,0.000
1728625443.941,-24.902,-40.527,-40.039,-66.406,0.000
1728625443.945,-39.062,-32.715,-41.016,-51.270,0.000
1728625443.949,-50.781,-42.480,-41.016,-2.930,0.000
1728625443.953,-44.922,-39.551,-43.945,1.953,0.000
1728625443.956,-37.598,-33.691,-48.340,-39.551,0.000
1728625443.960,-14.160,-34.668,-49.316,-44.922,0.000
1728625443.964,-34.668,-42.969,-51.270,-48.828,0.000
1728625443.968,-42.969,-45.898,-43.457,-23.926,0.000
1728625443.972,-15.625,-37.109,-33.203,8.301,0.000
1728625443.976,-26.855,-34.668,-41.504,-33.203,0.000
1728625443.980,-19.531,-38.086,-51.758,-71.289,0.000
1728625443.984,-14.648,-34.668,-50.293,-67.383,0.000
1728625443.988,-38.086,-36.133,-46.387,-26.367,0.000
1728625443.992,-35.645,-45.410,-45.898,11.719,0.000
1728625443.996,-35.645,-38.086,-44.434,-34.668,0.000
1728625443.999,-11.230,-22.461,-36.621,-73.242,0.000
1728625444.003,-10.742,-34.668,-37.598,-60.547,0.000
1728625444.007,-53.711,-43.457,-38.086,-32.715,0.000
1728625444.011,-53.711,-28.809,-30.273,0.488,0.000
1728625444.015,-51.270,-25.879,-29.785,-23.926,0.000
1728625444.019,-38.086,-36.621,-35.156,-55.664,0.000
1728625444.023,-24.414,-41.992,-40.527,-50.781,0.000
1728625444.027,-37.109,-38.574,-37.598,-10.254,0.000
1728625444.031,-20.996,-25.391,-29.785,26.855,0.000
1728625444.035,-17.090,-37.598,-36.621,-11.719,0.000
1728625444.039,-9.277,-42.969,-44.434,-59.570,0.000
1728625444.042,-4.883,-29.297,-43.945,-60.547,0.000
1728625444.046,-34.180,-32.715,-41.992,-29.785,0.000
1728625444.050,-25.391,-35.156,-37.598,16.113,0.000
1728625444.054,-30.273,-36.133,-42.480,5.371,0.000
1728625444.058,-26.367,-30.762,-42.969,-41.992,0.000
1728625444.062,-8.301,-29.297,-36.621,-56.641,0.000
1728625444.066,-30.762,-38.574,-39.551,-51.270,0.000
1728625444.070,-30.273,-35.156,-41.992,-13.672,0.000
1728625444.074,-20.996,-33.691,-43.457,-14.648,0.000
1728625444.078,-26.855,-40.527,-49.316,-69.336,0.000
1728625444.082,-21.973,-43.457,-52.246,-67.383,0.000
1728625444.085,-49.316,-41.016,-52.246,-43.457,0.000
1728625444.089,-49.805,-36.133,-38.574,-9.766,0.000
1728625444.093,-23.926,-31.250,-28.809,3.906,0.000
1728625444.097,-27.344,-32.227,-41.504,-41.992,0.000
1728625444.101,-16.602,-36.621,-47.852,-59.082,0.000
1728625444.105,-29.297,-39.062,-43.945,-42.480,0.000
1728625444.109,-37.109,-39.062,-39.062,-5.371,0.000
1728625444.113,-28.809,-42.480,-41.016,11.230,0.000
1728625444.117,-31.250,-47.363,-42.969,-38.086,0.000
1728625444.121,-9.277,-38.086,-39.062,-64.453,0.000
1728625444.124,-16.602,-36.621,-41.504,-49.805,0.000
1728625444.128,-27.832,-32.715,-33.691,-7.812,0.000
1728625444.132,-14.160,-32.715,-31.738,11.230,0.000
1728625444.136,-34.668,-44.434,-43.457,-40.039,0.000
1728625444.140,-20.996,-39.062,-43.945,-71.289,0.000
1728625444.144,-10.254,-37.109,-43.945,-58.105,0.000
1728625444.148,-35.645,-40.039,-41.504,-17.578,0.000
1728625444.152,-37.109,-34.668,-40.527,-0.488,0.000
1728625444.156,-33.203,-36.133,-60.059,-53.223,0.000
1728625444.160,-9.766,-43.945,-52.246,-67.871,0.000
1728625444.163,-24.902,-39.551,-36.133,-51.758,0.000
1728625444.167,-43.457,-41.016,-49.805,-25.879,0.000
1728625444.171,-61.035,-40.039,-41.016,-29.297,0.000
1728625444.175,-59.570,-32.227,-34.668,-65.918,0.000
1728625444.179,-43.945,-37.109,-45.898,-79.590,0.000
1728625444.183,-58.105,-63.477,-41.504,-74.707,0.000
1728625444.187,-23.438,-54.199,-50.781,7.324,0.000
1728625444.191,-22.949,-43.945,-21.973,58.594,0.000
1728625444.195,-118.652,-36.133,17.578,-75.684,0.000
1728625444.199,-74.219,-48.828,-40.039,-142.578,0.000
1728625444.202,25.879,-64.453,-87.891,-21.484,0.000
1728625444.206,-157.227,75.684,-51.758,-94.727,0.000
1728625444.210,-91.797,2.930,-38.574,-16.602,0.000
1728625444.214,97.656,-121.582,-72.266,117.188,0.000
1728625444.218,-21.484,-32.227,-73.242,-5.371,0.000
1728625444.222,-159.180,-3.906,-1.465,-196.777,0.000
1728625444.226,-145.020,-32.715,-7.324,-160.156,0.000
1728625444.230,14.160,-77.148,-48.340,50.781,0.000
1728625444.234,-45.898,-31.250,-51.758,2.441,0.000
1728625444.238,-130.859,17.578,-48.340,-55.664,0.000
1728625444.241,22.461,-31.738,-66.406,-30.273,0.000
1728625444.245,-129.395,-72.266,-20.020,-172.363,0.000
1728625444.249,-191.895,2.441,-17.578,-120.117,0.000
1728625444.253,64.941,24.414,-94.727,47.852,0.000
1728625444.257,61.523,-109.863,-72.754,6.836,0.000
1728625444.261,25.879,-147.949,-42.969,2.441,0.000
1728625444.265,80.078,-62.012,-70.312,51.758,0.000
1728625444.269,-21.484,-51.270,-46.387,18.555,0.000
1728625444.273,-16.113,-64.941,-36.621,-11.719,0.000
1728625444.277,52.246,-67.871,-64.941,53.223,0.000
1728625444.281,45.898,-58.594,-47.852,12.695,0.000
1728625444.284,-14.160,7.324,-108.887,-39.062,0.000
1728625444.288,46.387,7.812,-105.957,145.996,0.000
1728625444.292,44.434,-11.719,-41.992,122.070,0.000
1728625444.296,-13.184,-62.988,-41.504,-16.602,0.000
1728625444.300,9.766,-90.820,-59.082,5.371,0.000
1728625444.304,0.977,-62.500,-54.199,26.367,0.000
1728625444.308,13.672,-47.852,-14.160,49.805,0.000
1728625444.312,5.371,-8.789,-53.711,91.309,0.000
1728625444.316,-5.371,-63.477,-56.641,41.016,0.000
1728625444.320,11.719,-85.449,-17.578,-70.801,0.000
1728625444.324,-4.395,-38.086,-70.312,-26.855,0.000
1728625444.327,-13.184,-39.551,-82.031,55.176,0.000
1728625444.331,-3.906,-37.598,-81.055,58.594,0.000
1728625444.335,-70.312,-29.785,-84.961,-50.781,0.000
1728625444.339,-14.648,-73.730,-60.059,-52.246,0.000
1728625444.343,48.340,-56.152,-51.758,24.902,0.000
1728625444.347,-40.527,10.254,-65.918,10.742,0.000
1728625444.351,-14.648,-46.387,-40.527,3.418,0.000
1728625444.355,-26.367,-98.633,-31.250,-36.621,0.000
1728625444.359,-17.578,-76.172,-26.855,-30.762,0.000
1728625444.363,-48.828,-38.574,-44.434,-33.203,0.000
1728625444.367,-59.570,-41.504,-45.898,-19.531,0.000
1728625444.370,22.949,-63.965,-44.922,40.527,0.000
1728625444.374,32.715,-26.855,-81.055,20.996,0.000
1728625444.378,41.992,-22.949,-81.543,4.395,0.000
1728625444.382,-1.465,-30.273,-71.777,5.859,0.000
1728625444.386,-23.438,-48.828,-56.641,-1.465,0.000
1728625444.390,23.926,-32.227,-40.527,46.875,0.000
1728625444.394,-8.301,-15.137,-53.223,26.855,0.000
1728625444.398,3.418,-46.875,-41.016,-36.621,0.000
1728625444.402,9.766,-48.828,-38.086,-48.340,0.000
1728625444.406,-7.324,-40.527,-61.523,2.441,0.000
1728625444.410,-18.555,-29.297,-43.945,36.133,0.000
1728625444.414,-15.137,-30.762,-34.668,11.719,0.000
1728625444.417,18.066,-32.227,-62.500,-25.879,0.000
1728625444.421,20.508,-21.484,-62.500,-29.297,0.000
1728625444.425,-13.184,-24.902,-59.082,-13.184,0.000
1728625444.429,-5.859,-27.344,-62.500,30.273,0.000
1728625444.433,-14.160,-33.203,-58.105,9.766,0.000
1728625444.437,-28.320,-38.086,-58.105,-46.387,0.000
1728625444.441,-9.766,-38.574,-51.270,-48.340,0.000
1728625444.445,-22.461,-37.109,-49.805,-35.156,0.000
1728625444.449,-20.020,-30.762,-50.293,8.301,0.000
1728625444.453,-20.996,-27.832,-43.457,0.977,0.000
1728625444.457,-21.484,-30.762,-43.945,-50.293,0.000
1728625444.460,1.465,-35.645,-36.133,-45.898,0.000
1728625444.464,-25.879,-28.809,-38.574,-40.039,0.000
1728625444.468,-23.438,-25.879,-40.039,-2.441,0.000
1728625444.472,-2.930,-36.133,-34.668,17.090,0.000
1728625444.476,-27.832,-38.086,-39.551,-39.551,0.000
1728625444.480,-16.602,-25.879,-41.504,-67.383,0.000
1728625444.484,-17.090,-30.273,-38.574,-41.504,0.000
1728625444.488,-33.203,-34.668,-28.320,4.395,0.000
1728625444.492,-32.227,-34.180,-25.391,5.859,0.000
1728625444.496,-28.320,-38.086,-38.086,-41.504,0.000
1728625444.500,-4.883,-39.062,-41.504,-65.430,0.000
1728625444.503,-18.555,-42.480,-35.645,-49.805,0.000
1728625444.507,-41.504,-36.133,-32.227,-15.137,0.000
1728625444.511,-36.133,-24.414,-32.715,-4.395,0.000
1728625444.515,-30.273,-27.344,-34.668,-41.016,0.000
1728625444.519,-12.695,-27.344,-35.156,-59.570,0.000
1728625444.523,-23.926,-27.344,-36.621,-53.223,0.000
1728625444.527,-34.180,-29.297,-30.762,-14.648,0.000
1728625444.531,-34.180,-31.250,-25.879,17.090,0.000
1728625444.535,-50.781,-36.621,-39.062,-36.621,0.000
1728625444.539,-25.879,-28.320,-40.527,-63.477,0.000
1728625444.542,-28.320,-28.320,-34.180,-52.246,0.000
1728625444.546,-56.641,-37.109,-38.086,-18.555,0.000
1728625444.550,-39.062,-35.156,-34.668,7.812,0.000
1728625444.554,-34.180,-32.227,-31.250,-48.340,0.000
1728625444.558,-26.367,-33.203,-33.203,-77.637,0.000
1728625444.562,-15.625,-47.852,-40.527,-48.828,0.000
1728625444.566,-33.203,-40.039,-34.668,-18.066,0.000
1728625444.570,-34.180,-16.113,-25.879,1.953,0.000
1728625444.574,-32.715,-29.297,-33.691,-35.156,0.000
1728625444.578,-21.973,-41.992,-33.691,-64.941,0.000
1728625444.581,-25.391,-34.180,-34.668,-66.895,0.000
1728625444.585,-36.621,-20.508,-37.109,-44.434,0.000
1728625444.589,-21.973,-26.367,-25.879,-0.488,0.000
1728625444.593,-27.832,-41.992,-27.344,-12.695,0.000
1728625444.597,-30.762,-33.691,-35.156,-63.477,0.000
1728625444.601,-28.320,-30.762,-25.879,-76.660,0.000
1728625444.605,-57.617,-29.297,-23.926,-49.805,0.000
1728625444.609,-52.246,-29.785,-31.250,-5.371,0.000
1728625444.613,-43.457,-42.480,-34.668,-19.531,0.000
1728625444.617,-38.574,-41.504,-36.621,-62.500,0.000
1728625444.620,-32.715,-34.668,-37.598,-62.012,0.000
1728625444.624,-50.293,-33.691,-37.109,-39.551,0.000
1728625444.628,-33.203,-42.480,-30.762,1.465,0.000
1728625444.632,-27.344,-46.875,-34.668,-18.066,0.000
1728625444.636,-26.855,-40.039,-37.109,-56.641,0.000
1728625444.640,-7.324,-31.738,-29.785,-59.570,0.000
1728625444.644,-41.992,-27.344,-36.621,-57.129,0.000
1728625444.648,-52.734,-33.203,-36.621,-8.301,0.000
1728625444.652,-40.527,-40.527,-36.133,-9.766,0.000
1728625444.656,-42.969,-31.738,-44.434,-66.895,0.000
1728625444.659,-21.484,-27.344,-39.551,-67.383,0.000
1728625444.663,-37.109,-41.016,-35.645,-37.109,0.000
1728625444.667,-41.504,-38.086,-37.109,2.930,0.000
1728625444.671,-21.973,-28.809,-32.715,6.836,0.000
1728625444.675,-26.855,-28.320,-39.551,-49.316,0.000
1728625444.679,-17.090,-31.250,-44.922,-71.289,0.000
1728625444.683,-42.480,-33.691,-40.039,-54.688,0.000
1728625444.687,-46.875,-25.391,-32.227,-16.602,0.000
1728625444.691,-23.438,-20.996,-23.438,-0.488,0.000
1728625444.695,-31.738,-39.062,-32.227,-47.363,0.000
1728625444.699,-14.648,-38.086,-39.062,-65.918,0.000
1728625444.703,-30.762,-31.738,-37.598,-52.734,0.000
1728625444.706,-51.758,-33.203,-36.133,-16.602,0.000
1728625444.710,-44.434,-35.645,-32.227,4.395,0.000
1728625444.714,-44.434,-41.016,-36.621,-43.457,0.000
1728625444.718,-36.133,-41.992,-41.016,-72.754,0.000
1728625444.722,-46.875,-48.828,-37.598,-60.547,0.000
1728625444.726,-50.293,-50.293,-31.250,-28.809,0.000
1728625444.730,-50.293,-47.852,-28.320,-1.953,0.000
1728625444.734,-55.664,-41.016,-35.645,-42.969,0.000
1728625444.738,-40.039,-38.574,-41.992,-81.055,0.000
1728625444.742,-34.180,-48.340,-47.852,-64.453,0.000
1728625444.746,-55.176,-52.246,-42.969,-28.320,0.000
1728625444.749,-59.082,-42.969,-31.738,-7.812,0.000
1728625444.753,-62.500,-40.039,-41.016,-38.574,0.000
1728625444.757,-37.109,-37.109,-39.551,-62.500,0.000
1728625444.761,-15.137,-29.297,-37.598,-59.082,0.000
1728625444.765,-56.152,-36.621,-40.527,-43.945,0.000
1728625444.769,-63.965,-36.133,-34.668,-13.672,0.000
1728625444.773,-46.875,-36.133,-37.598,-30.762,0.000
1728625444.777,-25.879,-37.109,-50.781,-69.824,0.000
1728625444.781,-21.973,-38.086,-47.363,-73.730,0.000
1728625444.785,-54.199,-41.992,-33.203,-44.434,0.000
1728625444.788,-62.500,-42.480,-34.668,2.441,0.000
1728625444.792,-75.195,-45.898,-39.551,-25.879,0.000
1728625444.796,-64.941,-44.434,-43.945,-81.543,0.000
1728625444.800,-44.922,-41.504,-46.875,-76.660,0.000
1728625444.804,-40.527,-42.480,-46.387,-45.898,0.000
1728625444.808,-26.855,-23.926,-39.062,-0.977,0.000
1728625444.812,-44.434,-21.484,-42.480,-15.625,0.000
1728625444.816,-51.270,-43.945,-53.223,-66.406,0.000
1728625444.820,-28.320,-50.781,-47.852,-69.824,0.000
1728625444.824,-50.781,-45.898,-39.551,-50.781,0.000
1728625444.828,-44.434,-28.320,-31.738,2.930,0.000
1728625444.831,-20.996,-31.738,-35.645,13.672,0.000
1728625444.835,-34.180,-44.922,-44.434,-47.363,0.000
1728625444.839,-6.836,-30.762,-36.133,-71.777,0.000
1728625444.843,-13.184,-26.855,-35.156,-43.457,0.000
1728625444.847,-41.016,-39.062,-31.738,12.207,0.000
1728625444.851,-37.109,-41.016,-29.297,9.766,0.000
1728625444.855,-37.598,-35.156,-34.180,-40.527,0.000
1728625444.859,-15.625,-35.156,-31.738,-48.340,0.000
1728625444.863,-36.133,-39.062,-35.645,-40.039,0.000
1728625444.867,-53.223,-37.109,-36.133,-3.906,0.000
1728625444.871,-35.645,-40.039,-36.621,5.859,0.000
1728625444.874,-27.832,-42.969,-46.875,-42.480,0.000
1728625444.878,8.789,-41.016,-44.434,-52.734,0.000
1728625444.882,-6.836,-32.227,-41.992,-52.734,0.000
1728625444.886,-41.992,-29.297,-34.668,-14.160,0.000
1728625444.890,-40.527,-37.598,-33.203,24.414,0.000
1728625444.894,-41.992,-47.852,-47.363,-27.344,0.000
1728625444.898,-12.695,-40.527,-45.410,-66.895,0.000
1728625444.902,-17.578,-31.738,-43.457,-61.035,0.000
1728625444.906,-32.715,-35.156,-47.852,-20.996,0.000
1728625444.910,-19.531,-31.738,-38.574,2.930,0.000
1728625444.913,-37.598,-33.691,-38.086,-37.598,0.000
1728625444.917,-18.066,-38.574,-42.480,-61.523,0.000
1728625444.921,-9.277,-41.992,-39.551,-48.340,0.000
1728625444.925,-38.574,-43.945,-38.574,-17.090,0.000
1728625444.929,-46.387,-32.715,-34.180,11.719,0.000
1728625444.933,-45.410,-31.738,-35.645,-17.090,0.000
1728625444.937,-35.156,-37.109,-37.598,-45.410,0.000
1728625444.941,-41.504,-40.527,-38.574,-50.293,0.000
1728625444.945,-45.898,-41.992,-41.992,-36.621,0.000
1728625444.949,-33.691,-43.945,-35.156,-2.441,0.000
1728625444.952,-50.781,-43.457,-37.598,-35.156,0.000
1728625444.956,-34.668,-38.574,-43.945,-77.637,0.000
1728625444.960,-22.461,-46.387,-46.875,-74.707,0.000
1728625444.964,-60.059,-50.781,-44.434,-42.480,0.000
1728625444.968,-55.664,-41.504,-42.969,-2.930,0.000
1728625444.972,-53.711,-36.621,-42.969,-26.855,0.000
1728625444.976,-43.945,-41.016,-49.316,-71.777,0.000
1728625444.980,-23.438,-41.504,-52.734,-67.383,0.000
1728625444.984,-46.387,-39.062,-46.387,-40.527,0.000
1728625444.988,-57.617,-40.527,-36.133,-6.836,0.000
1728625444.991,-48.340,-43.945,-36.133,-25.879,0.000
1728625444.995,-29.785,-39.551,-38.086,-64.453,0.000
1728625444.999,-12.207,-34.668,-41.016,-70.801,0.000
1728625445.003,-38.086,-36.133,-55.176,-60.059,0.000
1728625445.007,-37.598,-33.203,-48.340,-5.371,0.000
1728625445.011,-29.297,-37.598,-43.457,2.441,0.000
1728625445.015,-34.180,-48.828,-51.758,-61.035,0.000
1728625445.019,-20.996,-44.922,-51.758,-82.031,0.000
1728625445.023,-41.016,-44.922,-45.898,-50.293,0.000
1728625445.027,-38.086,-39.062,-45.410,2.930,0.000
1728625445.030,-22.949,-27.832,-41.504,9.277,0.000
1728625445.034,-25.879,-32.227,-41.992,-49.805,0.000
1728625445.038,-21.973,-40.039,-51.270,-73.730,0.000
1728625445.042,-41.504,-40.039,-54.199,-64.453,0.000
1728625445.046,-43.945,-38.086,-48.340,-24.414,0.000
1728625445.050,-39.062,-31.250,-40.039,-2.930,0.000
1728625445.054,-33.691,-32.227,-38.574,-43.945,0.000
1728625445.058,-20.996,-46.387,-37.109,-53.711,0.000
1728625445.062,-44.922,-52.734,-41.992,-42.480,0.000
1728625445.066,-49.805,-46.387,-37.109,-7.324,0.000
1728625445.070,-27.344,-40.527,-36.133,6.348,0.000
1728625445.074,-26.855,-44.922,-44.922,-34.668,0.000
1728625445.077,-26.367,-48.828,-41.504,-61.523,0.000
1728625445.081,-44.434,-45.410,-42.969,-58.105,0.000
1728625445.085,-44.434,-37.598,-41.504,-20.020,0.000
1728625445.089,-34.668,-28.809,-35.645,-6.836,0.000
1728625445.093,-47.852,-31.738,-40.527,-50.781,0.000
1728625445.097,-26.855,-36.621,-46.875,-67.383,0.000
1728625445.101,-22.461,-32.227,-41.992,-60.547,0.000
1728625445.105,-41.992,-32.227,-35.156,-24.902,0.000
1728625445.109,-30.273,-31.738,-34.180,8.301,0.000
1728625445.113,-25.391,-35.645,-41.504,-34.180,0.000
1728625445.117,-15.137,-39.062,-41.992,-67.871,0.000
1728625445.120,-20.508,-37.109,-41.504,-62.988,0.000
1728625445.124,-39.551,-33.691,-44.434,-26.367,0.000
1728625445.128,-30.762,-37.598,-38.086,17.090,0.000
1728625445.132,-30.273,-43.457,-40.039,-27.832,0.000
1728625445.136,-28.809,-45.410,-45.898,-78.613,0.000
1728625445.140,-29.785,-40.039,-44.922,-76.172,0.000
1728625445.144,-54.199,-44.922,-47.363,-50.293,0.000
1728625445.148,-45.898,-41.016,-41.992,-2.930,0.000
1728625445.152,-41.992,-35.156,-44.434,-26.855,0.000
1728625445.156,-20.508,-44.922,-56.152,-76.660,0.000
1728625445.160,-6.836,-44.434,-51.758,-66.895,0.000
1728625445.163,-40.527,-44.922,-47.363,-42.969,0.000
1728625445.167,-40.527,-42.969,-43.945,-0.977,0.000
1728625445.171,-21.973,-30.762,-37.598,-8.789,0.000
1728625445.175,-17.090,-26.367,-46.387,-54.688,0.000
1728625445.179,-18.555,-39.551,-49.316,-62.500,0.000
1728625445.183,-42.480,-45.898,-46.875,-41.016,0.000
1728625445.187,-40.039,-43.457,-36.621,2.930,0.000
1728625445.191,-32.227,-43.945,-33.203,-9.277,0.000
1728625445.195,-30.273,-42.480,-43.457,-51.758,0.000
1728625445.199,-11.230,-31.250,-43.945,-50.293,0.000
1728625445.202,-22.949,-21.973,-39.062,-32.227,0.000
1728625445.206,-18.555,-28.809,-41.992,19.531,0.000
1728625445.210,-29.785,-41.992,-42.480,23.926,0.000
1728625445.214,-33.691,-40.039,-37.109,-39.551,0.000
1728625445.218,-14.160,-41.992,-41.504,-62.012,0.000
1728625445.222,-36.621,-41.992,-41.016,-46.387,0.000
1728625445.226,-45.898,-33.691,-36.621,-2.930,0.000
1728625445.230,-33.203,-32.715,-32.715,16.113,0.000
1728625445.234,-23.926,-34.668,-34.180,-35.645,0.000
1728625445.238,-9.277,-40.039,-38.574,-67.383,0.000
1728625445.242,-30.762,-36.133,-33.203,-54.199,0.000
1728625445.245,-48.340,-35.156,-29.785,-6.348,0.000
1728625445.249,-43.457,-35.156,-33.691,2.930,0.000
1728625445.253,-44.922,-40.527,-39.551,-45.410,0.000
1728625445.257,-22.461,-37.598,-41.504,-57.617,0.000
1728625445.261,-36.621,-31.250,-40.527,-47.852,0.000
1728625445.265,-45.410,-26.367,-36.133,-16.602,0.000
1728625445.269,-27.832,-30.273,-42.480,-1.465,0.000
1728625445.273,-31.738,-36.621,-54.688,-47.363,0.000
1728625445.277,-14.160,-32.715,-44.434,-80.566,0.000
1728625445.281,-24.902,-41.992,-30.762,-70.801,0.000
1728625445.284,-39.551,-45.898,-15.625,-22.461,0.000
1728625445.288,-24.902,-42.969,-14.648,3.418,0.000
1728625445.292,-27.832,-46.387,-30.273,-43.945,0.000
1728625445.296,-12.207,-48.828,-29.785,-51.758,0.000
1728625445.300,-8.301,-49.316,-34.668,-31.250,0.000
1728625445.304,-33.691,-48.340,-38.574,-12.695,0.000
1728625445.308,-30.273,-50.781,-32.715,18.066,0.000
1728625445.312,-32.715,-45.410,-36.133,-13.184,0.000
1728625445.316,-21.484,-36.133,-36.133,-51.270,0.000
1728625445.320,-10.742,-36.621,-32.227,-48.828,0.000
1728625445.323,-31.250,-37.109,-36.621,-19.043,0.000
1728625445.327,-26.855,-47.852,-36.621,17.578,0.000
1728625445.331,-25.391,-51.758,-39.062,-7.324,0.000
1728625445.335,-11.719,-42.480,-38.086,-36.133,0.000
1728625445.339,-7.812,-44.434,-31.738,-35.645,0.000
1728625445.343,-34.180,-49.316,-34.180,-12.207,0.000
1728625445.347,-31.738,-38.574,-26.855,32.227,0.000
1728625445.351,-28.809,-40.039,-31.738,2.441,0.000
1728625445.355,-20.508,-48.828,-40.527,-49.805,0.000
1728625445.359,-12.207,-41.992,-35.156,-44.434,0.000
1728625445.363,-40.527,-45.410,-38.086,-29.297,0.000
1728625445.366,-34.180,-51.758,-41.992,-5.371,0.000
1728625445.370,-25.879,-46.387,-46.875,-10.742,0.000
1728625445.374,-22.461,-41.992,-58.105,-54.199,0.000
1728625445.378,-11.230,-40.527,-53.223,-63.477,0.000
1728625445.382,-39.062,-45.898,-46.387,-43.457,0.000
1728625445.386,-35.156,-45.898,-46.387,5.371,0.000
1728625445.390,-22.461,-37.109,-49.316,15.137,0.000
1728625445.394,-25.879,-42.480,-51.758,-48.340,0.000
1728625445.398,-7.324,-43.457,-42.480,-66.406,0.000
1728625445.402,-20.508,-46.875,-40.039,-33.691,0.000
1728625445.405,-36.133,-40.039,-31.250,6.348,0.000
1728625445.409,-24.414,-24.902,-28.320,7.812,0.000
1728625445.413,-23.926,-35.645,-44.434,-36.621,0.000
1728625445.417,-15.625,-41.992,-48.340,-52.246,0.000
1728625445.421,-23.438,-43.457,-42.969,-38.574,0.000
1728625445.425,-32.227,-40.527,-39.062,-1.953,0.000
1728625445.429,-35.645,-47.363,-37.109,4.883,0.000
1728625445.433,-27.344,-54.688,-37.109,-30.762,0.000
1728625445.437,-3.906,-38.574,-31.250,-46.875,0.000
1728625445.441,-20.996,-28.320,-30.273,-47.363,0.000
1728625445.445,-23.926,-37.598,-36.621,-8.301,0.000
1728625445.448,-12.207,-37.598,-30.762,23.926,0.000
1728625445.452,-29.297,-36.133,-30.762,-23.438,0.000
1728625445.456,-20.996,-42.969,-34.668,-47.363,0.000
1728625445.460,-34.180,-50.781,-38.086,-35.156,0.000
1728625445.464,-50.293,-50.293,-34.180,2.441,0.000
1728625445.468,-43.945,-40.527,-23.438,28.809,0.000
1728625445.472,-49.805,-41.016,-29.785,-28.320,0.000
1728625445.476,-30.762,-50.293,-38.574,-62.988,0.000
1728625445.480,-26.367,-57.617,-40.527,-54.199,0.000
1728625445.484,-37.598,-47.852,-35.645,-21.973,0.000
1728625445.488,-38.574,-44.922,-32.227,8.301,0.000
1728625445.491,-39.062,-59.570,-40.527,-33.203,0.000
1728625445.495,-27.344,-46.387,-39.062,-69.824,0.000
1728625445.499,-31.250,-27.832,-41.992,-57.617,0.000
1728625445.503,-38.086,-39.551,-51.758,-32.227,0.000
1728625445.507,-30.273,-47.363,-46.387,-0.977,0.000
1728625445.511,-38.574,-44.922,-44.434,-22.461,0.000
1728625445.515,-30.273,-42.969,-43.945,-62.012,0.000
1728625445.519,-17.090,-44.922,-41.504,-58.105,0.000
1728625445.523,-40.527,-39.551,-41.992,-14.648,0.000
1728625445.527,-41.992,-36.133,-37.598,23.438,0.000
1728625445.531,-41.992,-29.785,-41.992,-17.090,0.000
1728625445.534,-38.574,-32.227,-49.316,-64.941,0.000
1728625445.538,-31.738,-44.434,-53.223,-55.664,0.000
1728625445.542,-41.504,-37.598,-42.480,-26.855,0.000
1728625445.546,-28.320,-31.738,-34.668,11.230,0.000
1728625445.550,-19.531,-30.273,-49.316,-14.648,0.000
1728625445.554,-6.348,-38.574,-53.223,-60.547,0.000
1728625445.558,-6.836,-38.574,-49.316,-64.453,0.000
1728625445.562,-52.734,-33.691,-48.828,-39.062,0.000
1728625445.566,-42.480,-33.691,-43.945,6.348,0.000
1728625445.570,-36.621,-41.992,-53.223,-11.230,0.000
1728625445.573,-45.898,-49.805,-54.199,-48.828,0.000
1728625445.577,-18.555,-33.691,-44.922,-42.969,0.000
1728625445.581,-31.738,-35.645,-47.363,-32.715,0.000
1728625445.585,-38.574,-43.457,-45.898,-9.766,0.000
1728625445.589,-21.484,-34.668,-40.039,-11.719,0.000
1728625445.593,-24.902,-38.574,-34.668,-38.574,0.000
1728625445.597,-17.578,-39.551,-36.621,-49.805,0.000
1728625445.601,-38.086,-32.227,-39.062,-47.852,0.000
1728625445.605,-44.922,-38.086,-36.621,-7.812,0.000
1728625445.609,-35.156,-40.527,-42.969,3.418,0.000
1728625445.613,-30.273,-34.668,-46.875,-42.969,0.000
1728625445.616,-12.695,-39.062,-46.387,-59.570,0.000
1728625445.620,-38.086,-45.898,-44.922,-39.551,0.000
1728625445.624,-46.875,-38.086,-38.574,-7.812,0.000
1728625445.628,-25.391,-38.574,-37.109,2.930,0.000
1728625445.632,-21.973,-31.250,-39.551,-44.434,0.000
1728625445.636,-4.395,-27.344,-31.250,-57.617,0.000
1728625445.640,-23.926,-42.480,-26.855,-38.086,0.000
1728625445.644,-47.852,-43.945,-29.297,-12.207,0.000
1728625445.648,0.000,-37.109,-30.762,0.977,0.000
1728625445.652,0.000,-35.645,-31.250,-42.480,0.000
1728625445.655,0.000,-29.785,-28.809,-52.734,0.000
1728625445.659,0.000,-21.484,-28.320,-32.715,0.000
1728625445.663,0.000,-24.414,-34.180,-8.789,0.000
1728625445.667,0.000,-33.203,-40.039,6.348,0.000
1728625445.671,0.000,-43.945,-49.805,-33.203,0.000
1728625445.675,0.000,-49.805,-52.246,-59.082,0.000
1728625445.679,0.000,-45.898,-50.293,-60.059,0.000
1728625445.683,0.000,-41.504,-46.875,-28.809,0.000
1728625445.687,0.000,-34.180,-40.039,13.672,0.000
1728625445.691,0.000,-33.203,-41.504,-32.715,0.000
1728625445.694,-30.273,-30.762,-36.133,-66.895,0.000
1728625445.698,-19.531,-29.297,-38.574,-55.664,0.000
1728625445.702,-34.180,-42.480,-41.992,-24.902,0.000
1728625445.706,-33.691,-41.016,-40.039,7.324,0.000
1728625445.710,-57.617,-38.574,-54.688,-41.992,0.000
1728625445.714,-50.781,-44.922,-56.641,-85.449,0.000
1728625445.718,-29.785,-38.086,-52.246,-58.594,0.000
1728625445.722,-45.410,-20.996,-47.363,-22.461,0.000
1728625445.726,-33.203,-19.531,-42.480,8.301,0.000
1728625445.730,-29.785,-31.738,-48.828,-6.348,0.000
1728625445.734,-31.738,-47.363,-41.504,-35.645,0.000
1728625445.737,-16.602,-42.480,-40.527,-41.504,0.000
1728625445.741,-41.992,-36.133,-48.340,-20.020,0.000
1728625445.745,-29.297,-41.504,-45.410,20.020,0.000
1728625445.749,-19.043,-34.668,-46.387,1.953,0.000
1728625445.753,-14.648,-30.273,-47.363,-39.551,0.000
1728625445.757,0.977,-29.785,-43.457,-53.711,0.000
1728625445.761,-20.020,-42.969,-44.922,-43.945,0.000
1728625445.765,-12.695,-38.574,-39.551,2.441,0.000
1728625445.769,-14.160,-23.926,-38.574,9.277,0.000
1728625445.773,-9.766,-31.250,-42.480,-32.715,0.000
1728625445.776,12.207,-33.691,-36.133,-44.434,0.000
1728625445.780,-11.230,-34.668,-41.016,-41.992,0.000
1728625445.784,-24.414,-31.738,-44.434,-12.695,0.000
1728625445.788,-30.762,-36.133,-40.039,4.395,0.000
1728625445.792,-32.227,-50.781,-47.852,-30.762,0.000
1728625445.796,-13.672,-48.340,-41.504,-39.062,0.000
1728625445.800,-28.809,-33.203,-32.227,-17.090,0.000
1728625445.804,-23.438,-27.344,-28.809,19.531,0.000
1728625445.808,-19.043,-39.062,-36.133,21.484,0.000
1728625445.812,-30.273,-44.922,-44.922,-28.809,0.000
1728625445.816,-18.066,-36.621,-43.457,-50.293,0.000
1728625445.819,-35.156,-44.434,-45.410,-45.898,0.000
1728625445.823,-37.598,-45.898,-40.039,4.883,0.000
1728625445.827,-16.113,-31.738,-33.203,21.973,0.000
1728625445.831,-18.555,-31.250,-36.621,-35.645,0.000
1728625445.835,0.000,-43.945,-38.574,-55.664,0.000
1728625445.839,0.000,-47.363,-39.551,-43.457,0.000
1728625445.843,0.000,-34.668,-37.109,-16.113,0.000
1728625445.847,0.000,-26.855,-31.250,12.695,0.000
1728625445.851,0.000,-34.180,-36.621,-23.438,0.000
1728625445.855,0.000,-40.039,-47.852,-55.664,0.000
1728625445.859,0.000,-38.086,-45.410,-38.574,0.000
1728625445.862,0.000,-31.250,-33.691,1.953,0.000
1728625445.866,0.000,-32.227,-37.109,25.391,0.000
1728625445.870,0.000,-41.504,-51.758,-25.879,0.000
1728625445.874,0.000,-38.086,-47.363,-62.012,0.000
1728625445.878,0.000,-29.297,-39.551,-47.363,0.000
1728625445.882,-50.293,-25.879,-33.203,-18.066,0.000
1728625445.886,-39.062,-25.879,-33.203,20.508,0.000
1728625445.890,-34.180,-28.809,-43.945,-14.648,0.000
1728625445.894,-20.508,-40.527,-43.457,-67.383,0.000
1728625445.898,-4.883,-45.898,-46.387,-73.730,0.000
1728625445.902,-45.898,-41.016,-47.852,-44.434,0.000
1728625445.905,-35.645,-28.809,-39.551,9.766,0.000
1728625445.909,-29.297,-26.367,-34.668,-2.441,0.000
1728625445.913,-36.621,-37.598,-38.086,-47.363,0.000
1728625445.917,-20.508,-37.598,-39.551,-61.035,0.000
1728625445.921,-31.250,-30.273,-38.086,-43.457,0.000
1728625445.925,-37.109,-32.227,-33.691,-0.977,0.000
1728625445.929,-44.434,-44.434,-40.527,-17.090,0.000
1728625445.933,-37.109,-46.875,-48.340,-62.012,0.000
1728625445.937,-11.230,-39.062,-42.969,-47.852,0.000
1728625445.941,-26.367,-43.457,-41.504,-23.926,0.000
1728625445.945,-38.086,-36.133,-37.109,-2.441,0.000
1728625445.948,-34.180,-26.855,-34.668,-15.137,0.000
1728625445.952,-32.715,-44.434,-41.992,-59.570,0.000
1728625445.956,-17.090,-48.828,-43.457,-74.707,0.000
1728625445.960,-33.203,-39.062,-41.992,-60.059,0.000
1728625445.964,-40.039,-38.574,-33.691,-10.742,0.000
1728625445.968,-31.250,-43.457,-28.320,5.859,0.000
1728625445.972,-18.555,-41.504,-32.227,-35.645,0.000
1728625445.976,12.207,-29.785,-32.715,-43.945,0.000
1728625445.980,-4.883,-26.367,-32.715,-32.227,0.000
1728625445.984,-33.203,-37.109,-33.203,-1.465,0.000
1728625445.987,-45.410,-40.039,-37.109,8.789,0.000
1728625445.991,-46.875,-37.598,-42.969,-39.062,0.000
1728625445.995,-29.785,-43.945,-41.504,-43.457,0.000
1728625445.999,-53.223,-43.945,-41.016,-32.715,0.000
1728625446.003,-49.805,-33.691,-40.039,-5.859,0.000
1728625446.007,-26.367,-30.762,-38.574,18.555,0.000
1728625446.011,-28.809,-37.598,-40.039,-33.691,0.000
1728625446.015,-13.184,-43.457,-46.875,-77.637,0.000
1728625446.019,-25.391,-48.828,-47.852,-63.965,0.000
1728625446.023,-47.363,-41.992,-43.457,-26.367,0.000
1728625446.027,-39.062,-37.598,-41.504,-5.371,0.000
1728625446.030,-45.410,-42.969,-47.852,-44.434,0.000
1728625446.034,-24.902,-40.527,-44.434,-68.848,0.000
1728625446.038,-20.020,-42.969,-41.504,-67.871,0.000
1728625446.042,-39.551,-47.852,-41.992,-37.109,0.000
1728625446.046,-23.926,-47.363,-36.133,-0.488,0.000
1728625446.050,-41.016,-50.781,-41.992,-35.156,0.000
1728625446.054,-38.574,-45.898,-42.480,-78.613,0.000
1728625446.058,-28.809,-41.016,-40.527,-56.152,0.000
1728625446.062,-30.273,-35.156,-36.621,-2.930,0.000
1728625446.066,-27.832,-32.227,-34.180,17.090,0.000
1728625446.069,-57.129,-37.109,-43.457,-32.227,0.000
1728625446.073,-37.598,-44.434,-43.945,-71.289,0.000
1728625446.077,-26.367,-46.875,-37.598,-60.547,0.000
1728625446.081,-57.617,-46.875,-38.086,-34.180,0.000
1728625446.085,-47.363,-50.293,-35.156,5.371,0.000
1728625446.089,-40.527,-47.852,-39.062,-20.508,0.000
1728625446.093,-24.902,-42.969,-43.457,-61.523,0.000
1728625446.097,-20.020,-41.504,-41.504,-52.246,0.000
1728625446.101,-44.434,-41.504,-42.969,-29.785,0.000
1728625446.105,-21.973,-43.457,-41.016,7.812,0.000
1728625446.108,-28.320,-44.434,-40.527,3.906,0.000
1728625446.112,-23.438,-34.668,-42.480,-39.062,0.000
1728625446.116,-6.836,-36.621,-47.852,-51.758,0.000
1728625446.120,-38.574,-44.922,-47.852,-38.086,0.000
1728625446.124,-38.574,-38.086,-44.434,-3.418,0.000
1728625446.128,-33.203,-39.551,-47.852,-10.742,0.000
1728625446.132,-31.738,-45.898,-54.688,-61.035,0.000
1728625446.136,-10.254,-52.246,-50.781,-60.547,0.000
1728625446.140,-33.691,-46.875,-44.922,-36.133,0.000
1728625446.144,-41.992,-33.203,-34.668,-0.977,0.000
1728625446.147,-29.297,-33.691,-32.227,6.348,0.000
1728625446.151,-26.855,-39.551,-39.551,-33.691,0.000
1728625446.155,-12.207,-37.109,-41.504,-48.828,0.000
1728625446.159,-45.410,-37.598,-40.039,-47.363,0.000
1728625446.163,-48.828,-46.387,-40.039,-19.043,0.000
1728625446.167,-32.227,-50.293,-42.969,-9.766,0.000
1728625446.171,-31.738,-45.410,-45.898,-52.246,0.000
1728625446.175,-10.742,-33.691,-41.016,-60.059,0.000
1728625446.179,-21.484,-33.203,-39.551,-38.086,0.000
1728625446.183,-24.414,-35.645,-36.621,-3.906,0.000
1728625446.187,-31.738,-42.480,-37.109,-0.488,0.000
1728625446.191,-35.645,-47.363,-41.016,-40.527,0.000
1728625446.194,1.465,-44.922,-36.133,-52.734,0.000
1728625446.198,-13.184,-47.852,-34.668,-40.039,0.000
1728625446.202,-41.016,-32.227,-32.715,-2.441,0.000
1728625446.206,-30.762,-20.996,-29.785,18.066,0.000
1728625446.210,-25.391,-29.297,-33.203,-27.344,0.000
1728625446.214,-9.766,-37.109,-34.668,-45.898,0.000
1728625446.218,-15.625,-42.969,-31.738,-29.297,0.000
1728625446.222,-32.227,-39.062,-32.227,-3.418,0.000
1728625446.226,-10.742,-36.133,-34.180,14.648,0.000
1728625446.230,-21.484,-41.504,-40.039,-27.344,0.000
1728625446.234,-19.531,-37.598,-38.574,-67.383,0.000
1728625446.237,-16.113,-34.668,-29.297,-67.383,0.000
1728625446.241,-43.945,-39.551,-32.227,-18.555,0.000
1728625446.245,-41.992,-37.109,-36.621,23.438,0.000
1728625446.249,-48.340,-33.691,-41.016,-22.461,0.000
1728625446.253,-29.785,-39.062,-41.016,-62.500,0.000
1728625446.257,-21.973,-42.969,-41.016,-67.383,0.000
1728625446.261,-45.410,-42.969,-44.434,-48.340,0.000
1728625446.265,-36.133,-31.250,-39.062,-1.953,0.000
1728625446.269,-35.645,-23.926,-40.527,-12.207,0.000
1728625446.273,-15.137,-31.250,-48.340,-48.828,0.000
1728625446.277,-15.137,-39.551,-47.852,-45.898,0.000
1728625446.280,-55.176,-42.969,-43.945,-32.227,0.000
1728625446.284,-37.598,-41.992,-39.062,2.930,0.000
1728625446.288,-33.203,-48.828,-44.434,-10.742,0.000
1728625446.292,-34.180,-43.457,-46.387,-65.430,0.000
1728625446.296,-13.672,-38.574,-35.156,-57.129,0.000
1728625446.300,-26.367,-45.410,-42.480,-30.273,0.000
1728625446.304,-35.645,-45.898,-48.340,2.930,0.000
1728625446.308,-45.410,-34.668,-41.992,-8.301,0.000
1728625446.312,-31.738,-40.039,-44.434,-49.805,0.000
1728625446.316,-12.695,-46.875,-43.457,-48.828,0.000
1728625446.319,-38.574,-49.316,-41.504,-31.250,0.000
1728625446.323,-37.109,-45.410,-38.574,1.953,0.000
1728625446.327,-29.297,-38.086,-41.992,-7.812,0.000
1728625446.331,-21.484,-41.016,-48.340,-48.828,0.000
1728625446.335,-16.602,-45.410,-42.480,-54.688,0.000
1728625446.339,-40.527,-36.621,-37.109,-42.480,0.000
1728625446.343,-31.738,-35.645,-37.598,-0.488,0.000
1728625446.347,-21.973,-35.156,-44.922,15.137,0.000
1728625446.351,-41.016,-33.691,-57.129,-43.457,0.000
1728625446.355,-21.973,-41.504,-53.223,-68.848,0.000
1728625446.359,-21.973,-49.316,-42.480,-49.805,0.000
1728625446.362,-31.738,-46.875,-38.574,-15.137,0.000
1728625446.366,-32.715,-40.039,-41.504,-9.766,0.000
1728625446.370,-44.434,-41.504,-51.270,-50.781,0.000
1728625446.374,-27.832,-44.922,-54.199,-64.453,0.000
1728625446.378,-47.363,-55.176,-51.270,-53.223,0.000
1728625446.382,-48.340,-44.434,-42.480,-12.207,0.000
1728625446.386,-32.715,-30.762,-40.039,-1.953,0.000
1728625446.390,-31.250,-34.668,-41.992,-42.969,0.000
1728625446.394,-0.977,-26.855,-32.715,-52.734,0.000
1728625446.398,0.000,-33.203,0.000,-56.152,0.000
1728625446.401,0.000,-40.039,0.000,-25.391,0.000
1728625446.405,0.000,-28.809,0.000,17.090,0.000
1728625446.409,0.000,-28.809,0.000,-21.973,0.000
1728625446.413,0.000,-27.832,0.000,-56.641,0.000
1728625446.417,0.000,-29.297,0.000,-41.504,0.000
1728625446.421,0.000,-41.016,0.000,-3.906,0.000
1728625446.425,0.000,-35.156,0.000,22.949,0.000
1728625446.429,0.000,-30.762,0.000,-20.020,0.000
1728625446.433,0.000,-40.039,0.000,-54.199,0.000
1728625446.437,0.000,-35.156,0.000,-46.387,0.000
1728625446.441,0.000,-30.762,0.000,-25.879,0.000
1728625446.444,-31.738,-35.156,-39.062,10.254,0.000
1728625446.448,-39.062,-39.551,-40.039,-20.020,0.000
1728625446.452,-36.133,-41.992,-50.781,-64.453,0.000
1728625446.456,-19.531,-34.180,-51.758,-67.383,0.000
1728625446.460,-40.527,-28.809,-44.434,-36.621,0.000
1728625446.464,-41.992,-41.992,-39.551,12.207,0.000
1728625446.468,-28.809,-44.434,-37.109,5.859,0.000
1728625446.472,-22.461,-33.203,-39.062,-49.316,0.000
1728625446.476,-18.555,-31.738,-46.875,-60.059,0.000
1728625446.480,-40.527,-33.203,-48.340,-25.391,0.000
1728625446.483,-22.949,-34.180,-40.039,10.254,0.000
1728625446.487,-11.719,-38.574,-37.109,-9.277,0.000
1728625446.491,-20.020,-38.086,-41.992,-59.082,0.000
1728625446.495,-16.113,-41.504,-41.016,-59.082,0.000
1728625446.499,-44.922,-49.805,-43.457,-39.551,0.000
1728625446.503,-33.691,-45.410,-37.598,-2.441,0.000
1728625446.507,-16.113,-34.180,-36.621,-3.906,0.000
1728625446.511,-8.301,-33.691,-49.316,-48.340,0.000
1728625446.515,3.906,-41.992,-55.176,-63.965,0.000
1728625446.519,-15.137,-40.527,-49.316,-52.246,0.000
1728625446.523,-19.531,-40.039,-36.133,-0.977,0.000
1728625446.526,-28.809,-36.621,-33.691,9.766,0.000
1728625446.530,-45.898,-34.668,-44.434,-42.969,0.000
1728625446.534,-33.691,-37.598,-41.016,-54.688,0.000
1728625446.538,-46.875,-45.410,-40.527,-36.621,0.000
1728625446.542,-42.480,-46.387,-40.039,0.977,0.000
1728625446.546,-26.855,-34.668,-31.738,11.230,0.000
1728625446.550,-30.273,-37.109,-35.645,-27.832,0.000
1728625446.554,-19.043,-43.457,-46.875,-45.898,0.000
1728625446.558,-37.598,-41.992,-46.387,-42.480,0.000
1728625446.562,-42.480,-34.668,-37.598,-9.277,0.000
1728625446.566,-25.879,-38.086,-32.715,6.836,0.000
1728625446.569,-36.621,-46.875,-43.457,-40.527,0.000
1728625446.573,-29.785,-43.945,-47.363,-65.430,0.000
1728625446.577,-32.227,-34.180,-38.574,-56.641,0.000
1728625446.581,-44.922,-31.250,-33.691,-20.508,0.000
1728625446.585,-29.297,-34.180,-36.621,8.789,0.000
1728625446.589,-31.250,-29.297,-45.410,-35.645,0.000
1728625446.593,-20.996,-27.832,-47.852,-73.242,0.000
1728625446.597,-40.527,-43.945,-47.852,-64.453,0.000
1728625446.601,-53.711,-43.457,-43.457,-23.438,0.000
1728625446.605,-31.738,-31.738,-38.574,13.672,0.000
1728625446.609,-33.691,-34.668,-41.992,-20.996,0.000
1728625446.613,-20.020,-35.156,-39.551,-45.898,0.000
1728625446.616,-26.855,-40.527,-42.480,-40.039,0.000
1728625446.620,-43.945,-34.180,-40.039,-21.973,0.000
1728625446.624,-27.344,-19.043,-29.297,-0.488,0.000
1728625446.628,-26.367,-27.832,-40.527,-26.855,0.000
1728625446.632,-11.230,-28.320,-44.922,-52.246,0.000
1728625446.636,-14.160,-35.645,-41.504,-55.664,0.000
1728625446.640,-38.574,-38.086,-41.504,-36.621,0.000
1728625446.644,-32.227,-33.691,-39.551,-0.488,0.000
1728625446.648,-33.691,-37.598,-42.969,-23.438,0.000
1728625446.652,-31.738,-37.109,-37.109,-54.199,0.000
1728625446.655,-21.484,-36.621,-31.738,-45.898,0.000
1728625446.659,-35.156,-32.715,-29.785,-20.508,0.000
1728625446.663,-29.785,-32.227,-29.297,22.461,0.000
1728625446.667,-27.832,-26.855,-37.109,0.977,0.000
1728625446.671,-15.625,-30.273,-42.480,-52.246,0.000
1728625446.675,-12.695,-38.574,-48.828,-55.176,0.000
1728625446.679,-38.574,-40.039,-53.223,-28.809,0.000
1728625446.683,-29.785,-26.367,-43.945,5.859,0.000
1728625446.687,-35.645,-22.461,-38.574,-8.789,0.000
1728625446.691,-33.691,-41.992,-51.758,-47.852,0.000
1728625446.695,-17.090,-46.875,-55.664,-60.547,0.000
1728625446.698,-43.457,-40.527,-52.734,-48.828,0.000
1728625446.702,-56.641,-34.668,-45.898,-19.043,0.000
1728625446.706,-44.434,-50.781,-48.828,-23.926,0.000
1728625446.710,-38.574,-56.641,-54.199,-63.477,0.000
1728625446.714,-28.809,-39.551,-43.457,-72.754,0.000
1728625446.718,-38.086,-35.645,-34.668,-52.734,0.000
1728625446.722,-45.898,-37.109,-30.273,-8.789,0.000
1728625446.726,-43.945,-46.875,-27.832,-8.301,0.000
1728625446.730,-47.363,-45.410,-34.668,-59.570,0.000
1728625446.734,-25.391,-42.969,-38.086,-60.547,0.000
1728625446.738,-34.668,-37.598,-40.039,-45.410,0.000
1728625446.741,-47.363,-35.156,-36.621,-20.020,0.000
1728625446.745,-34.668,-39.551,-32.715,0.000,0.000
1728625446.749,-26.855,-25.879,-35.645,-39.062,0.000
1728625446.753,-19.531,-28.809,-36.621,-55.664,0.000
1728625446.757,-45.410,-45.898,-39.551,-46.875,0.000
1728625446.761,-55.176,-40.039,-32.715,-16.113,0.000
1728625446.765,-25.879,-30.273,-30.273,6.348,0.000
1728625446.769,-34.668,-35.156,-39.062,-42.480,0.000
1728625446.773,-23.438,-43.457,-36.621,-66.406,0.000
1728625446.777,-23.438,-52.246,-32.715,-48.828,0.000
1728625446.780,-60.059,-53.223,-32.715,-16.113,0.000
1728625446.784,-42.480,-38.086,-29.297,2.441,0.000
1728625446.788,-37.109,-38.574,-35.645,-35.645,0.000
1728625446.792,-29.297,-39.062,-40.527,-59.082,0.000
1728625446.796,-29.297,-41.504,-44.922,-50.293,0.000
1728625446.800,-41.504,-40.527,-45.898,-27.344,0.000
1728625446.804,-32.715,-30.762,-35.156,-5.371,0.000
1728625446.808,-33.691,-33.203,-37.598,-32.227,0.000
1728625446.812,-12.207,-29.297,-41.016,-53.223,0.000
1728625446.816,-4.395,-21.973,-38.086,-47.852,0.000
1728625446.819,-50.781,-26.367,-36.133,-24.902,0.000
1728625446.823,-46.387,-30.273,-33.691,19.043,0.000
1728625446.827,-37.109,-39.062,-41.992,-19.043,0.000
1728625446.831,-29.297,-37.598,-46.387,-62.500,0.000
1728625446.835,-21.484,-34.668,-41.504,-55.664,0.000
1728625446.839,-44.434,-41.504,-38.574,-30.273,0.000
1728625446.843,-25.391,-38.574,-41.016,2.930,0.000
1728625446.847,-29.785,-35.645,-39.062,-15.625,0.000
1728625446.851,-23.438,-36.621,-38.086,-54.688,0.000
1728625446.855,-12.695,-34.668,-44.434,-57.617,0.000
1728625446.859,-41.504,-29.785,-48.828,-36.133,0.000
1728625446.862,-32.715,-27.832,-43.457,10.742,0.000
1728625446.866,-28.809,-37.109,-45.410,-0.977,0.000
1728625446.870,-24.902,-37.109,-45.410,-44.434,0.000
1728625446.874,-3.418,-34.180,-39.551,-56.152,0.000
1728625446.878,-25.879,-32.227,-42.969,-50.781,0.000
1728625446.882,-43.945,-24.902,-36.621,-4.883,0.000
1728625446.886,-33.691,-32.715,-35.156,3.418,0.000
1728625446.890,-24.414,-41.992,-47.363,-46.387,0.000
1728625446.894,-10.254,-36.133,-48.828,-64.941,0.000
1728625446.897,-22.949,-38.086,-40.527,-36.621,0.000
1728625446.901,-20.020,-37.109,-29.785,14.648,0.000
1728625446.905,-16.602,-36.621,-31.738,4.883,0.000
1728625446.909,-32.715,-37.109,-39.551,-58.594,0.000
1728625446.913,-20.020,-38.086,-43.457,-66.406,0.000
1728625446.917,-22.949,-44.434,-45.410,-48.828,0.000
1728625446.921,-36.621,-39.551,-43.457,-3.418,0.000
1728625446.925,-39.062,-32.227,-43.945,7.812,0.000
1728625446.929,-29.297,-31.738,-44.434,-48.340,0.000
1728625446.933,-16.113,-31.250,-40.039,-49.316,0.000
1728625446.937,-41.504,-39.551,-38.086,-36.133,0.000
1728625446.941,-39.551,-39.551,-33.691,-14.648,0.000
1728625446.944,-11.230,-29.785,-34.180,11.230,0.000
1728625446.948,-20.996,-37.598,-45.410,-28.809,0.000
1728625446.952,-16.602,-37.109,-52.246,-56.641,0.000
1728625446.956,-23.926,-39.062,-47.363,-44.434,0.000
1728625446.960,0.000,-41.504,-39.062,-5.859,0.000
1728625446.964,0.000,-36.621,-30.273,12.207,0.000
1728625446.968,0.000,-33.203,-27.832,-16.602,0.000
1728625446.972,0.000,-26.367,-26.855,-41.016,0.000
1728625446.976,0.000,-32.715,-28.809,-32.715,0.000
1728625446.980,0.000,-36.621,-31.250,7.812,0.000
1728625446.984,0.000,-29.297,-26.367,23.926,0.000
1728625446.987,0.000,-30.273,-27.832,-19.531,0.000
1728625446.991,0.000,-41.992,-37.109,-47.852,0.000
1728625446.995,0.000,-40.527,-40.039,-39.551,0.000
1728625446.999,0.000,-27.344,-39.551,-27.344,0.000
1728625447.003,0.000,-25.391,-35.645,8.789,0.000
1728625447.007,-25.391,-25.879,-39.062,-1.953,0.000
1728625447.011,-11.719,-22.949,-43.457,-50.293,0.000
1728625447.015,-12.207,-28.320,-41.016,-58.105,0.000
1728625447.019,-35.645,-35.645,-37.598,-19.043,0.000
1728625447.023,-22.461,-34.180,-31.738,20.508,0.000
1728625447.027,-31.250,-38.086,-31.738,-6.836,0.000
1728625447.030,-40.527,-38.086,-35.156,-51.758,0.000
1728625447.034,-36.133,-39.551,-42.969,-66.406,0.000
1728625447.038,-52.734,-46.875,-46.875,-42.969,0.000
1728625447.042,-40.527,-33.691,-41.016,1.953,0.000
1728625447.046,-29.785,-27.832,-41.992,-6.836,0.000
1728625447.050,-16.113,-43.945,-49.316,-40.039,0.000
1728625447.054,-15.137,-54.199,-50.293,-62.012,0.000
1728625447.058,-54.688,-48.340,-42.480,-49.805,0.000
1728625447.062,-48.340,-37.598,-36.621,-4.883,0.000
1728625447.066,-39.551,-37.109,-39.551,-17.090,0.000
1728625447.070,-26.855,-39.062,-41.992,-51.270,0.000
1728625447.073,-2.441,-32.227,-34.668,-42.480,0.000
1728625447.077,-30.273,-27.832,-37.598,-26.367,0.000
1728625447.081,-22.461,-36.621,-43.457,12.695,0.000
1728625447.085,-20.508,-45.410,-39.551,16.602,0.000
1728625447.089,-38.574,-43.457,-39.551,-53.223,0.000
1728625447.093,-10.742,-41.504,-38.574,-71.289,0.000
1728625447.097,-26.367,-41.992,-37.109,-37.109,0.000
1728625447.101,-40.039,-35.156,-32.227,10.742,0.000
1728625447.105,-16.113,-25.391,-32.227,10.254,0.000
1728625447.109,-15.625,-25.391,-40.527,-28.809,0.000
1728625447.112,-0.488,-29.785,-43.457,-30.762,0.000
1728625447.116,-16.113,-36.621,-47.363,-27.344,0.000
1728625447.120,-33.203,-37.109,-42.480,-2.930,0.000
1728625447.124,-19.043,-37.109,-41.992,7.324,0.000
1728625447.128,-11.719,-44.922,-46.875,-30.273,0.000
1728625447.132,-14.648,-32.715,-34.180,-57.129,0.000
1728625447.136,-45.898,-30.273,-32.715,-58.594,0.000
1728625447.140,-54.199,-37.598,-33.203,-18.555,0.000
1728625447.144,-40.527,-36.133,-26.855,0.000,0.000
1728625447.148,0.000,-46.387,-37.598,-42.969,0.000
1728625447.151,0.000,-53.711,-47.363,-70.801,0.000
1728625447.155,0.000,-55.176,-51.758,-67.871,0.000
1728625447.159,0.000,-47.852,-48.340,-26.367,0.000
1728625447.163,0.000,-46.875,-43.945,9.277,0.000
1728625447.167,0.000,-52.246,-53.223,-31.250,0.000
1728625447.171,0.000,-49.805,-59.570,-60.547,0.000
1728625447.175,0.000,-49.805,-56.641,-51.270,0.000
1728625447.179,0.000,-39.062,-49.805,-32.227,0.000
1728625447.183,0.000,-34.668,-47.852,0.977,0.000
1728625447.187,0.000,-44.434,-49.805,-20.020,0.000
1728625447.191,0.000,-36.133,-47.852,-63.965,0.000
1728625447.194,-10.742,-32.715,-49.316,-71.289,0.000
1728625447.198,-26.367,-37.598,-48.828,-36.133,0.000
1728625447.202,-18.555,-35.645,-47.852,9.277,0.000
1728625447.206,-25.879,-44.434,-55.176,-29.297,0.000
1728625447.210,-19.531,-47.363,-57.617,-65.918,0.000
1728625447.214,-7.324,-41.992,-52.246,-46.387,0.000
1728625447.218,-29.785,-50.781,-54.688,-10.254,0.000
1728625447.222,-25.879,-37.598,-46.387,7.812,0.000
1728625447.226,-16.113,-19.043,-36.621,-18.066,0.000
1728625447.230,-19.043,-36.621,-44.922,-55.176,0.000
1728625447.233,-23.926,-41.992,-45.898,-58.105,0.000
1728625447.237,-36.133,-33.203,-43.457,-35.156,0.000
1728625447.241,-26.855,-34.668,-37.598,7.324,0.000
1728625447.245,-36.621,-38.086,-37.598,-10.742,0.000
1728625447.249,-32.715,-41.016,-44.434,-58.105,0.000
1728625447.253,-16.113,-47.852,-45.898,-59.570,0.000
1728625447.257,-50.293,-50.293,-45.410,-45.898,0.000
1728625447.261,-53.711,-54.199,-41.016,1.465,0.000
1728625447.265,-47.363,-64.941,-39.062,-3.418,0.000
1728625447.269,-46.875,-55.664,-42.480,-60.059,0.000
1728625447.272,-27.344,-47.852,-41.992,-54.199,0.000
1728625447.276,-42.969,-52.246,-43.945,-39.062,0.000
1728625447.280,-39.551,-41.992,-34.180,-7.812,0.000
1728625447.284,-21.484,-42.480,-30.273,-4.883,0.000
1728625447.288,0.000,-44.434,-41.016,-43.945,0.000
1728625447.292,0.000,-36.621,-46.875,-56.641,0.000
1728625447.296,0.000,-41.504,-53.223,-58.105,0.000
1728625447.300,0.000,-42.969,-52.246,-23.926,0.000
1728625447.304,0.000,-43.457,-52.246,-14.648,0.000
1728625447.308,0.000,-50.781,-48.828,-60.547,0.000
1728625447.312,0.000,-41.992,-40.527,-66.406,0.000
1728625447.315,0.000,-34.180,-42.969,-43.457,0.000
1728625447.319,0.000,-39.062,-44.434,1.953,0.000
1728625447.323,0.000,-46.387,-43.945,12.695,0.000
1728625447.327,0.000,-43.457,-46.875,-43.457,0.000
1728625447.331,0.000,-34.668,-42.969,-75.684,0.000
1728625447.335,-41.016,-41.504,-41.016,-65.918,0.000
1728625447.339,-39.062,-35.156,-35.645,-22.949,0.000
1728625447.343,-14.648,-18.555,-22.461,7.812,0.000
1728625447.347,-20.996,-23.438,-34.668,-32.227,0.000
1728625447.351,-11.719,-39.062,-43.457,-60.547,0.000
1728625447.355,-25.391,-44.434,-40.039,-55.664,0.000
1728625447.358,-50.781,-36.621,-37.598,-26.855,0.000
1728625447.362,-34.668,-33.203,-30.273,9.766,0.000
1728625447.366,-21.484,-39.062,-34.668,-20.020,0.000
1728625447.370,-6.836,-39.062,-35.645,-47.852,0.000
1728625447.374,-16.113,-31.250,-37.109,-52.734,0.000
1728625447.378,-35.156,-24.902,-33.203,-17.090,0.000
1728625447.382,-22.461,-28.320,-31.738,11.719,0.000
1728625447.386,-42.480,-39.551,-42.969,-38.574,0.000
1728625447.390,-42.480,-41.016,-42.969,-67.871,0.000
1728625447.394,-32.227,-40.527,-39.062,-49.805,0.000
1728625447.398,-49.316,-39.551,-39.062,-22.949,0.000
1728625447.401,-26.855,-27.832,-35.156,7.324,0.000
1728625447.405,-31.738,-32.227,-41.016,-20.996,0.000
1728625447.409,-23.438,-34.668,-51.758,-62.988,0.000
1728625447.413,-4.883,-34.668,-50.781,-54.688,0.000
1728625447.417,-36.133,-38.574,-41.504,-23.926,0.000
1728625447.421,-38.574,-27.832,-37.109,6.348,0.000
1728625447.425,-29.297,-31.250,-41.016,-10.254,0.000
1728625447.429,-18.066,-30.273,-46.387,-53.223,0.000
1728625447.433,-18.066,-28.320,-45.410,-53.223,0.000
1728625447.437,-36.621,-32.227,-34.180,-14.160,0.000
1728625447.441,-21.484,-26.855,-31.250,33.691,0.000
1728625447.444,-26.367,-34.180,-47.363,4.883,0.000
1728625447.448,-39.062,-50.781,-49.316,-51.758,0.000
1728625447.452,-9.277,-49.805,-43.457,-51.270,0.000
1728625447.456,-21.973,-43.457,-47.363,-42.969,0.000
1728625447.460,-29.785,-42.969,-39.551,-0.977,0.000
1728625447.464,-36.133,-36.621,-36.133,2.441,0.000
1728625447.468,-43.945,-33.203,-38.086,-47.363,0.000
1728625447.472,-0.488,-31.738,-33.691,-54.688,0.000
1728625447.476,0.000,-32.715,-34.668,-49.805,0.000
1728625447.480,0.000,-27.832,-33.691,-17.578,0.000
1728625447.484,0.000,-36.621,-37.598,0.977,0.000
1728625447.487,0.000,-46.387,-44.434,-30.762,0.000
1728625447.491,0.000,-34.180,-40.527,-47.852,0.000
1728625447.495,0.000,-34.180,-35.645,-45.898,0.000
1728625447.499,0.000,-33.691,-33.203,-9.277,0.000
1728625447.503,0.000,-26.367,-32.227,21.973,0.000
1728625447.507,0.000,-25.391,-39.062,-11.230,0.000
1728625447.511,0.000,-26.367,-39.062,-41.992,0.000
1728625447.515,0.000,-29.785,-42.969,-34.668,0.000
1728625447.519,0.000,-31.250,-44.434,-2.441,0.000
1728625447.523,-20.020,-34.180,0.000,22.461,0.000
1728625447.526,-23.926,-39.062,0.000,-17.578,0.000
1728625447.530,-15.137,-40.527,0.000,-52.246,0.000
1728625447.534,-21.973,-43.457,0.000,-47.363,0.000
1728625447.538,-45.410,-33.691,0.000,-14.160,0.000
1728625447.542,-22.949,-28.320,0.000,12.695,0.000
1728625447.546,-19.531,-44.434,0.000,-28.809,0.000
1728625447.550,-8.789,-44.922,0.000,-49.805,0.000
1728625447.554,-22.949,-38.086,0.000,-46.387,0.000
1728625447.558,-46.387,-45.410,0.000,-25.879,0.000
1728625447.562,-32.715,-45.898,0.000,5.371,0.000
1728625447.566,-29.297,-42.969,0.000,-21.973,0.000
1728625447.569,-18.066,-33.203,-45.898,-58.105,0.000
1728625447.573,-25.879,-35.156,-41.504,-56.641,0.000
1728625447.577,-52.246,-42.969,-39.062,-28.320,0.000
1728625447.581,-34.668,-37.598,-34.180,6.836,0.000
1728625447.585,-25.391,-36.133,-37.109,-17.090,0.000
1728625447.589,-27.832,-36.621,-44.922,-53.223,0.000
1728625447.593,-22.949,-41.992,-45.898,-53.223,0.000
1728625447.597,-43.945,-37.598,-40.527,-35.645,0.000
1728625447.601,-29.785,-29.785,-30.273,-2.930,0.000
1728625447.605,-22.949,-37.598,-32.227,-19.531,0.000
1728625447.608,-25.879,-35.156,-37.109,-48.828,0.000
1728625447.612,-23.926,-29.785,-36.133,-44.922,0.000
1728625447.616,-46.387,-40.527,-37.109,-38.086,0.000
1728625447.620,-34.180,-40.527,-30.762,3.906,0.000
1728625447.624,-32.715,-37.598,-27.832,-3.906,0.000
1728625447.628,-26.367,-39.551,-39.062,-61.035,0.000
1728625447.632,-10.742,-37.109,-43.457,-60.059,0.000
1728625447.636,-30.273,-41.016,-43.945,-21.484,0.000
1728625447.640,-34.180,-30.762,-38.086,17.578,0.000
1728625447.643,-36.133,-24.414,-38.086,-10.742,0.000
1728625447.647,-31.250,-35.156,-45.410,-55.664,0.000
1728625447.651,-12.695,-37.109,-44.922,-55.176,0.000
1728625447.655,-45.898,-39.062,-43.945,-46.387,0.000
1728625447.659,-43.457,-33.203,-36.133,-4.883,0.000
1728625447.663,-11.719,-30.762,-31.250,7.812,0.000
1728625447.667,-17.090,-41.016,-39.062,-40.527,0.000
1728625447.671,-11.230,-42.480,-39.551,-55.176,0.000
1728625447.675,-31.250,-39.062,-38.574,-39.551,0.000
1728625447.679,-34.180,-35.156,-36.133,2.441,0.000
1728625447.683,-23.438,-30.273,-33.203,14.160,0.000
1728625447.687,-29.785,-39.062,-41.992,-40.039,0.000
1728625447.690,-10.254,-35.645,-41.992,-51.758,0.000
1728625447.694,-21.484,-34.180,-39.062,-28.320,0.000
1728625447.698,-43.457,-40.527,-42.480,-3.418,0.000
1728625447.702,-31.738,-40.039,-43.457,-1.953,0.000
1728625447.706,-27.344,-43.945,-49.316,-45.410,0.000
1728625447.710,0.000,-50.781,-53.711,-63.477,0.000
1728625447.714,0.000,-60.059,-45.898,-53.711,0.000
1728625447.718,0.000,-48.828,-34.668,-15.137,0.000
1728625447.722,0.000,-31.250,-33.691,17.578,0.000
1728625447.726,0.000,-38.086,-44.922,-25.879,0.000
1728625447.730,0.000,-45.898,-48.340,-62.012,0.000
1728625447.733,0.000,-38.574,-40.527,-50.293,0.000
1728625447.737,0.000,-31.250,-33.203,-12.695,0.000
1728625447.741,0.000,-28.809,-32.227,26.855,0.000
1728625447.745,0.000,-36.621,-46.387,-13.184,0.000
1728625447.749,0.000,-38.574,-46.387,-69.824,0.000
1728625447.753,0.000,-32.227,-36.133,-65.918,0.000
1728625447.757,-48.828,-36.621,-37.109,-35.645,0.000
1728625447.761,-37.598,-43.945,-38.086,-8.301,0.000
1728625447.765,-19.531,-47.363,-44.434,-33.691,0.000
1728625447.769,-8.301,-39.551,-42.480,-69.336,0.000
1728625447.773,-18.066,-37.598,-38.086,-63.965,0.000
1728625447.776,-49.805,-44.434,-37.109,-44.922,0.000
1728625447.780,-31.250,-30.273,-29.297,-3.906,0.000
1728625447.784,-20.020,-29.785,-37.598,-15.137,0.000
1728625447.788,-18.066,-41.992,-45.898,-47.852,0.000
1728625447.792,-24.414,-37.109,-46.875,-48.828,0.000
1728625447.796,-46.387,-40.527,-51.270,-38.574,0.000
1728625447.800,-28.320,-35.645,-43.945,-3.906,0.000
1728625447.804,-14.648,-27.344,-39.551,-11.719,0.000
1728625447.808,-20.508,-27.344,-39.551,-52.246,0.000
1728625447.812,-16.602,-24.902,-38.574,-56.641,0.000
1728625447.816,-36.621,-28.320,-35.156,-26.367,0.000
1728625447.819,-33.691,-33.691,-27.832,12.207,0.000
1728625447.823,-21.973,-33.203,-27.832,10.742,0.000
1728625447.827,-32.227,-30.762,-37.109,-43.945,0.000
1728625447.831,-23.438,-40.039,-39.551,-61.035,0.000
1728625447.835,-43.457,-41.016,-32.227,-40.527,0.000
1728625447.839,-43.945,-29.785,-23.926,-6.348,0.000
1728625447.843,-32.227,-35.156,-26.367,-10.254,0.000
1728625447.847,-35.156,-41.992,-34.180,-59.570,0.000
1728625447.851,-12.695,-36.621,-35.645,-63.965,0.000
1728625447.855,-15.137,-28.809,-31.738,-42.480,0.000
1728625447.858,-22.461,-24.414,-29.785,-5.371,0.000
1728625447.862,-32.227,-26.367,-37.109,13.184,0.000
1728625447.866,-36.621,-35.156,-50.293,-37.109,0.000
1728625447.870,-10.742,-39.062,-47.363,-61.035,0.000
1728625447.874,-27.832,-41.992,-46.387,-46.387,0.000
1728625447.878,-35.645,-39.551,-49.316,1.953,0.000
1728625447.882,-16.113,-27.832,-41.504,26.367,0.000
1728625447.886,-18.066,-21.973,-41.504,-26.855,0.000
1728625447.890,-3.906,-25.391,-47.852,-55.664,0.000
1728625447.894,-26.855,-29.785,-50.781,-48.340,0.000
1728625447.897,-32.715,-29.297,-56.152,-10.254,0.000
1728625447.901,-5.859,-28.809,-56.641,20.020,0.000
1728625447.905,-18.066,-31.738,-57.617,-25.879,0.000
1728625447.909,-10.254,-20.996,-59.570,-62.012,0.000
1728625447.913,-16.602,-21.973,-53.223,-55.176,0.000
1728625447.917,-43.457,-31.250,-49.316,-13.184,0.000
1728625447.921,-31.250,-31.738,-44.434,22.949,0.000
1728625447.925,-28.320,-37.109,-43.457,-15.625,0.000
1728625447.929,-21.484,-20.020,-38.574,-53.711,0.000
1728625447.933,-27.344,-31.250,-38.574,-59.570,0.000
1728625447.937,-53.711,-46.387,-38.574,-40.039,0.000
1728625447.940,-44.434,-38.086,-26.855,3.906,0.000
1728625447.944,-46.875,-40.527,-30.273,-32.715,0.000
1728625447.948,-39.062,-43.457,-34.668,-72.266,0.000
1728625447.952,-39.551,-49.805,-32.715,-45.898,0.000
1728625447.956,-51.270,-44.922,-30.762,-13.672,0.000
1728625447.960,-40.527,-33.691,-28.809,2.441,0.000
1728625447.964,-54.199,-42.969,-38.086,-28.320,0.000
1728625447.968,-42.969,-49.805,-46.387,-62.500,0.000
1728625447.972,-22.949,-43.457,-43.457,-68.359,0.000
1728625447.976,-50.293,-42.480,-43.945,-48.828,0.000
1728625447.979,-38.574,-34.668,-42.969,3.906,0.000
1728625447.983,-30.273,-24.902,-41.016,-8.789,0.000
1728625447.987,-36.133,-20.996,-41.504,-55.176,0.000
1728625447.991,-7.324,-18.555,-33.203,-35.156,0.000
1728625447.995,-31.250,-23.438,-39.551,-18.066,0.000
1728625447.999,-32.227,-22.461,-40.039,6.348,0.000
1728625448.003,-17.578,-24.414,-41.504,-4.395,0.000
1728625448.007,-29.297,-34.180,-43.945,-50.781,0.000
1728625448.011,-8.789,-33.203,-48.340,-55.176,0.000
1728625448.015,-28.809,-35.156,-49.316,-27.832,0.000
1728625448.018,-42.480,-38.574,-37.598,19.043,0.000
1728625448.022,-15.137,-31.738,-30.273,16.602,0.000
1728625448.026,-15.137,-25.391,-29.785,-36.133,0.000
1728625448.030,-19.531,-27.832,-30.273,-60.059,0.000
1728625448.034,-38.574,-37.109,-32.227,-56.641,0.000
1728625448.038,-40.527,-39.062,-30.762,-8.789,0.000
1728625448.042,-35.645,-40.527,-27.344,2.441,0.000
1728625448.046,-39.551,-43.457,-32.227,-46.875,0.000
1728625448.050,-18.066,-40.527,-28.809,-52.246,0.000
1728625448.054,-34.668,-37.109,-28.320,-41.016,0.000
1728625448.058,-44.922,-41.992,-31.738,-11.230,0.000
1728625448.061,-30.273,-45.898,-30.762,0.977,0.000
1728625448.065,-36.621,-39.551,-35.645,-43.945,0.000
1728625448.069,-19.043,-37.109,-35.645,-58.105,0.000
1728625448.073,-37.109,-47.852,-33.691,-43.457,0.000
1728625448.077,-54.688,-47.852,-31.250,-11.719,0.000
1728625448.081,-36.133,-39.551,-34.668,20.508,0.000
1728625448.085,-29.785,-41.504,-45.410,-8.789,0.000
1728625448.089,-17.090,-33.691,-45.898,-51.758,0.000
1728625448.093,-29.785,-27.344,-38.086,-55.664,0.000
1728625448.097,-31.738,-26.855,-38.574,-26.367,0.000
1728625448.101,-19.043,-35.156,-45.410,-2.441,0.000
1728625448.104,-35.156,-44.434,-49.805,-37.598,0.000
1728625448.108,-17.578,-43.457,-46.387,-68.848,0.000
1728625448.112,-22.949,-47.363,-41.016,-53.711,0.000
1728625448.116,-44.922,-49.805,-41.992,-1.953,0.000
1728625448.120,-37.598,-40.527,-39.062,28.809,0.000
1728625448.124,-41.504,-36.621,-40.039,-35.645,0.000
1728625448.128,-44.434,-47.852,-45.898,-75.195,0.000
1728625448.132,-38.086,-58.105,-43.457,-62.988,0.000
1728625448.136,-37.109,-52.734,-42.480,-33.691,0.000
1728625448.140,-24.902,-39.551,-38.574,7.812,0.000
1728625448.144,-26.855,-36.133,-38.086,-15.625,0.000
1728625448.147,-27.832,-40.527,-38.574,-54.688,0.000
1728625448.151,-16.602,-30.762,-34.180,-42.480,0.000
1728625448.155,-40.527,-26.855,-32.715,-19.531,0.000
1728625448.159,-52.734,-34.668,-31.738,9.277,0.000
1728625448.163,-54.199,-47.363,-36.133,-4.883,0.000
1728625448.167,-41.992,-45.898,-43.457,-53.711,0.000
1728625448.171,-25.391,-37.109,-38.086,-53.711,0.000
1728625448.175,-47.363,-41.992,-33.691,-29.297,0.000
1728625448.179,-37.109,-39.062,-33.203,7.324,0.000
1728625448.183,-30.762,-33.203,-37.598,3.418,0.000
1728625448.187,-27.832,-41.992,-41.992,-41.504,0.000
1728625448.190,-10.254,-45.410,-37.109,-50.293,0.000
1728625448.194,-35.156,-34.180,-37.109,-43.457,0.000
1728625448.198,-40.527,-34.180,-37.109,-7.324,0.000
1728625448.202,-42.969,-41.992,-38.574,-5.371,0.000
1728625448.206,-41.504,-43.945,-45.898,-53.223,0.000
1728625448.210,-9.277,-34.180,-42.969,-61.035,0.000
1728625448.214,-26.855,-25.391,-37.109,-49.316,0.000
1728625448.218,-43.457,-30.273,-41.016,-12.695,0.000
1728625448.222,-43.945,-40.527,-47.852,-6.348,0.000
1728625448.226,-28.809,-33.691,-45.898,-42.969,0.000
1728625448.229,-22.461,-31.738,-39.551,-55.176,0.000
1728625448.233,-51.270,-45.898,-42.480,-50.781,0.000
1728625448.237,-44.434,-36.621,-37.109,0.977,0.000
1728625448.241,-31.250,-24.902,-34.668,23.438,0.000
1728625448.245,-22.949,-31.250,-39.062,-29.297,0.000
1728625448.249,-1.953,-33.203,-34.668,-57.129,0.000
1728625448.253,-20.996,-35.645,-38.086,-50.781,0.000
1728625448.257,-43.945,-26.855,-30.273,-8.789,0.000
1728625448.261,-34.180,-25.879,-21.973,15.137,0.000
1728625448.265,-28.320,-39.062,-27.832,-17.578,0.000
1728625448.269,-23.926,-38.574,-32.227,-44.434,0.000
1728625448.272,-27.832,-35.156,-29.785,-40.527,0.000
1728625448.276,-31.250,-26.855,-23.438,-4.395,0.000
1728625448.280,-15.625,-12.695,-20.996,12.207,0.000
1728625448.284,-17.578,-22.461,-26.855,-28.809,0.000
1728625448.288,-7.812,-27.344,-34.668,-56.152,0.000
1728625448.292,-3.418,-26.855,-33.691,-43.945,0.000
1728625448.296,-19.043,-34.668,-32.715,-4.395,0.000
1728625448.300,-30.762,-30.273,-34.180,17.578,0.000
1728625448.304,-26.367,-27.832,-34.668,-19.531,0.000
1728625448.308,-3.906,-27.832,-41.504,-46.387,0.000
1728625448.311,-15.137,-30.273,-47.363,-50.293,0.000
1728625448.315,-29.785,-33.203,-42.969,-27.344,0.000
1728625448.319,-21.973,-28.809,-34.180,11.719,0.000
1728625448.323,-24.902,-33.691,-41.504,-12.207,0.000
1728625448.327,-25.391,-35.645,-49.805,-54.688,0.000
1728625448.331,-24.902,-31.738,-49.805,-51.758,0.000
1728625448.335,-30.762,-34.668,-43.945,-26.367,0.000
1728625448.339,-25.879,-42.480,-40.527,3.418,0.000
1728625448.343,-26.367,-43.457,-52.246,-19.531,0.000
1728625448.347,-17.090,-30.762,-50.293,-63.477,0.000
1728625448.350,-18.555,-39.062,-44.434,-69.336,0.000
1728625448.354,-38.574,-44.922,-51.270,-44.922,0.000
1728625448.358,-28.809,-34.668,-44.434,3.906,0.000
1728625448.362,-29.297,-47.363,-36.621,-1.465,0.000
1728625448.366,-16.602,-44.434,-34.668,-59.082,0.000
1728625448.370,-20.508,-9.766,-50.781,-89.355,0.000
1728625448.374,-93.750,-29.297,-46.387,-116.699,0.000
1728625448.378,-60.547,-43.457,-35.156,-37.109,0.000
1728625448.382,-41.016,-24.414,-31.738,-17.578,0.000
1728625448.386,-47.363,-59.082,-32.227,-63.965,0.000
1728625448.389,1.953,-60.547,-20.508,-49.316,0.000
1728625448.393,-61.523,-30.762,-22.949,-82.031,0.000
1728625448.397,-32.227,-44.434,-60.547,16.602,0.000
1728625448.401,29.785,-51.270,-32.715,63.965,0.000
1728625448.405,7.324,5.371,-54.688,-30.762,0.000
1728625448.409,-92.773,78.613,-9.277,-129.395,0.000
1728625448.413,-279.785,22.461,19.531,-318.848,0.000
1728625448.417,-132.324,-39.551,-75.684,-181.641,0.000
1728625448.421,167.969,-76.660,-68.848,186.035,0.000
1728625448.425,183.105,-87.891,-44.922,203.125,0.000
1728625448.429,80.566,-60.547,-91.797,53.711,0.000
1728625448.432,-82.520,-65.918,-53.711,-48.340,0.000
1728625448.436,-335.938,20.508,27.344,-256.836,0.000
1728625448.440,-228.027,54.688,-85.449,-145.996,0.000
1728625448.444,-79.590,-103.027,-123.535,-73.242,0.000
1728625448.448,-69.336,-164.551,-18.555,-145.996,0.000
1728625448.452,106.934,-36.133,-57.129,79.102,0.000
1728625448.456,112.793,18.066,-107.910,103.027,0.000
1728625448.460,87.402,-48.340,-68.848,145.996,0.000
1728625448.464,34.668,-77.637,-101.074,129.883,0.000
1728625448.468,-13.672,-65.430,-96.191,4.395,0.000
1728625448.472,13.184,-87.891,-37.109,-32.715,0.000
1728625448.475,44.434,-76.172,-42.969,111.328,0.000
1728625448.479,42.969,-62.988,-39.551,159.180,0.000
1728625448.483,24.414,-59.082,-0.488,3.418,0.000
1728625448.487,97.168,-57.617,-36.621,-58.594,0.000
1728625448.491,78.125,-43.945,-148.926,64.941,0.000
1728625448.495,-2.930,-0.977,-93.262,94.727,0.000
1728625448.499,-32.715,-33.691,-22.949,31.738,0.000
1728625448.503,-9.766,-81.543,-66.406,74.219,0.000
1728625448.507,32.227,-71.777,-95.703,65.918,0.000
1728625448.511,68.848,-80.078,-58.105,-13.184,0.000
1728625448.515,84.473,-59.570,-38.086,54.688,0.000
1728625448.518,34.180,-37.109,-24.414,111.816,0.000
1728625448.522,25.879,-51.758,-20.996,69.336,0.000
1728625448.526,17.090,-78.613,-57.129,30.273,0.000
1728625448.530,13.672,-80.566,-68.359,2.930,0.000
1728625448.534,20.508,-43.457,-56.152,21.484,0.000
1728625448.538,20.020,-43.457,-52.734,62.500,0.000
1728625448.542,0.977,-58.105,-55.664,37.598,0.000
1728625448.546,-28.320,-51.270,-54.688,2.441,0.000
1728625448.550,-23.926,-41.504,-51.758,-33.691,0.000
1728625448.554,-46.387,-53.223,-48.828,-44.434,0.000
1728625448.558,-46.875,-48.828,-41.992,26.855,0.000
1728625448.561,-5.371,-42.480,-44.922,20.508,0.000
1728625448.565,3.418,-48.340,-58.594,-38.086,0.000
1728625448.569,0.977,-50.293,-56.641,-54.688,0.000
1728625448.573,-22.461,-48.340,-48.828,-30.273,0.000
1728625448.577,-30.762,-33.691,-43.945,8.789,0.000
1728625448.581,-27.832,-51.758,-44.434,8.789,0.000
1728625448.585,-32.227,-51.758,-53.223,-42.480,0.000
1728625448.589,-21.973,-28.809,-47.363,-51.758,0.000
1728625448.593,-27.344,-36.133,-43.457,-15.625,0.000
1728625448.597,-29.297,-38.574,-35.156,22.949,0.000
1728625448.600,-28.320,-41.504,0.000,13.672,0.000
1728625448.604,-21.973,-38.086,0.000,-56.641,0.000
1728625448.608,17.090,-22.461,0.000,-68.359,0.000
1728625448.612,-0.977,-26.855,0.000,-43.945,0.000
1728625448.616,-33.691,-25.879,0.000,-15.625,0.000
1728625448.620,-25.391,-22.461,0.000,-0.977,0.000
1728625448.624,-45.410,-35.156,0.000,-45.410,0.000
1728625448.628,-30.273,-36.621,0.000,-54.688,0.000
1728625448.632,-35.156,-30.273,0.000,-50.781,0.000
1728625448.636,-53.711,-30.273,0.000,-20.020,0.000
1728625448.640,-35.156,-27.344,0.000,10.254,0.000
1728625448.643,-43.457,-29.785,0.000,-38.086,0.000
1728625448.647,-35.645,-32.227,-35.645,-63.477,0.000
1728625448.651,-31.250,-21.973,-29.297,-56.641,0.000
1728625448.655,-44.434,-22.949,-21.973,-30.762,0.000
1728625448.659,-33.691,-24.902,-17.090,15.137,0.000
1728625448.663,-28.809,-24.414,-24.902,-8.789,0.000
1728625448.667,-8.789,-31.250,-32.715,-63.965,0.000
1728625448.671,-6.836,-24.902,-27.344,-50.781,0.000
1728625448.675,-35.645,-25.391,-26.855,-10.254,0.000
1728625448.679,-27.344,-24.902,-27.832,9.277,0.000
1728625448.683,-29.785,-30.273,-33.691,-27.832,0.000
1728625448.686,-14.648,-36.621,-41.016,-62.500,0.000
1728625448.690,-12.695,-32.715,-36.621,-54.199,0.000
1728625448.694,-46.387,-27.832,-34.180,-37.109,0.000
1728625448.698,-39.551,-20.508,-31.250,2.441,0.000
1728625448.702,-35.645,-27.344,-30.762,-14.160,0.000
1728625448.706,-33.203,-31.250,-41.016,-59.082,0.000
1728625448.710,-23.438,-26.367,-33.203,-50.781,0.000
1728625448.714,-39.551,-28.320,-30.273,-18.555,0.000
1728625448.718,-27.832,-26.855,-36.621,10.742,0.000
1728625448.722,-32.715,-26.855,-37.109,-16.602,0.000
1728625448.725,-23.926,-15.137,-37.598,-66.895,0.000
1728625448.729,-10.742,-16.602,-39.551,-70.312,0.000
1728625448.733,-44.922,-36.621,-37.109,-34.668,0.000
1728625448.737,-43.457,-33.203,-31.250,4.883,0.000
1728625448.741,-34.180,-28.809,-28.320,-24.414,0.000
1728625448.745,-33.203,-27.832,-33.203,-76.660,0.000
1728625448.749,-28.320,-25.879,-32.227,-72.754,0.000
1728625448.753,-57.617,-25.391,-33.691,-56.641,0.000
1728625448.757,-48.828,-18.066,-31.250,-20.020,0.000
1728625448.760,-29.785,-20.508,-33.691,-11.719,0.000
1728625448.764,-31.250,-29.297,-40.527,-58.105,0.000
1728625448.768,-24.902,-35.156,-38.574,-82.520,0.000
1728625448.772,-50.781,-44.434,-36.621,-61.035,0.000
1728625448.776,-45.898,-47.363,-34.180,-10.742,0.000
1728625448.780,-38.574,-46.875,-32.715,-5.371,0.000
1728625448.784,-49.805,-45.898,-34.180,-57.617,0.000
1728625448.788,-20.508,-38.086,-28.809,-69.336,0.000
1728625448.792,-50.293,-30.762,-33.691,-54.199,0.000
1728625448.796,-64.453,-32.715,-33.691,-20.996,0.000
1728625448.800,-31.738,-39.551,-29.297,-14.648,0.000
1728625448.804,-29.785,-42.480,-33.203,-44.922,0.000
1728625448.807,-19.043,-43.457,-30.762,-59.570,0.000
1728625448.811,-37.109,-38.086,-26.367,-59.570,0.000
1728625448.815,-60.547,-30.273,-21.973,-31.250,0.000
1728625448.819,-58.105,-32.715,-24.902,-8.789,0.000
1728625448.823,-41.992,-37.598,-24.902,-45.898,0.000
1728625448.827,-29.297,-34.668,-29.297,-80.078,0.000
1728625448.831,-42.969,-40.039,-33.691,-71.777,0.000
1728625448.835,-61.035,-42.480,-34.180,-40.527,0.000
1728625448.839,-47.363,-35.645,-35.156,-12.207,0.000
1728625448.843,-41.992,-37.109,-31.250,-48.828,0.000
1728625448.847,-27.832,-35.645,-31.738,-83.496,0.000
1728625448.850,-28.809,-38.086,-35.645,-71.777,0.000
1728625448.854,-66.895,-45.410,-36.621,-49.805,0.000
1728625448.858,-48.828,-32.715,-29.297,-17.090,0.000
1728625448.862,-33.203,-28.809,-37.109,-39.551,0.000
1728625448.866,-24.414,-47.852,-49.316,-76.172,0.000
1728625448.870,-36.621,-50.293,-41.504,-68.848,0.000
1728625448.874,-70.312,-35.645,-33.203,-36.133,0.000
1728625448.878,-46.387,-37.109,-30.273,2.930,0.000
1728625448.882,-45.410,-44.434,-32.227,-28.809,0.000
1728625448.886,-36.133,-31.738,-31.738,-64.941,0.000
1728625448.890,-23.438,-32.227,-32.227,-60.059,0.000
1728625448.893,-46.387,-43.457,-29.297,-32.715,0.000
1728625448.897,-30.762,-34.180,-20.996,0.000,0.000
1728625448.901,-34.180,-34.668,-26.367,-35.156,0.000
1728625448.905,-31.738,-29.785,-24.902,-61.523,0.000
1728625448.909,-28.809,-24.414,-21.484,-46.387,0.000
1728625448.913,-51.270,-39.062,-32.715,-41.016,0.000
1728625448.917,-43.945,-37.598,-32.715,-10.742,0.000
1728625448.921,-41.016,-27.832,-29.785,-19.043,0.000
1728625448.925,-23.926,-32.227,-37.109,-62.012,0.000
1728625448.929,0.000,-33.203,-30.762,-58.105,0.000
1728625448.933,-41.016,-34.180,-26.855,-39.551,0.000
1728625448.936,-46.875,-34.668,-22.949,-3.418,0.000
1728625448.940,-28.320,-29.785,-24.414,-14.160,0.000
1728625448.944,-26.367,-33.203,-35.156,-62.012,0.000
1728625448.948,0.000,-28.809,-33.203,-59.082,0.000
1728625448.952,-17.578,-24.414,-29.297,-46.387,0.000
1728625448.956,-39.062,-39.551,-32.227,-8.301,0.000
1728625448.960,-41.992,-41.504,-31.738,11.230,0.000
1728625448.964,-40.039,-31.250,-29.297,-41.016,0.000
1728625448.968,-18.555,-32.227,-26.855,-66.406,0.000
1728625448.972,-31.738,-31.738,-27.344,-54.688,0.000
1728625448.975,-32.227,-27.344,-30.762,-11.719,0.000
1728625448.979,-21.973,-25.879,-45.410,6.348,0.000
1728625448.983,-38.574,-41.504,-44.434,-47.363,0.000
1728625448.987,-39.062,-48.828,-24.902,-71.289,0.000
1728625448.991,-57.129,-46.387,-24.414,-64.941,0.000
1728625448.995,-70.801,-57.129,-22.949,-24.902,0.000
1728625448.999,-61.523,-62.988,-19.531,-7.812,0.000
1728625449.003,-64.453,-73.242,-26.367,-56.152,0.000
1728625449.007,-49.805,-71.777,-18.066,-71.289,0.000
1728625449.011,-63.965,-57.129,-14.160,-64.453,0.000
1728625449.015,-70.801,-54.688,-21.973,-29.297,0.000
1728625449.018,-46.875,-58.594,-21.973,-6.348,0.000
1728625449.022,-49.805,-54.688,-24.414,-50.293,0.000
1728625449.026,-27.832,-50.293,-29.785,-74.219,0.000
1728625449.030,-41.016,-61.035,-33.691,-62.500,0.000
1728625449.034,-64.941,-60.547,-31.250,-30.273,0.000
1728625449.038,-48.340,-49.805,-23.438,-2.930,0.000
1728625449.042,-58.594,-55.664,-31.738,-36.133,0.000
1728625449.046,-34.668,-58.594,-38.086,-74.219,0.000
1728625449.050,-36.133,-55.664,-39.551,-74.707,0.000
1728625449.054,-57.617,-39.551,-32.227,-39.062,0.000
1728625449.057,-35.156,-29.785,-27.832,0.488,0.000
1728625449.061,-40.039,-50.293,-36.133,-41.016,0.000
1728625449.065,-28.809,-64.453,-38.574,-82.520,0.000
1728625449.069,-11.230,-52.734,-37.109,-67.383,0.000
1728625449.073,-32.227,-45.898,-34.180,-32.715,0.000
1728625449.077,-25.879,-48.828,-21.484,18.555,0.000
1728625449.081,-38.086,-42.969,-17.090,-5.859,0.000
1728625449.085,-34.668,-44.434,-29.785,-63.965,0.000
1728625449.089,-18.066,-47.363,-38.574,-62.012,0.000
1728625449.093,-49.316,-50.293,-42.480,-25.391,0.000
1728625449.096,-54.199,-41.016,-35.645,7.812,0.000
1728625449.100,-48.340,-40.039,-33.203,-26.367,0.000
1728625449.104,-36.621,-49.316,-32.227,-68.359,0.000
1728625449.108,-20.020,-43.457,-28.320,-76.172,0.000
1728625449.112,-33.203,-41.016,-33.203,-51.758,0.000
1728625449.116,-29.785,-50.781,-26.367,3.418,0.000
1728625449.120,-30.762,-46.387,-25.391,-4.395,0.000
1728625449.124,-37.598,-44.434,-35.156,-54.688,0.000
1728625449.128,-30.273,-40.527,-31.250,-56.641,0.000
1728625449.132,-44.922,-36.133,-28.320,-25.391,0.000
1728625449.135,-36.133,-40.527,-25.391,19.531,0.000
1728625449.139,-31.250,-38.574,-26.855,7.324,0.000
1728625449.143,-33.691,-31.250,-29.785,-50.781,0.000
1728625449.147,-13.672,-29.785,-22.461,-50.781,0.000
1728625449.151,-32.715,-41.992,-32.715,-36.133,0.000
1728625449.155,-51.270,-41.016,-39.062,-13.672,0.000
1728625449.159,-45.410,-33.691,-29.297,-6.836,0.000
1728625449.163,0.000,-34.668,-37.109,-56.641,0.000
1728625449.167,0.000,-41.992,-46.875,-67.871,0.000
1728625449.171,0.000,-45.410,-48.828,-55.176,0.000
1728625449.175,0.000,-36.133,-40.527,-14.160,0.000
1728625449.178,0.000,-36.133,-36.621,1.465,0.000
1728625449.182,0.000,-46.875,-43.457,-46.875,0.000
1728625449.186,0.000,-53.711,-32.227,-51.758,0.000
1728625449.190,0.000,-43.457,-25.391,-37.109,0.000
1728625449.194,0.000,-28.320,-28.809,-1.953,0.000
1728625449.198,0.000,-32.715,-29.297,17.090,0.000
1728625449.202,0.000,-41.504,-32.715,-44.434,0.000
1728625449.206,0.000,-35.645,-30.273,-80.078,0.000
1728625449.210,-34.180,-39.062,-35.645,-64.941,0.000
1728625449.214,-52.246,-45.898,-41.016,-23.438,0.000
1728625449.218,-45.898,-42.969,-36.133,7.324,0.000
1728625449.222,-50.293,-45.898,-43.457,-36.133,0.000
1728625449.225,-23.926,-53.223,-45.898,-64.453,0.000
1728625449.229,-19.531,-45.410,-33.203,-42.480,0.000
1728625449.233,-43.457,-23.438,-36.621,-15.625,0.000
1728625449.237,-30.762,-19.043,-40.039,16.602,0.000
1728625449.241,-37.109,-33.691,-41.016,-22.949,0.000
1728625449.245,-24.414,-37.598,-49.805,-60.059,0.000
1728625449.249,-22.949,-30.273,-40.527,-45.898,0.000
1728625449.253,-46.387,-37.109,-39.551,-25.879,0.000
1728625449.257,-34.180,-32.715,-38.574,10.742,0.000
1728625449.261,-40.039,-33.691,-38.086,-17.578,0.000
1728625449.265,-33.691,-38.574,-38.574,-60.547,0.000
1728625449.268,-22.949,-37.598,-41.992,-55.176,0.000
1728625449.272,-42.480,-43.457,-41.504,-26.367,0.000
1728625449.276,-34.668,-42.480,-37.109,11.719,0.000
1728625449.280,-41.016,-41.016,-44.434,-12.695,0.000
1728625449.284,-39.062,-50.293,-43.945,-59.082,0.000
1728625449.288,-31.250,-46.875,-44.922,-65.430,0.000
1728625449.292,-63.477,-36.621,-37.109,-48.828,0.000
1728625449.296,-51.270,-36.133,-22.461,-3.418,0.000
1728625449.300,-51.758,-37.109,-36.621,-19.531,0.000
1728625449.304,-47.363,-40.527,0.000,-70.312,0.000
1728625449.307,-13.672,-36.133,0.000,-60.059,0.000
1728625449.311,-25.391,-21.484,0.000,-35.156,0.000
1728625449.315,-27.832,-17.090,0.000,5.371,0.000
1728625449.319,-19.043,-25.879,0.000,2.441,0.000
1728625449.323,-16.113,-28.809,0.000,-45.898,0.000
1728625449.327,-9.766,-15.137,0.000,-56.641,0.000
1728625449.331,-26.855,-26.855,0.000,-40.039,0.000
1728625449.335,-20.996,-33.691,0.000,-2.441,0.000
1728625449.339,-20.020,-23.438,0.000,-7.812,0.000
1728625449.343,-30.273,-32.227,0.000,-59.082,0.000
1728625449.347,-9.277,-31.738,0.000,-75.195,0.000
1728625449.350,0.000,-37.109,-41.992,-62.012,0.000
1728625449.354,0.000,-31.738,-33.691,-10.742,0.000
1728625449.358,0.000,-23.438,-34.668,10.742,0.000
1728625449.362,0.000,-35.645,-40.039,-44.434,0.000
1728625449.366,0.000,-41.504,-41.992,-76.660,0.000
1728625449.370,0.000,-46.387,-42.969,-64.453,0.000
1728625449.374,0.000,-45.898,-29.785,-19.043,0.000
1728625449.378,0.000,-37.109,-26.367,17.578,0.000
1728625449.382,0.000,-40.039,-34.180,-17.578,0.000
1728625449.386,0.000,-42.480,-32.715,-50.293,0.000
1728625449.389,0.000,-39.551,-38.574,-51.270,0.000
1728625449.393,0.000,-42.480,-45.410,-30.273,0.000
1728625449.397,-46.875,-49.316,-47.363,-0.488,0.000
1728625449.401,-55.664,-49.316,-47.852,-41.504,0.000
1728625449.405,-30.273,-40.527,-37.109,-63.477,0.000
1728625449.409,-42.969,-41.016,-34.668,-58.105,0.000
1728625449.413,-70.312,-47.363,-35.156,-45.410,0.000
1728625449.417,-42.480,-44.434,-29.297,-4.883,0.000
1728625449.421,-40.039,-41.992,-42.480,-25.391,0.000
1728625449.425,-24.414,-46.875,-48.340,-62.500,0.000
1728625449.429,-29.297,-41.992,-38.086,-56.641,0.000
1728625449.432,-63.477,-34.180,-40.039,-19.043,0.000
1728625449.436,-51.270,-34.180,-34.668,14.160,0.000
1728625449.440,-36.621,-37.109,-37.598,-26.367,0.000
1728625449.444,-20.508,-34.668,-45.410,-66.406,0.000
1728625449.448,-16.113,-33.203,-39.062,-54.199,0.000
1728625449.452,-42.969,-27.344,-35.156,-28.320,0.000
1728625449.456,-30.762,-24.414,-35.645,-1.953,0.000
1728625449.460,-23.438,-33.691,-40.039,-24.902,0.000
1728625449.464,-30.273,-43.945,-44.434,-65.918,0.000
1728625449.468,-19.043,-43.945,-41.992,-47.852,0.000
1728625449.471,-40.039,-39.062,-36.621,-26.367,0.000
1728625449.475,-50.781,-41.016,-35.645,-8.301,0.000
1728625449.479,-46.387,-44.922,-35.156,-15.625,0.000
1728625449.483,-40.527,-40.527,-29.785,-55.664,0.000
1728625449.487,-34.180,-34.180,-34.180,-60.547,0.000
1728625449.491,-49.316,-41.016,-38.574,-41.504,0.000
1728625449.495,-41.016,-43.457,-37.109,-3.906,0.000
1728625449.499,-53.223,-41.992,-35.156,-12.695,0.000
1728625449.503,-54.199,-45.410,-35.156,-62.988,0.000
1728625449.507,-20.508,-42.480,-37.598,-64.941,0.000
1728625449.510,-38.086,-48.340,-41.992,-37.598,0.000
1728625449.514,-42.480,-41.504,-41.992,7.324,0.000
1728625449.518,-34.180,-34.668,-36.133,6.348,0.000
1728625449.522,-29.785,-39.062,-40.527,-39.551,0.000
1728625449.526,-16.113,-39.062,-41.504,-52.246,0.000
1728625449.530,-31.738,-40.527,-37.598,-42.969,0.000
1728625449.534,-33.203,-39.551,-35.645,-8.789,0.000
1728625449.538,-39.551,-33.691,-38.086,2.441,0.000
1728625449.542,-47.852,-37.109,-42.969,-42.480,0.000
1728625449.546,-16.602,-40.039,-42.969,-58.105,0.000
1728625449.550,-24.902,-33.203,-40.039,-44.434,0.000
1728625449.553,-47.363,-29.785,-33.203,-8.301,0.000
1728625449.557,-39.551,-36.133,-34.180,19.043,0.000
1728625449.561,-37.109,-42.480,-42.480,-30.273,0.000
1728625449.565,-14.648,-31.738,-38.086,-68.359,0.000
1728625449.569,-16.602,-30.762,-39.062,-56.152,0.000
1728625449.573,-36.133,-34.180,-42.969,-18.066,0.000
1728625449.577,-36.621,-26.855,-40.039,-1.953,0.000
1728625449.581,-38.086,-29.297,-42.969,-45.898,0.000
1728625449.585,-19.043,-35.156,-50.293,-72.266,0.000
1728625449.589,-18.555,-37.109,-61.035,-67.871,0.000
1728625449.593,-31.738,-37.598,-54.688,-25.879,0.000
1728625449.596,-23.926,-30.762,-40.039,18.555,0.000
1728625449.600,-23.926,-26.855,-48.340,-27.832,0.000
1728625449.604,-19.531,-33.691,-53.711,-64.941,0.000
1728625449.608,-28.320,-41.016,-49.805,-44.922,0.000
1728625449.612,-41.504,-36.133,-48.340,-18.555,0.000
1728625449.616,-24.414,-31.738,-40.527,19.531,0.000
1728625449.620,-27.832,-37.598,-41.504,-8.301,0.000
1728625449.624,-23.926,-25.391,-43.457,-61.523,0.000
1728625449.628,-12.695,-29.297,-38.574,-51.758,0.000
1728625449.632,-25.391,-35.156,-33.203,-20.996,0.000
1728625449.636,-20.020,-33.203,-29.785,10.742,0.000
1728625449.639,-31.250,-46.875,-34.180,-13.184,0.000
1728625449.643,-31.250,-49.316,-40.527,-46.387,0.000
1728625449.647,-20.996,-38.086,-40.527,-36.621,0.000
1728625449.651,-36.621,-25.879,-32.715,-1.953,0.000
1728625449.655,-37.109,-26.367,-27.344,18.555,0.000
1728625449.659,-36.133,-38.574,-33.691,-21.973,0.000
1728625449.663,-20.508,-36.133,-37.598,-61.035,0.000
1728625449.667,-8.301,-28.320,-33.691,-58.105,0.000
1728625449.671,-21.484,-28.320,-31.250,-31.738,0.000
1728625449.675,-18.555,-27.344,-29.297,11.719,0.000
1728625449.679,-21.973,-34.668,-30.762,-0.977,0.000
1728625449.682,-29.297,-36.621,-35.156,-52.246,0.000
1728625449.686,-12.695,-31.250,-35.645,-64.453,0.000
1728625449.690,-33.203,-33.691,-40.039,-38.574,0.000
1728625449.694,-40.039,-33.203,-37.598,20.508,0.000
1728625449.698,-21.973,-37.598,-35.645,14.160,0.000
1728625449.702,-10.742,-33.691,-38.086,-47.363,0.000
1728625449.706,-2.930,-36.133,-46.875,-56.641,0.000
1728625449.710,-45.898,-51.758,-45.410,-42.480,0.000
1728625449.714,-58.594,-43.457,-33.203,-12.695,0.000
1728625449.718,-29.297,-26.367,-34.180,-5.371,0.000
1728625449.722,-29.785,-34.180,-41.016,-45.898,0.000
1728625449.726,-14.160,-40.039,-41.504,-60.547,0.000
1728625449.729,-28.809,-21.484,-36.621,-58.594,0.000
1728625449.733,-37.598,-25.391,-29.297,-16.113,0.000
1728625449.737,-21.484,-33.691,-23.438,9.277,0.000
1728625449.741,-25.391,-32.227,-29.785,-35.156,0.000
1728625449.745,-7.812,-44.922,-33.691,-48.340,0.000
1728625449.749,-12.695,-39.062,-33.203,-25.879,0.000
1728625449.753,-27.832,-32.715,-34.180,8.301,0.000
1728625449.757,-20.996,-29.297,-27.832,19.531,0.000
1728625449.761,-27.344,-35.156,-32.715,-32.715,0.000
1728625449.765,-18.066,-40.039,-36.133,-57.617,0.000
1728625449.769,-13.184,-30.762,-32.227,-48.828,0.000
1728625449.772,-26.855,-27.832,-36.133,-20.020,0.000
1728625449.776,-25.391,-21.973,-28.809,12.695,0.000
1728625449.780,-27.344,-24.902,-27.344,-19.531,0.000
1728625449.784,-21.973,-34.668,-36.133,-53.711,0.000
1728625449.788,-19.531,-37.109,-39.551,-54.199,0.000
1728625449.792,-29.785,-35.645,-40.527,-28.320,0.000
1728625449.796,-24.414,-31.250,-38.574,1.953,0.000
1728625449.800,-33.203,-28.320,-45.410,-31.250,0.000
1728625449.804,-25.879,-22.461,-48.828,-62.500,0.000
1728625449.808,-17.578,-24.902,-40.039,-47.852,0.000
1728625449.811,-40.527,-36.133,-42.969,-22.461,0.000
1728625449.815,-37.109,-30.273,-43.945,1.953,0.000
1728625449.819,-44.434,-30.273,-43.457,-27.832,0.000
1728625449.823,-31.250,-36.621,-43.457,-60.547,0.000
1728625449.827,-20.996,-31.738,-40.527,-61.035,0.000
1728625449.831,-38.574,-33.203,-40.527,-43.457,0.000
1728625449.835,-26.855,-25.391,-34.180,0.977,0.000
1728625449.839,-37.109,-33.203,-45.898,-12.207,0.000
1728625449.843,-33.203,-52.734,-52.734,-48.828,0.000
1728625449.847,-17.578,-48.340,-36.621,-59.570,0.000
1728625449.851,-43.457,-34.180,-28.809,-36.621,0.000
1728625449.855,-42.480,-29.785,-33.203,20.508,0.000
1728625449.858,-43.457,-36.133,-37.109,-3.418,0.000
1728625449.862,-46.387,-39.062,-37.598,-52.734,0.000
1728625449.866,-40.527,-38.574,-39.062,-51.270,0.000
1728625449.870,-67.383,-42.480,-41.992,-34.668,0.000
1728625449.874,-50.781,-41.016,-34.180,5.859,0.000
1728625449.878,-33.691,-37.109,-36.621,-13.672,0.000
1728625449.882,-43.457,-35.156,-40.527,-61.035,0.000
1728625449.886,-33.203,-43.457,-41.016,-60.059,0.000
1728625449.890,-44.434,-48.828,-44.434,-40.039,0.000
1728625449.894,-44.922,-28.320,-37.598,4.395,0.000
1728625449.897,-33.691,-22.461,-38.574,-1.465,0.000
1728625449.901,-29.785,-41.504,-51.270,-45.410,0.000
1728625449.905,-13.672,-40.527,-49.805,-60.059,0.000
1728625449.909,-29.297,-32.715,-45.410,-56.641,0.000
1728625449.913,-36.133,-30.762,-40.039,-5.859,0.000
1728625449.917,-36.133,-25.391,-32.227,12.695,0.000
1728625449.921,-38.086,-27.344,-36.133,-43.457,0.000
1728625449.925,-7.812,-28.809,-41.016,-59.570,0.000
1728625449.929,-28.809,-32.715,-42.969,-44.434,0.000
1728625449.933,-35.156,-40.527,-41.504,-14.160,0.000
1728625449.937,-22.949,-31.738,-40.039,3.906,0.000
1728625449.940,-37.598,-28.809,-41.504,-37.109,0.000
1728625449.944,-11.230,-30.762,-34.180,-56.152,0.000
1728625449.948,-14.648,-28.809,-38.086,-37.598,0.000
1728625449.952,-53.223,-38.086,-40.527,-3.906,0.000
1728625449.956,-32.227,-36.621,-39.062,3.906,0.000
1728625449.960,-10.742,-32.715,-46.387,-40.039,0.000
1728625449.964,-12.207,-41.504,-43.457,-51.270,0.000
1728625449.968,-25.391,-44.922,-40.527,-47.363,0.000
1728625449.972,-34.180,-40.527,-37.109,-31.738,0.000
1728625449.976,-28.809,-38.086,-35.156,-8.301,0.000
1728625449.980,-43.945,-41.504,-46.387,-41.992,0.000
1728625449.983,-28.320,-35.156,-42.969,-64.941,0.000
1728625449.987,-21.973,-23.926,-36.621,-51.758,0.000
1728625449.991,-37.109,-43.457,-45.410,-29.297,0.000
1728625449.995,-22.949,-47.852,-43.945,-2.441,0.000
1728625449.999,-32.715,-33.203,-42.969,-27.344,0.000
1728625450.003,-26.855,-32.715,-44.922,-62.500,0.000
1728625450.007,-22.949,-31.738,-49.805,-64.453,0.000
1728625450.011,-52.734,-33.203,-48.828,-36.133,0.000
1728625450.015,-39.551,-29.297,-40.527,9.766,0.000
1728625450.019,-36.621,-31.738,-51.758,-20.508,0.000
1728625450.023,-38.086,-39.551,-56.641,-71.777,0.000
1728625450.026,-22.461,-38.086,-51.758,-61.523,0.000
1728625450.030,-28.809,-29.785,-42.969,-44.922,0.000
1728625450.034,-28.320,-21.484,-35.645,-0.488,0.000
1728625450.038,-19.043,-32.227,-41.992,2.441,0.000
1728625450.042,-10.254,-37.598,-45.898,-54.688,0.000
1728625450.046,-22.461,-34.668,-40.527,-65.430,0.000
1728625450.050,-53.223,-42.480,-43.945,-47.852,0.000
1728625450.054,-43.945,-41.016,-42.480,-0.977,0.000
1728625450.058,-35.156,-34.180,-33.691,9.766,0.000
1728625450.062,-25.391,-36.621,-37.109,-40.527,0.000
1728625450.066,5.371,-29.785,-36.621,-55.176,0.000
1728625450.069,-21.973,-37.598,-36.621,-46.875,0.000
1728625450.073,-41.992,-48.828,-32.715,-5.859,0.000
1728625450.077,-25.391,-43.457,-30.273,-1.465,0.000
1728625450.081,-19.043,-43.945,-40.527,-54.688,0.000
1728625450.085,-14.648,-42.480,-42.480,-67.871,0.000
1728625450.089,-52.734,-45.410,-38.086,-57.129,0.000
1728625450.093,-52.246,-43.945,-35.156,-7.324,0.000
1728625450.097,-36.133,-39.062,-35.156,7.324,0.000
1728625450.101,-37.598,-40.527,-44.434,-38.086,0.000
1728625450.105,-9.766,-41.504,-45.898,-54.688,0.000
1728625450.108,-21.484,-39.062,-45.898,-43.945,0.000
1728625450.112,-36.621,-35.645,-46.387,-14.160,0.000
1728625450.116,-39.551,-40.527,-46.875,-9.766,0.000
1728625450.120,-38.086,-38.086,-48.828,-43.457,0.000
1728625450.124,-13.184,-36.621,-40.039,-52.734,0.000
1728625450.128,-31.738,-48.828,-36.621,-33.203,0.000
1728625450.132,-37.598,-43.457,-32.715,8.789,0.000
1728625450.136,-12.207,-28.809,-33.691,22.949,0.000
1728625450.140,-5.371,-29.297,-42.969,-16.113,0.000
1728625450.144,2.441,-31.738,-36.133,-34.180,0.000
1728625450.148,-37.598,-38.574,-33.691,-37.598,0.000
1728625450.151,-58.594,-40.527,-29.297,-16.602,0.000
1728625450.155,-30.273,-38.574,-26.855,7.324,0.000
1728625450.159,-41.016,-46.387,-43.945,-36.621,0.000
1728625450.163,-29.785,-47.363,-43.945,-65.918,0.000
1728625450.167,-22.461,-44.434,-30.273,-48.340,0.000
1728625450.171,-37.109,-53.223,-29.785,-7.812,0.000
1728625450.175,-16.113,-46.387,-33.691,22.461,0.000
1728625450.179,-31.738,-32.227,-30.762,-30.273,0.000
1728625450.183,-41.504,-39.062,-28.809,-72.266,0.000
1728625450.187,-27.344,-29.785,-25.391,-50.293,0.000
1728625450.190,-38.086,-23.926,-26.855,-28.320,0.000
1728625450.194,-29.297,-33.203,-29.297,4.883,0.000
1728625450.198,-26.367,-44.434,-27.832,-21.484,0.000
1728625450.202,-22.949,-44.922,-35.156,-74.707,0.000
1728625450.206,-8.789,-33.691,-38.574,-76.660,0.000
1728625450.210,-40.039,-28.809,-31.738,-35.645,0.000
1728625450.214,-44.434,-33.203,-33.691,15.137,0.000
1728625450.218,-31.250,-44.434,-35.156,-4.395,0.000
1728625450.222,-32.227,-36.621,-31.738,-49.316,0.000
1728625450.226,-28.320,-19.531,-33.203,-51.758,0.000
1728625450.229,-49.316,-26.855,-36.621,-25.879,0.000
1728625450.233,-34.180,-33.203,-36.621,20.020,0.000
1728625450.237,-20.020,-27.832,-35.645,12.207,0.000
1728625450.241,-13.184,-30.273,-41.992,-52.734,0.000
1728625450.245,-3.906,-33.203,-42.480,-66.895,0.000
1728625450.249,-32.227,-28.320,-40.527,-37.598,0.000
1728625450.253,-32.227,-33.691,-39.062,1.465,0.000
1728625450.257,-32.227,-41.016,-43.945,-10.742,0.000
1728625450.261,-34.668,-47.363,-54.688,-60.547,0.000
1728625450.265,-25.391,-50.293,-42.969,-65.430,0.000
1728625450.268,-51.758,-41.016,-39.062,-52.734,0.000
1728625450.272,-52.734,-41.992,-35.645,-9.766,0.000
1728625450.276,-27.832,-54.199,-32.227,18.066,0.000
1728625450.280,-29.785,-51.758,-39.551,-32.715,0.000
1728625450.284,-10.254,-35.156,-33.691,-66.895,0.000
1728625450.288,-38.574,-35.645,-31.738,-51.270,0.000
1728625450.292,-42.969,-41.016,-34.180,0.977,0.000
1728625450.296,-27.832,-43.457,-31.738,20.020,0.000
1728625450.300,-44.922,-52.246,-35.156,-38.574,0.000
1728625450.304,-10.254,-46.387,-37.598,-58.594,0.000
1728625450.308,-13.184,-38.086,-36.621,-48.340,0.000
1728625450.311,-32.715,-28.320,-40.039,-19.531,0.000
1728625450.315,-24.902,-19.043,-39.062,12.695,0.000
1728625450.319,-46.387,-27.344,-37.598,-27.344,0.000
1728625450.323,-26.855,-36.133,-46.875,-53.223,0.000
1728625450.327,-21.484,-33.691,-49.316,-47.363,0.000
1728625450.331,-43.457,-28.809,-43.457,-16.602,0.000
1728625450.335,-21.484,-23.438,0.000,15.625,0.000
1728625450.339,-21.973,-22.461,0.000,-23.926,0.000
1728625450.343,-12.207,-20.020,0.000,-52.246,0.000
1728625450.347,-15.625,-25.391,0.000,-49.316,0.000
1728625450.351,-39.062,-31.738,0.000,-25.391,0.000
1728625450.355,-19.043,-28.809,0.000,12.695,0.000
1728625450.358,-30.762,-36.621,0.000,-10.254,0.000
1728625450.362,-29.297,-37.598,0.000,-62.988,0.000
1728625450.366,-18.555,-45.898,0.000,-67.871,0.000
1728625450.370,-41.016,-55.176,0.000,-23.926,0.000
1728625450.374,-25.391,-34.180,0.000,6.348,0.000
1728625450.378,-25.879,-41.504,0.000,-18.555,0.000
1728625450.382,-25.879,-43.945,-36.133,-57.617,0.000
1728625450.386,-16.602,-31.738,-34.180,-52.246,0.000
1728625450.390,-36.133,-33.691,-34.180,-21.973,0.000
1728625450.394,-20.020,-26.855,-27.344,20.508,0.000
1728625450.398,-23.926,-27.832,-32.227,0.000,0.000
1728625450.401,-30.762,-44.434,-40.039,-55.176,0.000
1728625450.405,0.000,-36.133,-30.762,-62.988,0.000
1728625450.409,-12.207,-26.855,-31.738,-49.316,0.000
1728625450.413,-33.691,-36.621,-34.668,0.000,0.000
1728625450.417,-42.480,-38.574,-36.621,-4.395,0.000
1728625450.421,-34.180,-34.668,-41.016,-56.152,0.000
1728625450.425,-15.137,-32.715,-41.992,-64.941,0.000
1728625450.429,-38.574,-39.062,-41.992,-42.969,0.000
1728625450.433,-38.086,-43.457,-38.086,10.742,0.000
1728625450.437,-35.156,-39.551,-39.551,2.441,0.000
1728625450.440,-35.645,-42.969,-38.574,-45.410,0.000
1728625450.444,-13.184,-37.598,-34.180,-41.992,0.000
1728625450.448,-29.785,-36.621,-40.527,-28.809,0.000
1728625450.452,-30.762,-32.715,-42.969,2.930,0.000
1728625450.456,-37.109,-38.574,-47.852,1.465,0.000
1728625450.460,-41.016,-51.758,-48.340,-44.922,0.000
1728625450.464,-12.695,-35.645,-38.086,-52.734,0.000
1728625450.468,-25.391,-31.738,-41.504,-37.598,0.000
1728625450.472,-27.344,-28.809,-42.480,1.465,0.000
1728625450.476,0.000,-24.902,-38.086,5.859,0.000
1728625450.480,0.000,-33.203,-37.598,-41.992,0.000
1728625450.483,0.000,-36.621,-44.922,-54.199,0.000
1728625450.487,0.000,-40.039,-40.527,-46.387,0.000
1728625450.491,0.000,-40.039,-35.645,-14.648,0.000
1728625450.495,0.000,-40.527,-38.086,5.371,0.000
1728625450.499,0.000,-43.945,-37.109,-41.992,0.000
1728625450.503,0.000,-37.598,-31.738,-53.223,0.000
1728625450.507,0.000,-27.344,-32.227,-43.945,0.000
1728625450.511,0.000,-30.273,-31.738,-26.855,0.000
1728625450.515,0.000,-40.039,-25.391,5.371,0.000
1728625450.519,0.000,-41.016,-24.414,-28.320,0.000
1728625450.522,-30.762,-31.250,-26.855,-56.152,0.000
1728625450.526,-35.156,-43.457,-38.574,-52.246,0.000
1728625450.530,-46.875,-46.875,-39.551,-24.902,0.000
1728625450.534,-30.273,-31.250,-30.762,7.812,0.000
1728625450.538,-37.598,-40.527,-37.109,-36.133,0.000
1728625450.542,-21.973,-47.852,-41.504,-67.871,0.000
1728625450.546,-17.090,-46.387,-44.922,-51.270,0.000
1728625450.550,-35.645,-36.133,-46.875,-22.949,0.000
1728625450.554,-33.691,-20.996,-36.621,12.695,0.000
1728625450.558,-42.480,-29.785,-46.875,-14.160,0.000
1728625450.562,-31.738,-39.551,-61.035,-58.105,0.000
1728625450.565,-13.672,-31.250,-45.898,-55.664,0.000
1728625450.569,-25.879,-25.879,-38.086,-26.367,0.000
1728625450.573,-24.902,-35.156,-40.527,2.441,0.000
1728625450.577,-22.461,-41.016,-34.180,-10.742,0.000
1728625450.581,-23.926,-32.227,-30.762,-47.852,0.000
1728625450.585,-26.367,-32.227,-32.227,-42.480,0.000
1728625450.589,-47.363,-42.969,-37.598,-9.766,0.000
1728625450.593,-39.551,-44.922,-33.691,23.438,0.000
1728625450.597,-33.691,-41.992,-22.461,-2.930,0.000
1728625450.601,-12.207,-30.273,-21.484,-61.523,0.000
1728625450.604,-5.371,-40.039,-25.879,-62.988,0.000
1728625450.608,-26.367,-46.875,-26.367,-28.320,0.000
1728625450.612,-18.555,-21.484,-23.926,20.996,0.000
1728625450.616,0.000,-20.508,-29.297,7.324,0.000
1728625450.620,0.000,-42.969,-39.062,-54.688,0.000
1728625450.624,0.000,-44.434,-43.945,-69.824,0.000
1728625450.628,0.000,-32.227,-36.621,-49.805,0.000
1728625450.632,0.000,-28.320,-29.785,-1.465,0.000
1728625450.636,0.000,-42.969,-37.109,-7.324,0.000
1728625450.639,0.000,-43.945,-42.480,-58.594,0.000
1728625450.643,0.000,-27.344,-39.551,-65.918,0.000
1728625450.647,0.000,-35.156,-43.457,-61.035,0.000
1728625450.651,0.000,-44.922,-39.551,-12.695,0.000
1728625450.655,0.000,-40.039,-32.715,-1.953,0.000
1728625450.659,0.000,-30.273,-37.109,-49.316,0.000
1728625450.663,-43.457,-25.879,-36.621,-44.922,0.000
1728625450.666,-38.574,-36.621,-37.598,-39.551,0.000
1728625450.670,-20.020,-36.621,-35.645,-11.719,0.000
1728625450.674,-49.805,-28.809,-37.109,8.789,0.000
1728625450.678,-39.062,-37.598,-41.992,-43.457,0.000
1728625450.682,-38.574,-38.086,-41.504,-62.500,0.000
1728625450.686,-35.156,-31.250,-41.016,-51.758,0.000
1728625450.690,-8.789,-29.785,-35.156,-21.973,0.000
1728625450.694,-35.645,-31.738,-33.203,1.953,0.000
1728625450.698,-45.410,-40.039,-45.898,-35.645,0.000
1728625450.702,-41.016,-40.039,-46.387,-64.941,0.000
1728625450.706,-35.645,-34.668,-36.621,-52.734,0.000
1728625450.709,-50.781,-41.016,0.000,-20.020,0.000
1728625450.713,-43.945,-39.062,0.000,3.418,0.000
1728625450.717,-41.016,-38.574,0.000,-33.691,0.000
1728625450.721,-26.367,-43.457,0.000,-58.594,0.000
1728625450.725,-39.551,-40.527,0.000,-46.875,0.000
1728625450.729,-52.734,-39.551,0.000,-18.066,0.000
1728625450.733,-25.391,-32.715,0.000,19.043,0.000
1728625450.737,-33.203,-31.738,0.000,-21.484,0.000
1728625450.741,-27.832,-45.898,0.000,-60.547,0.000
1728625450.745,-18.066,-49.316,0.000,-48.828,0.000
1728625450.749,-47.363,-34.668,0.000,-20.508,0.000
1728625450.752,-43.945,-32.715,0.000,5.859,0.000
1728625450.756,-44.434,-48.828,-37.109,-20.508,0.000
1728625450.760,-31.738,-54.199,-38.086,-50.293,0.000
1728625450.764,-13.672,-35.645,-40.527,-47.852,0.000
1728625450.768,-47.852,-39.062,-42.969,-28.809,0.000
1728625450.772,-51.270,-42.480,-43.457,0.000,0.000
1728625450.776,-40.527,-43.945,-43.457,-8.301,0.000
1728625450.780,-36.133,-49.805,-44.434,-59.082,0.000
1728625450.784,-21.973,-31.738,-38.086,-63.477,0.000
1728625450.788,-54.688,-36.133,-37.598,-18.066,0.000
1728625450.792,-58.594,-38.086,-33.203,21.484,0.000
1728625450.795,-30.273,-35.156,-24.902,0.977,0.000
1728625450.799,-14.648,-32.227,-27.832,-41.992,0.000
1728625450.803,-8.301,-24.414,-33.203,-52.246,0.000
1728625450.807,-40.527,-38.086,-41.504,-55.664,0.000
1728625450.811,-34.180,-39.062,-39.062,-15.137,0.000
1728625450.815,-17.578,-30.273,-40.039,0.488,0.000
1728625450.819,-21.484,-27.344,-46.387,-52.246,0.000
1728625450.823,-6.348,-24.902,-43.457,-73.242,0.000
1728625450.827,-30.762,-33.203,-41.016,-47.363,0.000
1728625450.831,-44.434,-42.480,-34.668,6.836,0.000
1728625450.835,-43.945,-38.574,-32.227,7.812,0.000
1728625450.838,-43.457,-32.715,-39.551,-53.223,0.000
1728625450.842,-25.391,-33.691,-44.434,-69.336,0.000
1728625450.846,-41.992,-33.691,-40.527,-49.805,0.000
1728625450.850,-40.039,-26.855,-37.598,-7.812,0.000
1728625450.854,-33.691,-27.344,-37.109,-1.953,0.000
1728625450.858,-41.016,-36.133,-38.086,-44.922,0.000
1728625450.862,-10.742,-23.926,-35.156,-62.988,0.000
1728625450.866,-17.578,-13.184,-34.180,-53.711,0.000
1728625450.870,-33.203,-27.344,-35.156,-5.859,0.000
1728625450.874,-25.391,-37.109,-35.645,1.953,0.000
1728625450.877,-36.621,-41.016,-41.016,-42.480,0.000
1728625450.881,-33.691,-42.480,-39.551,-53.223,0.000
1728625450.885,-45.410,-41.504,-36.133,-47.363,0.000
1728625450.889,-37.598,-27.832,-30.762,-14.648,0.000
1728625450.893,-23.926,-16.113,-32.227,1.953,0.000
1728625450.897,-37.598,-31.250,-43.945,-49.316,0.000
1728625450.901,-18.066,-32.227,-45.898,-79.590,0.000
1728625450.905,-16.113,-31.738,-43.945,-65.918,0.000
1728625450.909,-36.133,-33.691,-44.922,-30.762,0.000
1728625450.913,-33.691,-31.250,-36.621,-1.465,0.000
1728625450.917,-37.109,-40.039,-39.062,-31.250,0.000
1728625450.920,-22.461,-39.551,-41.504,-56.152,0.000
1728625450.924,-13.184,-34.668,-42.480,-51.270,0.000
1728625450.928,-23.926,-30.273,-41.992,-32.227,0.000
1728625450.932,-11.230,-32.715,-39.062,6.348,0.000
1728625450.936,-38.574,-39.551,-45.410,-12.695,0.000
1728625450.940,-48.340,-37.109,-45.898,-39.551,0.000
1728625450.944,-15.137,-26.367,-38.574,-43.945,0.000
1728625450.948,-18.555,-25.879,-39.062,-27.832,0.000
1728625450.952,-24.414,-31.250,-41.504,15.137,0.000
1728625450.956,-30.762,-32.227,-46.387,-6.836,0.000
1728625450.960,-18.555,-35.645,-49.805,-50.293,0.000
1728625450.963,-10.742,-36.133,-52.734,-53.711,0.000
1728625450.967,-37.109,-40.527,-53.223,-34.668,0.000
1728625450.971,-28.809,-34.668,-39.062,8.301,0.000
1728625450.975,-20.020,-26.855,-38.086,-13.184,0.000
1728625450.979,-29.785,-38.086,-49.805,-63.477,0.000
1728625450.983,-28.320,-38.086,-47.852,-58.594,0.000
1728625450.987,-44.922,-31.250,-44.922,-36.621,0.000
1728625450.991,-33.691,-30.273,-40.039,9.277,0.000
1728625450.995,-28.809,-42.480,-41.992,8.789,0.000
1728625450.999,-29.297,-43.457,-47.363,-38.086,0.000
1728625451.002,-2.930,-34.180,-41.504,-53.711,0.000
1728625451.006,-25.391,-39.062,-48.828,-44.434,0.000
1728625451.010,-37.109,-37.109,-49.805,-0.488,0.000
1728625451.014,-25.879,-24.414,-45.898,-1.465,0.000
1728625451.018,-26.367,-30.762,-43.457,-42.969,0.000
1728625451.022,-17.090,-32.227,-34.180,-43.457,0.000
1728625451.026,-31.250,-33.691,-37.109,-41.016,0.000
1728625451.030,-37.598,-37.109,-39.551,-11.719,0.000
1728625451.034,-24.414,-28.320,-34.668,2.441,0.000
1728625451.038,0.000,-26.855,-42.969,-51.758,0.000
1728625451.042,0.000,-36.621,-46.875,-70.312,0.000
1728625451.046,0.000,-41.016,-43.457,-57.129,0.000
1728625451.049,0.000,-32.227,-40.039,-10.742,0.000
1728625451.053,0.000,-25.391,-36.133,17.090,0.000
1728625451.057,0.000,-32.715,-40.039,-43.945,0.000
1728625451.061,0.000,-41.992,-41.992,-73.242,0.000
1728625451.065,0.000,-31.250,-38.086,-53.711,0.000
1728625451.069,0.000,-28.809,-41.016,-19.531,0.000
1728625451.073,0.000,-34.180,-43.457,3.906,0.000
1728625451.077,0.000,-36.133,-44.922,-29.785,0.000
1728625451.081,0.000,-25.879,-38.086,-49.805,0.000
1728625451.084,-26.367,-26.367,-38.086,-42.480,0.000
1728625451.088,-13.184,-39.062,-43.945,-12.207,0.000
1728625451.092,-20.996,-36.133,-38.086,14.648,0.000
1728625451.096,-28.809,-33.691,-41.992,-22.461,0.000
1728625451.100,-23.926,-34.668,-49.316,-61.523,0.000
1728625451.104,-35.645,-40.039,-45.898,-47.852,0.000
1728625451.108,-22.949,-28.809,-40.039,-8.301,0.000
1728625451.112,-26.855,-20.996,-32.715,17.090,0.000
1728625451.115,-27.344,-41.504,-40.039,-14.160,0.000
1728625451.119,-17.090,-49.316,-46.387,-45.898,0.000
1728625451.123,-30.273,-32.227,-41.992,-49.316,0.000
1728625451.127,-7.324,-33.203,-37.109,-30.273,0.000
1728625451.131,-39.062,-40.039,-33.691,4.395,0.000
1728625451.135,-40.039,-43.945,-38.574,-13.672,0.000
1728625451.139,-28.809,-49.805,-44.434,-50.781,0.000
1728625451.143,-19.043,-45.410,-44.434,-54.688,0.000
1728625451.147,-33.203,-46.875,-40.039,-30.762,0.000
1728625451.151,-34.180,-52.246,-31.250,10.254,0.000
1728625451.155,-45.410,-45.898,-29.785,-0.977,0.000
1728625451.158,-34.180,-35.156,-34.668,-50.781,0.000
1728625451.162,-16.602,-39.551,-39.062,-66.895,0.000
1728625451.166,-40.039,-49.805,-40.039,-53.223,0.000
1728625451.170,-25.391,-41.016,-32.715,-6.348,0.000
1728625451.174,-29.297,-26.367,-29.297,-4.395,0.000
1728625451.178,0.000,-39.062,-40.039,-48.340,0.000
1728625451.182,0.000,-45.410,-41.016,-48.828,0.000
1728625451.186,0.000,-39.551,-37.598,-27.832,0.000
1728625451.190,0.000,-31.738,-32.715,4.883,0.000
1728625451.194,0.000,-32.227,-27.832,5.859,0.000
1728625451.198,0.000,-41.504,-37.109,-39.551,0.000
1728625451.201,0.000,-34.180,-45.410,-73.242,0.000
1728625451.205,0.000,-39.062,-46.875,-49.316,0.000
1728625451.209,0.000,-46.387,-44.922,7.812,0.000
1728625451.213,0.000,-41.504,-44.922,4.395,0.000
1728625451.217,0.000,-50.781,-47.363,-52.734,0.000
1728625451.221,0.000,-46.875,-45.898,-65.918,0.000
1728625451.225,-37.598,-41.016,-48.828,-50.781,0.000
1728625451.229,-44.434,-44.922,-43.945,-13.672,0.000
1728625451.233,-36.133,-41.016,-37.109,0.000,0.000
1728625451.237,-42.480,-41.992,-43.457,-49.316,0.000
1728625451.240,-23.926,-35.156,-45.410,-59.570,0.000
1728625451.244,-32.715,-39.551,-52.734,-43.945,0.000
1728625451.248,-47.363,-38.086,-49.805,-14.648,0.000
1728625451.252,-18.555,-28.320,-39.062,3.418,0.000
1728625451.256,-21.484,-27.832,-32.715,-21.484,0.000
1728625451.260,-17.090,-25.391,-29.297,-48.828,0.000
1728625451.264,-16.113,-35.645,-39.062,-45.898,0.000
1728625451.268,-29.785,-31.738,-32.715,-12.695,0.000
1728625451.272,-13.184,-35.645,-25.879,11.230,0.000
1728625451.276,-24.902,-42.480,-33.203,-34.180,0.000
1728625451.280,-15.137,-40.039,-36.133,-59.082,0.000
1728625451.283,-4.883,-39.551,-34.180,-40.527,0.000
1728625451.287,-35.156,-36.621,-30.273,-23.926,0.000
1728625451.291,-30.762,-35.156,-33.203,-3.418,0.000
1728625451.295,-14.648,-37.598,-46.387,-20.020,0.000
1728625451.299,-7.812,-39.551,-42.969,-40.527,0.000
1728625451.303,-15.625,-38.574,-37.598,-48.340,0.000
1728625451.307,-44.434,-38.574,-41.016,-37.109,0.000
1728625451.311,-37.598,-43.457,-41.504,3.906,0.000
1728625451.315,-25.391,-49.316,-39.551,-23.438,0.000
1728625451.319,-18.066,-41.992,-41.992,-66.895,0.000
1728625451.322,-16.113,-35.645,-43.457,-60.059,0.000
1728625451.326,-40.039,-35.156,-33.691,-34.180,0.000
1728625451.330,-26.367,-37.598,-28.809,7.812,0.000
1728625451.334,-12.695,-45.898,-34.668,-7.812,0.000
1728625451.338,-6.348,-52.734,-39.551,-38.086,0.000
1728625451.342,-9.277,-52.246,-43.945,-39.551,0.000
1728625451.346,-48.340,-47.852,-42.969,-31.738,0.000
1728625451.350,-29.785,-36.621,-29.297,2.441,0.000
1728625451.354,-17.578,-29.297,-36.133,2.441,0.000
1728625451.358,-38.086,-46.875,-44.434,-53.711,0.000
1728625451.361,-20.508,-44.922,-41.504,-71.289,0.000
1728625451.365,-26.855,-41.016,-48.828,-50.781,0.000
1728625451.369,-25.391,-47.852,-43.945,-16.113,0.000
1728625451.373,-32.715,-40.039,-38.574,-10.254,0.000
1728625451.377,-45.410,-37.109,-39.551,-47.363,0.000
1728625451.381,-22.949,-35.156,-36.621,-52.246,0.000
1728625451.385,-37.109,-41.992,-40.039,-22.949,0.000
1728625451.389,-50.781,-44.434,-37.598,11.719,0.000
1728625451.393,-37.109,-30.762,-37.598,5.371,0.000
1728625451.397,-36.133,-37.109,-40.039,-47.852,0.000
1728625451.400,-21.484,-47.852,-43.457,-63.965,0.000
1728625451.404,-42.480,-43.945,-48.828,-54.199,0.000
1728625451.408,-47.852,-32.227,-46.387,-22.461,0.000
1728625451.412,-14.648,-26.367,0.000,4.883,0.000
1728625451.416,-19.043,-34.180,0.000,-32.227,0.000
1728625451.420,-12.695,-37.598,0.000,-61.035,0.000
1728625451.424,-17.090,-41.016,0.000,-47.852,0.000
1728625451.428,-45.410,-36.621,0.000,-0.488,0.000
1728625451.432,-41.992,-39.551,0.000,32.715,0.000
1728625451.436,-33.691,-43.945,0.000,-13.672,0.000
1728625451.440,-10.254,-33.691,0.000,-48.828,0.000
1728625451.444,-23.438,-38.086,0.000,-53.223,0.000
1728625451.447,-36.133,-42.480,0.000,-22.949,0.000
1728625451.451,-26.367,-29.785,0.000,0.977,0.000
1728625451.455,-50.293,-28.320,0.000,-44.434,0.000
1728625451.459,-31.738,-38.086,-56.641,-77.637,0.000
1728625451.463,-27.832,-47.852,-62.500,-74.219,0.000
1728625451.467,-62.012,-37.109,-45.410,-42.969,0.000
1728625451.471,-53.711,-27.832,-28.320,3.418,0.000
1728625451.475,-41.504,-36.621,-32.227,-20.508,0.000
1728625451.479,-19.531,-42.480,-41.992,-59.082,0.000
1728625451.483,-13.184,-35.645,-39.062,-57.617,0.000
1728625451.487,-41.504,-27.344,-33.691,-33.691,0.000
1728625451.490,-24.414,-31.738,-36.133,5.371,0.000
1728625451.494,-20.020,-40.527,-42.480,-12.695,0.000
1728625451.498,-20.508,-31.250,-41.504,-67.383,0.000
1728625451.502,-14.160,-33.203,-38.086,-66.406,0.000
