timestamps,TP9,AF7,AF8,TP10,Right AUX
1728632043.989,-42.969,-34.180,-35.156,-40.039,0.000
1728632043.993,-51.758,-32.227,-42.969,-50.781,0.000
1728632043.996,-30.762,-26.367,-43.945,-48.340,0.000
1728632044.000,-19.043,-32.715,-36.133,-36.621,0.000
1728632044.004,-35.156,-31.738,-31.250,-34.668,0.000
1728632044.008,-52.734,-33.203,-38.086,-38.086,0.000
1728632044.012,-56.152,-39.062,-42.969,-43.945,0.000
1728632044.016,-47.852,-41.016,-38.574,-41.992,0.000
1728632044.020,-43.945,-44.434,-31.738,-26.855,0.000
1728632044.024,-44.922,-45.898,-38.086,-26.855,0.000
1728632044.028,-52.246,-39.551,-44.434,-39.551,0.000
1728632044.032,-58.594,-33.691,-41.992,-51.270,0.000
1728632044.035,-37.109,-27.832,-43.945,-44.434,0.000
1728632044.039,-14.160,-30.273,-46.875,-36.133,0.000
1728632044.043,-30.273,-30.273,-45.410,-45.898,0.000
1728632044.046,-47.852,-29.297,-41.504,-41.992,0.000
1728632044.050,-50.781,-37.598,-46.875,-42.969,0.000
1728632044.054,-49.805,-39.551,-62.012,-48.828,0.000
1728632044.058,-34.180,-33.691,-56.152,-49.316,0.000
1728632044.062,-23.926,-35.645,-48.340,-42.480,0.000
1728632044.066,-36.621,-38.086,-54.199,-42.480,0.000
1728632044.070,-49.316,-38.574,-50.293,-51.270,0.000
1728632044.074,-30.273,-34.668,-41.992,-48.340,0.000
1728632044.078,-16.113,-22.949,-33.691,-36.621,0.000
1728632044.082,-30.273,-18.555,-27.832,-26.367,0.000
1728632044.086,-40.527,-28.809,-32.715,-30.273,0.000
1728632044.090,-54.688,-39.551,-38.574,-40.527,0.000
1728632044.094,-57.129,-34.668,-37.598,-44.922,0.000
1728632044.098,-36.133,-28.320,-36.621,-43.457,0.000
1728632044.102,-16.602,-29.785,-31.250,-25.879,0.000
1728632044.106,-28.320,-24.414,-26.367,-17.090,0.000
1728632044.109,-55.176,-36.133,-29.785,-36.133,0.000
1728632044.113,-49.805,-45.898,-32.227,-37.109,0.000
1728632044.117,-32.227,-36.621,-35.645,-22.949,0.000
1728632044.121,-24.414,-27.344,-32.715,-36.133,0.000
1728632044.125,-34.180,-24.414,-31.250,-32.227,0.000
1728632044.129,-54.688,-34.668,-36.133,-32.227,0.000
1728632044.133,-38.574,-51.758,-32.227,-48.828,0.000
1728632044.137,-22.461,-52.246,-34.180,-43.945,0.000
1728632044.141,-28.809,-41.504,-28.809,-28.809,0.000
1728632044.145,-34.180,-43.457,-24.414,-29.785,0.000
1728632044.149,-48.828,-47.363,-31.250,-42.480,0.000
1728632044.153,-44.434,-44.434,-32.715,-36.621,0.000
1728632044.157,-28.809,-33.203,-33.203,-27.832,0.000
1728632044.161,-20.996,-25.391,-34.180,-25.879,0.000
1728632044.164,-25.391,-26.855,-25.879,-18.066,0.000
1728632044.168,-43.945,-32.227,-25.879,-21.484,0.000
1728632044.172,-46.387,-32.715,-34.668,-34.668,0.000
1728632044.176,-24.902,-36.133,-32.227,-25.391,0.000
1728632044.180,-13.184,-32.715,-23.438,-14.648,0.000
1728632044.184,-28.809,-25.391,-21.973,-23.438,0.000
1728632044.188,-48.340,-25.391,-29.785,-33.691,0.000
1728632044.192,-57.129,-24.414,-36.133,-44.922,0.000
1728632044.196,-42.969,-25.391,-38.086,-42.969,0.000
1728632044.200,-20.508,-24.414,-37.109,-35.156,0.000
1728632044.204,-23.926,-23.438,-33.203,-34.180,0.000
1728632044.207,-34.668,-27.344,-40.039,-27.344,0.000
1728632044.211,-48.828,-30.273,-41.992,-36.621,0.000
1728632044.215,-51.758,-34.668,-43.945,-40.039,0.000
1728632044.219,-30.762,-31.250,-43.457,-32.715,0.000
1728632044.223,-30.762,-34.668,-36.621,-35.156,0.000
1728632044.227,-60.547,-40.527,-33.203,-42.480,0.000
1728632044.231,-70.312,-31.250,-29.785,-51.758,0.000
1728632044.235,-52.734,-36.133,-30.273,-55.176,0.000
1728632044.239,-34.180,-41.992,-27.832,-38.086,0.000
1728632044.242,-38.574,-42.480,-27.832,-35.645,0.000
1728632044.246,-46.387,-39.551,-35.156,-44.922,0.000
1728632044.250,-61.523,-35.156,-37.598,-42.969,0.000
1728632044.254,-52.734,-27.344,-32.227,-35.156,0.000
1728632044.258,-21.973,-16.113,-29.297,-26.367,0.000
1728632044.262,-13.184,-27.344,-31.738,-23.926,0.000
1728632044.266,-28.809,-38.086,-29.297,-24.414,0.000
1728632044.269,-38.086,-39.062,-25.879,-39.551,0.000
1728632044.273,-37.598,-40.527,-24.414,-54.688,0.000
1728632044.277,-28.320,-33.691,-31.738,-33.691,0.000
1728632044.281,-19.043,-29.297,-39.551,-20.996,0.000
1728632044.285,-30.762,-24.902,-36.621,-26.855,0.000
1728632044.289,-37.598,-25.879,-33.691,-35.645,0.000
1728632044.293,-26.367,-32.227,-23.926,-30.762,0.000
1728632044.297,-5.371,-27.344,-18.555,-13.184,0.000
1728632044.301,-13.672,-18.066,-22.949,-23.438,0.000
1728632044.305,-35.156,-21.484,-31.738,-33.691,0.000
1728632044.309,-47.852,-26.367,-44.922,-35.156,0.000
1728632044.312,-48.340,-25.391,-39.551,-45.410,0.000
1728632044.316,-24.414,-23.926,-23.926,-30.762,0.000
1728632044.320,0.977,-15.625,-20.020,-12.207,0.000
1728632044.324,-4.395,-15.137,-31.738,-21.484,0.000
1728632044.328,-33.203,-31.738,-34.668,-52.734,0.000
1728632044.331,-49.316,-34.180,-32.227,-61.035,0.000
1728632044.335,-23.438,-22.949,-41.504,-42.969,0.000
1728632044.339,5.371,-22.949,-41.992,-32.715,0.000
1728632044.343,-12.695,-34.180,-30.273,-30.762,0.000
1728632044.347,-34.668,-39.551,-41.016,-45.898,0.000
1728632044.351,-36.621,-45.410,-50.781,-44.922,0.000
1728632044.355,-38.086,-45.898,-42.969,-48.340,0.000
1728632044.359,-32.715,-37.109,-40.527,-53.711,0.000
1728632044.363,-33.203,-42.480,-45.898,-41.992,0.000
1728632044.367,-41.504,-45.410,-45.410,-46.875,0.000
1728632044.371,-40.039,-35.645,-50.781,-50.781,0.000
1728632044.375,-41.016,-30.273,-57.617,-41.992,0.000
1728632044.379,-19.531,-33.691,-54.688,-34.180,0.000
1728632044.383,-5.859,-47.363,-55.664,-27.344,0.000
1728632044.387,-44.434,-43.457,-59.570,-25.391,0.000
1728632044.391,-75.684,-17.090,-51.270,-28.320,0.000
1728632044.395,-61.523,-15.625,-36.621,-30.762,0.000
1728632044.399,-34.668,-29.297,-40.039,-33.691,0.000
1728632044.402,-33.691,-32.715,-51.270,-33.203,0.000
1728632044.406,-43.457,-31.738,-57.129,-30.762,0.000
1728632044.411,-40.527,-18.555,-61.035,-30.762,0.000
1728632044.415,-31.250,-16.113,-59.570,-28.809,0.000
1728632044.419,-20.996,-30.762,-50.293,-25.391,0.000
1728632044.423,-22.461,-33.203,-39.062,-31.250,0.000
1728632044.426,-41.992,-26.855,-52.246,-31.250,0.000
1728632044.430,-50.781,-37.109,-63.477,-28.809,0.000
1728632044.434,-49.316,-41.992,-54.199,-39.551,0.000
1728632044.438,-39.551,-32.227,-39.551,-41.992,0.000
1728632044.442,-28.809,-34.180,-31.738,-38.574,0.000
1728632044.446,-39.062,-36.133,-33.203,-39.551,0.000
1728632044.450,-58.594,-28.809,-35.156,-30.762,0.000
1728632044.454,-52.246,-28.809,-29.785,-32.715,0.000
1728632044.458,-34.668,-41.992,-33.203,-38.086,0.000
1728632044.462,-33.691,-52.246,-41.016,-39.062,0.000
1728632044.466,-56.152,-42.969,-47.363,-48.340,0.000
1728632044.470,-63.477,-36.133,-46.387,-46.875,0.000
1728632044.474,-47.852,-33.203,-34.668,-31.250,0.000
1728632044.478,-33.691,-27.832,-34.180,-27.344,0.000
1728632044.482,-30.273,-30.762,-35.645,-36.133,0.000
1728632044.485,-43.457,-39.062,-35.645,-36.621,0.000
1728632044.489,-51.758,-50.781,-44.434,-35.156,0.000
1728632044.493,-43.945,-52.734,-50.293,-35.645,0.000
1728632044.497,-27.832,-33.203,-40.527,-30.762,0.000
1728632044.501,-7.812,-23.926,-31.250,-29.297,0.000
1728632044.505,-8.301,-40.039,-38.086,-24.414,0.000
1728632044.509,-37.109,-34.668,-44.922,-28.809,0.000
1728632044.513,-41.992,-20.996,-38.574,-38.086,0.000
1728632044.517,-17.090,-23.438,-34.180,-27.344,0.000
1728632044.521,-4.883,-30.762,-37.598,-16.602,0.000
1728632044.525,-21.484,-28.809,-34.668,-21.973,0.000
1728632044.529,-49.316,-31.738,-36.621,-37.598,0.000
1728632044.532,-55.664,-40.527,-39.551,-40.527,0.000
1728632044.536,-28.320,-36.133,-31.738,-26.367,0.000
1728632044.540,-4.883,-35.156,-25.879,-24.902,0.000
1728632044.544,-32.227,-44.434,-26.367,-37.598,0.000
1728632044.548,-51.270,-41.992,-24.902,-31.250,0.000
1728632044.552,-65.430,-36.133,-24.414,-48.828,0.000
1728632044.556,-55.664,-29.785,-25.391,-54.199,0.000
1728632044.560,-35.156,-25.879,-20.996,-49.316,0.000
1728632044.564,-56.641,-36.621,-44.434,-71.289,0.000
1728632044.568,-52.246,-37.109,-63.965,-57.129,0.000
1728632044.571,-66.895,-49.805,-30.273,-76.660,0.000
1728632044.575,-62.500,-50.293,-36.621,-71.777,0.000
1728632044.579,-6.836,-33.691,-75.195,-12.695,0.000
1728632044.583,2.930,-41.504,-68.359,-12.695,0.000
1728632044.587,-47.852,-48.828,-72.754,-67.871,0.000
1728632044.591,-73.730,-36.621,-87.891,-66.895,0.000
1728632044.595,-70.312,-28.320,-107.422,-52.734,0.000
1728632044.599,-59.570,-30.762,-172.363,-58.105,0.000
1728632044.603,-8.789,-10.742,-229.980,-10.742,0.000
1728632044.606,-29.785,-22.949,-262.695,-18.555,0.000
1728632044.610,-77.637,-46.875,-323.730,-53.223,0.000
1728632044.614,-34.668,-21.484,-446.289,-27.344,0.000
1728632044.618,-14.648,-24.414,-554.688,-19.531,0.000
1728632044.622,-31.738,-56.152,-654.297,-61.035,0.000
1728632044.626,-31.738,-55.176,-806.641,-52.246,0.000
1728632044.630,-27.832,-33.203,-957.031,-18.066,0.000
1728632044.634,-39.062,-39.062,-1000.000,-48.828,0.000
1728632044.638,-27.832,-47.363,-997.070,-42.969,0.000
1728632044.642,-19.531,-37.598,-1000.000,-12.695,0.000
1728632044.645,-26.855,-26.855,-1000.000,-27.344,0.000
1728632044.649,-33.203,-28.320,-1000.000,-37.598,0.000
1728632044.653,-45.410,-38.086,-1000.000,-36.133,0.000
1728632044.657,-39.062,-47.363,-1000.000,-37.598,0.000
1728632044.661,-22.461,-45.410,-1000.000,-32.227,0.000
1728632044.665,-28.320,-42.480,-1000.000,-36.621,0.000
1728632044.669,-43.457,-50.781,-1000.000,-39.062,0.000
1728632044.672,-60.547,-70.312,-1000.000,-50.293,0.000
1728632044.676,-41.504,-65.430,-1000.000,-45.898,0.000
1728632044.680,-4.395,-59.082,-1000.000,-27.832,0.000
1728632044.684,-15.625,-59.570,-1000.000,-16.602,0.000
1728632044.688,-38.086,-48.340,-1000.000,-20.020,0.000
1728632044.691,-35.156,-45.898,-1000.000,-39.551,0.000
1728632044.695,-29.785,-49.805,-1000.000,-54.199,0.000
1728632044.699,-15.137,-52.246,-1000.000,-41.992,0.000
1728632044.703,-30.273,-46.875,-979.980,-26.367,0.000
1728632044.707,-54.688,-40.527,-958.496,-27.344,0.000
1728632044.711,-54.199,-41.504,-938.477,-41.016,0.000
1728632044.715,-32.227,-40.527,-893.555,-42.480,0.000
1728632044.719,-4.883,-37.109,-848.633,-25.879,0.000
1728632044.723,-12.207,-38.086,-802.734,-23.438,0.000
1728632044.727,-26.367,-37.598,-762.207,-32.227,0.000
1728632044.731,-36.133,-28.809,-729.004,-25.879,0.000
1728632044.734,-22.461,-30.762,-672.852,-23.926,0.000
1728632044.739,-12.207,-49.805,-621.582,-26.855,0.000
1728632044.743,-30.273,-53.223,-592.285,-20.996,0.000
1728632044.747,-45.410,-46.387,-564.453,-28.320,0.000
1728632044.751,-47.363,-35.156,-482.422,-45.898,0.000
1728632044.755,-31.738,-32.715,-376.465,-49.805,0.000
1728632044.759,-13.184,-37.598,-314.453,-35.645,0.000
1728632044.762,-18.555,-38.574,-270.508,-26.367,0.000
1728632044.766,-34.668,-41.504,-231.445,-37.598,0.000
1728632044.770,-42.480,-35.645,-200.195,-40.527,0.000
1728632044.774,-20.020,-24.902,-129.883,-20.996,0.000
1728632044.778,-11.230,-33.203,12.695,-15.625,0.000
1728632044.782,-26.367,-46.387,270.508,-23.438,0.000
1728632044.785,-33.691,-53.711,451.172,-34.668,0.000
1728632044.789,-37.598,-52.246,613.770,-44.434,0.000
1728632044.793,-32.227,-39.062,806.152,-46.875,0.000
1728632044.797,-19.531,-32.715,907.227,-38.574,0.000
1728632044.801,-9.766,-29.297,955.078,-31.738,0.000
1728632044.805,-16.113,-26.855,967.773,-27.832,0.000
1728632044.808,-37.598,-34.180,964.844,-34.668,0.000
1728632044.812,-28.320,-36.621,964.844,-36.133,0.000
1728632044.816,-6.348,-36.133,967.285,-24.902,0.000
1728632044.820,-15.625,-40.039,964.355,-22.461,0.000
1728632044.824,-31.738,-46.387,917.480,-18.555,0.000
1728632044.828,-45.898,-43.457,874.512,-31.250,0.000
1728632044.832,-42.480,-26.367,0.000,-33.203,0.000
1728632044.836,-26.855,-20.020,0.000,-18.066,0.000
1728632044.840,-11.719,-20.020,0.000,-17.578,0.000
1728632044.844,-26.367,-28.320,0.000,-26.367,0.000
1728632044.848,-53.711,-36.621,0.000,-34.180,0.000
1728632044.852,-56.641,-34.180,0.000,-41.504,0.000
1728632044.856,-33.203,-30.273,0.000,-33.691,0.000
1728632044.860,-16.602,-26.855,0.000,-15.137,0.000
1728632044.864,-10.742,-30.762,0.000,-0.977,0.000
1728632044.868,-22.949,-39.551,0.000,-4.883,0.000
1728632044.871,-42.480,-32.227,0.000,-20.996,0.000
1728632044.875,-30.762,-34.668,0.000,-10.742,0.000
1728632044.879,-14.648,-55.664,500.977,-13.672,0.000
1728632044.883,-36.621,-45.410,486.816,-30.762,0.000
1728632044.887,-54.199,-26.855,461.914,-36.621,0.000
1728632044.891,-45.410,-29.297,432.129,-34.668,0.000
1728632044.895,-25.391,-34.180,404.785,-31.738,0.000
1728632044.899,-14.160,-26.855,365.723,-25.391,0.000
1728632044.903,-22.949,-22.949,326.660,-23.438,0.000
1728632044.907,-35.156,-28.320,299.316,-30.273,0.000
1728632044.911,-41.992,-36.133,276.367,-34.180,0.000
1728632044.915,-34.180,-32.715,261.230,-31.738,0.000
1728632044.919,-7.324,-25.879,257.812,-23.438,0.000
1728632044.922,-0.488,-28.809,263.184,-34.180,0.000
1728632044.926,-24.414,-33.203,290.527,-40.527,0.000
1728632044.930,-41.504,-41.992,304.688,-42.969,0.000
1728632044.934,-38.086,-38.086,299.805,-42.480,0.000
1728632044.938,-23.438,-33.203,291.016,-33.691,0.000
1728632044.942,-19.531,-36.133,278.809,-35.156,0.000
1728632044.946,-32.715,-28.809,279.785,-44.922,0.000
1728632044.950,-36.133,-25.391,279.297,-39.551,0.000
1728632044.954,-29.297,-34.180,261.230,-27.832,0.000
1728632044.958,-18.555,-38.086,239.258,-19.531,0.000
1728632044.962,-23.438,-34.668,222.168,-27.832,0.000
1728632044.965,-46.387,-27.344,194.336,-39.062,0.000
1728632044.969,-55.176,-20.996,169.434,-40.527,0.000
1728632044.973,-50.293,-22.949,160.156,-36.621,0.000
1728632044.977,-40.039,-20.508,145.508,-40.527,0.000
1728632044.981,-20.996,-23.438,133.301,-34.668,0.000
1728632044.985,-27.344,-35.645,129.883,-31.738,0.000
1728632044.989,-47.852,-34.180,112.793,-47.852,0.000
1728632044.993,-51.758,-33.203,87.891,-43.457,0.000
1728632044.997,-36.621,-46.875,93.262,-33.203,0.000
1728632045.000,-21.484,-47.363,102.051,-40.039,0.000
1728632045.004,-29.785,-35.156,87.891,-37.109,0.000
1728632045.008,-48.340,-37.109,81.543,-47.852,0.000
1728632045.012,-49.805,-31.738,86.914,-57.617,0.000
1728632045.016,-34.180,-30.273,80.566,-50.781,0.000
1728632045.020,-22.949,-31.250,65.918,-40.039,0.000
1728632045.024,-29.297,-27.344,61.523,-31.738,0.000
1728632045.028,-44.922,-33.691,68.848,-36.133,0.000
1728632045.031,-51.758,-47.852,76.172,-36.621,0.000
1728632045.035,-30.762,-42.480,87.402,-28.809,0.000
1728632045.039,-26.855,-39.062,87.402,-25.879,0.000
1728632045.043,-42.969,-42.480,77.148,-35.645,0.000
1728632045.047,-48.828,-32.227,59.082,-43.945,0.000
1728632045.051,-40.039,-31.738,50.781,-38.574,0.000
1728632045.055,-26.855,-44.922,50.293,-30.762,0.000
1728632045.059,-14.648,-48.340,46.387,-32.227,0.000
1728632045.063,-18.555,-36.133,47.363,-24.902,0.000
1728632045.066,-37.109,-30.762,35.645,-25.879,0.000
1728632045.070,-42.480,-26.855,22.461,-33.203,0.000
1728632045.074,-33.691,-24.902,12.207,-39.551,0.000
1728632045.078,-24.414,-28.809,12.207,-44.922,0.000
1728632045.082,-26.367,-22.949,29.785,-36.621,0.000
1728632045.086,-36.133,-21.484,26.855,-35.645,0.000
1728632045.090,-32.715,-30.273,17.090,-44.434,0.000
1728632045.093,-22.461,-28.809,20.020,-48.828,0.000
1728632045.097,-12.695,-29.297,25.879,-45.410,0.000
1728632045.101,-18.555,-33.691,32.715,-34.668,0.000
1728632045.105,-45.898,-31.738,25.391,-32.715,0.000
1728632045.109,-58.105,-31.250,21.973,-43.457,0.000
1728632045.114,-42.969,-27.832,27.344,-39.551,0.000
1728632045.118,-28.809,-22.461,13.184,-33.203,0.000
1728632045.121,-30.762,-21.484,4.395,-36.133,0.000
1728632045.125,-42.480,-23.438,9.277,-35.156,0.000
1728632045.129,-60.547,-31.738,12.207,-40.039,0.000
1728632045.133,-56.152,-40.527,14.648,-43.945,0.000
1728632045.137,-27.344,-37.109,13.184,-41.016,0.000
1728632045.141,-18.555,-31.250,19.043,-29.297,0.000
1728632045.145,-34.668,-33.203,16.602,-26.855,0.000
1728632045.149,-48.828,-36.621,-1.953,-40.527,0.000
1728632045.153,-49.805,-42.480,-11.230,-48.340,0.000
1728632045.157,-30.762,-46.387,-8.301,-33.691,0.000
1728632045.160,-10.742,-43.457,-2.441,-18.555,0.000
1728632045.164,-31.250,-44.922,2.441,-31.738,0.000
1728632045.168,-57.617,-47.363,4.395,-38.574,0.000
1728632045.171,-49.805,-33.691,5.859,-29.297,0.000
1728632045.175,-17.090,-18.555,4.883,-20.996,0.000
1728632045.179,-5.859,-15.137,4.883,-20.508,0.000
1728632045.183,-35.156,-26.855,-7.324,-37.598,0.000
1728632045.187,-60.547,-33.203,-19.531,-44.922,0.000
1728632045.191,-55.664,-27.344,-22.461,-43.945,0.000
1728632045.195,-25.879,-23.438,-20.996,-45.410,0.000
1728632045.199,-24.414,-19.043,-5.371,-43.945,0.000
1728632045.203,-40.039,-23.438,9.766,-44.922,0.000
1728632045.207,-49.316,-33.203,10.254,-50.781,0.000
1728632045.211,-50.781,-31.250,8.789,-50.293,0.000
1728632045.215,-36.133,-24.902,4.883,-48.828,0.000
1728632045.219,-20.996,-27.832,0.977,-41.504,0.000
1728632045.223,-25.879,-26.855,1.953,-36.133,0.000
1728632045.227,-52.734,-19.043,-0.977,-36.133,0.000
1728632045.230,-66.895,-15.137,4.883,-37.109,0.000
1728632045.234,-47.363,-20.020,7.812,-32.715,0.000
1728632045.238,-22.949,-27.344,6.836,-24.414,0.000
1728632045.242,-37.598,-33.203,6.348,-26.367,0.000
1728632045.246,-61.035,-30.762,5.859,-39.062,0.000
1728632045.250,-50.293,-29.785,9.766,-50.781,0.000
1728632045.254,-25.879,-31.738,9.277,-41.504,0.000
1728632045.258,-14.160,-24.414,3.906,-27.832,0.000
1728632045.262,-22.461,-24.902,2.441,-26.855,0.000
1728632045.266,-52.246,-31.738,-11.719,-45.410,0.000
1728632045.270,-56.641,-41.992,-18.066,-55.664,0.000
1728632045.274,-35.645,-35.156,-15.137,-50.293,0.000
1728632045.277,-27.832,-20.996,-22.949,-50.293,0.000
1728632045.281,-31.738,-19.531,-20.508,-47.363,0.000
1728632045.285,-41.504,-21.973,-20.020,-45.898,0.000
1728632045.289,-55.664,-32.227,-21.973,-55.176,0.000
1728632045.293,-53.711,-38.086,-9.277,-58.594,0.000
1728632045.297,-30.762,-29.785,-9.277,-55.176,0.000
1728632045.301,-24.902,-28.320,-18.555,-44.434,0.000
1728632045.305,-51.270,-39.062,-16.602,-37.109,0.000
1728632045.309,-68.359,-46.875,-11.230,-42.969,0.000
1728632045.313,-45.898,-46.387,-12.207,-46.875,0.000
1728632045.317,-22.949,-37.598,-11.719,-39.062,0.000
1728632045.320,-26.367,-31.738,-9.277,-34.668,0.000
1728632045.324,-35.156,-34.180,-4.883,-36.133,0.000
1728632045.328,-35.156,-30.273,-7.324,-39.062,0.000
1728632045.332,-26.367,-31.250,-15.137,-33.203,0.000
1728632045.336,-17.090,-42.480,-6.836,-29.785,0.000
1728632045.340,-12.695,-54.688,0.488,-34.180,0.000
1728632045.344,-25.391,-37.598,2.441,-31.738,0.000
1728632045.348,-50.293,-25.879,-1.953,-48.340,0.000
1728632045.352,-50.293,-29.785,-5.859,-51.270,0.000
1728632045.355,-27.832,-23.926,6.836,-33.203,0.000
1728632045.359,-12.695,-21.973,5.859,-27.832,0.000
1728632045.363,-29.785,-24.902,-3.418,-28.809,0.000
1728632045.367,-46.875,-35.156,-9.277,-32.715,0.000
1728632045.371,-41.504,-50.293,-14.160,-33.203,0.000
1728632045.375,-34.668,-55.176,-10.742,-28.809,0.000
1728632045.379,-29.785,-38.086,-3.906,-21.973,0.000
1728632045.383,-26.367,-36.621,-8.789,-19.043,0.000
1728632045.387,-34.668,-34.180,-19.043,-30.762,0.000
1728632045.391,-38.086,-15.137,-18.066,-33.691,0.000
1728632045.394,-30.762,-13.184,-9.277,-19.043,0.000
1728632045.398,-23.926,-29.297,-3.906,-12.207,0.000
1728632045.402,-26.855,-40.039,-7.324,-19.531,0.000
1728632045.406,-32.227,-35.156,-10.742,-21.484,0.000
1728632045.410,-40.039,-32.227,-11.719,-20.508,0.000
1728632045.414,-34.180,-39.551,-11.719,-18.066,0.000
1728632045.418,-12.695,-39.551,-14.160,-20.020,0.000
1728632045.422,-15.137,-38.086,-14.160,-16.602,0.000
1728632045.425,-41.992,-29.297,-19.531,-19.531,0.000
1728632045.429,-44.922,-18.066,-24.902,-30.762,0.000
1728632045.433,-22.461,-24.414,-20.508,-19.043,0.000
1728632045.437,-9.766,-29.785,-26.855,-16.113,0.000
1728632045.441,-18.555,-42.480,-35.645,-27.832,0.000
1728632045.445,-35.645,-49.316,-32.227,-31.250,0.000
1728632045.448,-41.016,-33.203,-27.832,-35.156,0.000
1728632045.452,-23.926,-20.020,-29.785,-29.297,0.000
1728632045.456,-21.973,-25.879,-29.785,-18.066,0.000
1728632045.460,-31.738,-33.203,-29.785,-24.902,0.000
1728632045.464,-43.945,-35.156,-33.203,-35.156,0.000
1728632045.468,-51.270,-41.504,-27.344,-37.598,0.000
1728632045.472,-37.109,-37.598,-15.137,-36.621,0.000
1728632045.476,-18.555,-35.156,-18.066,-32.227,0.000
1728632045.480,-30.273,-45.898,-27.832,-22.949,0.000
1728632045.484,-59.082,-42.969,-37.109,-35.645,0.000
1728632045.488,-71.289,-38.574,-37.109,-56.152,0.000
1728632045.492,-52.734,-39.062,-24.414,-53.711,0.000
1728632045.496,-26.855,-42.969,-21.484,-47.363,0.000
1728632045.500,-31.250,-38.086,-20.508,-32.227,0.000
1728632045.504,-37.109,-37.109,-23.926,-17.578,0.000
1728632045.508,-46.875,-52.246,-25.879,-24.414,0.000
1728632045.512,-39.062,-49.805,-21.484,-29.297,0.000
1728632045.516,-30.273,-37.109,-23.926,-35.156,0.000
1728632045.519,-22.461,-35.156,-21.973,-27.344,0.000
1728632045.523,-22.461,-38.574,-17.090,-15.137,0.000
1728632045.527,-49.316,-43.945,-22.461,-27.832,0.000
1728632045.531,-53.223,-49.316,-20.996,-41.992,0.000
1728632045.534,-37.598,-53.711,-18.066,-44.922,0.000
1728632045.538,-31.738,-43.945,-19.043,-38.086,0.000
1728632045.542,-44.922,-30.762,-25.391,-36.621,0.000
1728632045.546,-63.965,-47.363,-34.180,-43.945,0.000
1728632045.550,-53.711,-50.781,-25.879,-32.715,0.000
1728632045.554,-24.414,-29.785,-22.949,-29.785,0.000
1728632045.558,-28.809,-20.996,-30.762,-42.969,0.000
1728632045.562,-55.176,-30.273,-33.203,-46.875,0.000
1728632045.566,-67.871,-36.621,-33.691,-44.922,0.000
1728632045.569,-63.477,-39.551,-32.227,-49.805,0.000
1728632045.573,-43.945,-36.133,-29.785,-48.828,0.000
1728632045.577,-22.461,-30.762,-32.227,-34.180,0.000
1728632045.582,-16.113,-25.879,-33.691,-25.391,0.000
1728632045.586,-26.367,-20.996,-25.391,-20.020,0.000
1728632045.589,-13.184,-22.461,-24.414,-22.461,0.000
1728632045.593,-3.906,-20.996,-28.809,-33.203,0.000
1728632045.597,-14.160,-18.066,-37.598,-34.668,0.000
1728632045.601,-26.367,-28.320,-43.945,-42.480,0.000
1728632045.605,-47.363,-38.086,-39.551,-49.805,0.000
1728632045.609,-47.363,-36.133,-24.414,-51.758,0.000
1728632045.613,-25.879,-25.391,-17.578,-42.969,0.000
1728632045.617,-16.113,-20.020,-24.902,-29.785,0.000
1728632045.621,-19.531,-14.160,-23.926,-31.250,0.000
1728632045.625,-32.715,-17.090,-21.484,-28.320,0.000
1728632045.629,-40.527,-26.367,-30.762,-21.484,0.000
1728632045.633,-36.133,-32.227,-38.086,-23.438,0.000
1728632045.637,-18.555,-36.621,-37.598,-29.785,0.000
1728632045.641,-12.695,-23.926,-35.156,-36.133,0.000
1728632045.644,-31.738,-25.391,-38.574,-35.156,0.000
1728632045.648,-35.156,-33.203,-41.504,-34.180,0.000
1728632045.652,-24.902,-26.855,-38.574,-37.598,0.000
1728632045.656,-20.020,-27.344,-37.109,-34.668,0.000
1728632045.660,-18.555,-32.227,-39.062,-26.855,0.000
1728632045.664,-27.344,-41.016,-36.133,-34.180,0.000
1728632045.668,-31.250,-42.480,-26.855,-39.551,0.000
1728632045.672,-27.344,-43.945,-26.855,-22.461,0.000
1728632045.676,-17.090,-31.738,-34.180,-30.273,0.000
1728632045.680,-14.160,-19.531,-30.762,-42.480,0.000
1728632045.684,-30.273,-21.484,-32.715,-46.875,0.000
1728632045.687,-50.781,-28.809,-45.410,-57.617,0.000
1728632045.691,-48.828,-37.109,-46.387,-51.270,0.000
1728632045.695,-14.648,-39.551,-34.668,-34.668,0.000
1728632045.699,-12.207,-34.668,-30.762,-33.203,0.000
1728632045.703,-36.133,-43.945,-38.086,-32.715,0.000
1728632045.707,-49.316,-58.594,-44.434,-33.203,0.000
1728632045.711,-46.875,-42.969,-44.434,-43.945,0.000
1728632045.715,-21.484,-32.227,-45.898,-34.668,0.000
1728632045.719,-14.160,-44.922,-41.016,-18.066,0.000
1728632045.722,-23.438,-50.781,-37.598,-21.973,0.000
1728632045.726,-23.438,-39.551,-43.457,-33.691,0.000
1728632045.730,-20.020,-30.273,-39.551,-34.668,0.000
1728632045.734,-9.277,-34.668,-31.738,-22.461,0.000
1728632045.738,5.859,-29.297,-29.297,-12.695,0.000
1728632045.742,-17.090,-21.484,-34.180,-21.484,0.000
1728632045.746,-50.781,-31.738,-42.480,-36.621,0.000
1728632045.750,-50.293,-34.180,-41.504,-33.203,0.000
1728632045.754,-31.250,-29.785,-41.016,-30.273,0.000
1728632045.758,-10.742,-23.926,-42.969,-29.297,0.000
1728632045.762,-21.973,-22.949,-46.387,-27.832,0.000
1728632045.765,-48.340,-40.039,-49.316,-43.457,0.000
1728632045.769,-57.617,-38.086,-43.457,-49.316,0.000
1728632045.773,-44.922,-10.742,-31.250,-43.945,0.000
1728632045.777,-27.832,-8.301,-36.621,-40.527,0.000
1728632045.781,-36.621,-19.531,-41.992,-46.875,0.000
1728632045.785,-50.781,-22.949,-33.203,-47.363,0.000
1728632045.789,-59.570,-28.320,-34.668,-46.387,0.000
1728632045.792,-41.992,-31.738,-39.551,-53.711,0.000
1728632045.796,-20.508,-36.133,-32.227,-41.504,0.000
1728632045.800,-32.227,-35.156,-20.020,-23.926,0.000
1728632045.804,-51.758,-20.996,-28.320,-20.020,0.000
1728632045.808,-56.641,-13.672,-28.809,-31.250,0.000
1728632045.812,-42.480,-22.461,-16.602,-33.203,0.000
1728632045.815,-18.066,-22.949,-20.508,-24.902,0.000
1728632045.819,-15.625,-16.113,-28.809,-36.133,0.000
1728632045.823,-32.227,-21.484,-26.367,-41.504,0.000
1728632045.827,-47.852,-36.621,-28.320,-47.363,0.000
1728632045.831,-31.250,-47.363,-29.785,-51.270,0.000
1728632045.835,-17.090,-32.715,-30.273,-48.828,0.000
1728632045.839,-23.926,-21.973,-35.156,-51.270,0.000
1728632045.843,-30.273,-28.809,-32.715,-43.945,0.000
1728632045.847,-38.574,-20.996,-27.344,-45.898,0.000
1728632045.851,-21.484,-16.113,-29.297,-42.969,0.000
1728632045.855,4.395,-22.949,-27.832,-22.949,0.000
1728632045.858,-8.789,-32.227,-28.320,-22.949,0.000
1728632045.863,-35.156,-48.340,-40.039,-41.992,0.000
1728632045.867,-58.594,-43.457,-46.387,-56.641,0.000
1728632045.871,-55.176,-24.414,-42.480,-50.781,0.000
1728632045.875,-23.926,-23.926,-29.297,-28.320,0.000
1728632045.879,-11.230,-33.203,-25.879,-27.344,0.000
1728632045.883,-41.504,-32.715,-29.297,-33.691,0.000
1728632045.887,-59.082,-37.598,-28.809,-39.062,0.000
1728632045.890,-42.480,-41.992,-27.832,-44.922,0.000
1728632045.894,-16.602,-36.133,-21.484,-27.344,0.000
1728632045.898,-11.719,-24.902,-25.879,-17.578,0.000
1728632045.902,-34.180,-31.250,-32.227,-33.203,0.000
1728632045.906,-59.082,-36.621,-34.668,-49.316,0.000
1728632045.909,-52.734,-32.227,-32.715,-55.664,0.000
1728632045.913,-30.762,-32.715,-24.414,-45.410,0.000
1728632045.917,-20.996,-38.574,-18.066,-21.973,0.000
1728632045.921,-39.551,-33.691,-17.090,-35.645,0.000
1728632045.925,-55.664,-29.297,-24.414,-42.969,0.000
1728632045.929,-41.016,-37.598,-28.809,-30.762,0.000
1728632045.933,-23.926,-32.715,-30.273,-37.109,0.000
1728632045.937,-20.020,-27.832,-31.250,-37.598,0.000
1728632045.940,-27.344,-31.250,-35.156,-22.949,0.000
1728632045.944,-46.387,-40.527,-39.062,-28.809,0.000
1728632045.948,-53.223,-45.410,-28.809,-48.340,0.000
1728632045.952,-26.855,-33.691,-20.996,-45.898,0.000
1728632045.956,-5.371,-37.109,-14.648,-27.344,0.000
1728632045.960,-17.578,-38.574,-14.160,-14.160,0.000
1728632045.964,-40.039,-37.598,-26.855,-31.738,0.000
1728632045.968,-50.293,-40.527,-27.832,-52.246,0.000
1728632045.972,-46.387,-30.762,-32.227,-49.805,0.000
1728632045.976,-21.484,-27.832,-31.250,-39.062,0.000
1728632045.980,-14.648,-30.762,-28.809,-39.062,0.000
1728632045.984,-48.340,-40.039,-38.574,-57.617,0.000
1728632045.988,-59.570,-44.922,-35.156,-57.129,0.000
1728632045.992,-48.828,-44.922,-35.156,-46.875,0.000
1728632045.996,-32.715,-38.086,-34.668,-46.387,0.000
1728632045.999,-27.344,-38.086,-27.832,-44.922,0.000
1728632046.004,0.000,-50.781,-36.133,-50.781,0.000
1728632046.008,0.000,-49.316,-44.922,-56.641,0.000
1728632046.011,0.000,-36.621,-39.551,-56.641,0.000
1728632046.015,0.000,-33.691,-33.203,-47.363,0.000
1728632046.019,0.000,-33.203,-25.879,-30.762,0.000
1728632046.023,0.000,-30.762,-28.809,-28.809,0.000
1728632046.027,0.000,-34.180,-39.551,-38.574,0.000
1728632046.031,0.000,-42.969,-39.062,-41.016,0.000
1728632046.035,0.000,-39.062,-21.484,-29.297,0.000
1728632046.039,0.000,-29.785,-18.066,-29.785,0.000
1728632046.043,0.000,-27.832,-23.438,-29.297,0.000
1728632046.047,0.000,-34.668,-27.832,-34.668,0.000
1728632046.051,-49.805,-32.715,-34.668,-44.434,0.000
1728632046.055,-38.086,-37.598,-40.527,-35.156,0.000
1728632046.058,-18.555,-41.504,-36.621,-25.879,0.000
1728632046.062,-16.602,-35.645,-37.598,-34.668,0.000
1728632046.066,-55.664,-29.297,-42.969,-56.641,0.000
1728632046.070,-72.266,-28.320,-39.062,-52.734,0.000
1728632046.074,-40.039,-26.367,-33.691,-36.133,0.000
1728632046.078,-24.902,-20.020,-41.504,-37.109,0.000
1728632046.082,-37.598,-37.109,-55.664,-42.969,0.000
1728632046.086,-60.059,-48.828,-49.316,-49.316,0.000
1728632046.090,-58.594,-50.781,-33.691,-42.969,0.000
1728632046.094,-41.016,-50.781,-29.785,-37.109,0.000
1728632046.097,-32.715,-40.527,-26.855,-40.527,0.000
1728632046.101,-40.527,-38.574,-28.320,-43.457,0.000
1728632046.105,-55.176,-35.645,-35.645,-47.363,0.000
1728632046.109,-50.293,-30.273,-33.691,-54.688,0.000
1728632046.113,-21.484,-25.879,-22.461,-44.434,0.000
1728632046.117,-4.883,-38.574,-23.438,-33.691,0.000
1728632046.121,-28.809,-51.758,-32.715,-31.738,0.000
1728632046.125,-49.805,-54.688,-41.992,-27.344,0.000
1728632046.129,-50.781,-51.270,-42.480,-22.461,0.000
1728632046.133,-50.781,-40.527,-35.645,-18.066,0.000
1728632046.136,-27.832,-31.738,-34.668,-29.297,0.000
1728632046.140,-19.043,-32.715,-38.574,-45.898,0.000
1728632046.144,-43.945,-34.180,-38.086,-52.734,0.000
1728632046.148,-60.059,-30.762,-33.203,-52.734,0.000
1728632046.152,-40.527,-29.297,-31.738,-43.457,0.000
1728632046.156,-11.719,-25.879,-26.367,-28.320,0.000
1728632046.160,-4.395,-24.414,-19.531,-21.484,0.000
1728632046.163,-29.785,-27.832,-27.832,-30.762,0.000
1728632046.167,-46.875,-35.156,-43.945,-39.062,0.000
1728632046.171,-38.574,-37.109,-45.410,-32.227,0.000
1728632046.175,-23.926,-31.250,-40.527,-27.344,0.000
1728632046.179,-17.090,-28.320,-29.785,-27.344,0.000
1728632046.183,-31.250,-41.016,-27.832,-22.949,0.000
1728632046.187,-48.828,-40.039,-32.715,-35.645,0.000
1728632046.190,-38.086,-26.367,-30.273,-41.992,0.000
1728632046.194,-25.391,-29.785,-30.762,-31.250,0.000
1728632046.198,-28.320,-41.016,-38.086,-31.738,0.000
1728632046.202,-44.434,-45.898,-41.992,-37.109,0.000
1728632046.206,-51.758,-38.574,-43.457,-41.504,0.000
1728632046.210,-34.668,-30.273,-41.016,-28.809,0.000
1728632046.214,-20.020,-39.062,-38.574,-24.414,0.000
1728632046.218,-20.996,-40.527,-39.062,-21.484,0.000
1728632046.222,-37.598,-29.785,-39.062,-19.531,0.000
1728632046.226,-56.641,-25.391,-44.434,-35.645,0.000
1728632046.229,-42.480,-27.832,-38.574,-41.016,0.000
1728632046.233,-20.996,-35.645,-29.785,-31.250,0.000
1728632046.238,-31.738,-35.156,-33.691,-35.156,0.000
1728632046.242,-35.645,-35.645,-39.551,-39.062,0.000
1728632046.246,-50.293,-41.992,-40.527,-46.875,0.000
1728632046.250,-59.082,-45.898,-37.598,-50.781,0.000
1728632046.254,-29.297,-38.574,-33.203,-40.527,0.000
1728632046.258,-18.066,-27.832,-29.785,-41.016,0.000
1728632046.262,-29.297,-33.691,-38.574,-36.133,0.000
1728632046.266,-39.062,-25.879,-40.527,-35.645,0.000
1728632046.269,-43.945,-25.391,-33.691,-43.457,0.000
1728632046.273,-30.762,-44.434,-34.668,-39.551,0.000
1728632046.277,-23.926,-41.992,-38.086,-33.691,0.000
1728632046.281,-38.574,-31.738,-38.086,-35.156,0.000
1728632046.284,-57.617,-32.227,-41.992,-37.598,0.000
1728632046.288,-51.758,-36.133,-46.387,-44.434,0.000
1728632046.292,-27.344,-38.574,-44.434,-37.109,0.000
1728632046.296,-9.766,-27.832,-39.551,-30.273,0.000
1728632046.300,-22.461,-27.832,-33.691,-40.039,0.000
1728632046.304,-47.363,-46.875,-32.227,-40.527,0.000
1728632046.308,-50.781,-58.594,-37.598,-47.363,0.000
1728632046.312,-35.645,-50.293,-34.180,-50.293,0.000
1728632046.316,-35.156,-40.527,-33.203,-44.922,0.000
1728632046.319,-38.574,-46.387,-30.273,-33.691,0.000
1728632046.323,-48.340,-42.969,-23.926,-23.438,0.000
1728632046.327,-44.922,-36.621,-29.297,-38.574,0.000
1728632046.332,-26.367,-32.227,-32.715,-42.969,0.000
1728632046.336,-16.113,-34.668,-25.391,-37.598,0.000
1728632046.340,-20.508,-41.504,-21.973,-34.180,0.000
1728632046.343,-33.691,-38.574,-33.203,-38.086,0.000
1728632046.347,-60.059,-36.621,-39.551,-52.734,0.000
1728632046.351,-47.852,-36.133,-30.273,-43.945,0.000
1728632046.355,-19.043,-45.410,-20.508,-33.203,0.000
1728632046.359,-32.715,-46.875,-25.391,-27.832,0.000
1728632046.363,-53.711,-44.922,-40.039,-25.879,0.000
1728632046.367,-53.223,-47.852,-47.852,-32.715,0.000
1728632046.371,-39.551,-44.922,-41.016,-27.344,0.000
1728632046.375,-19.043,-43.945,-31.250,-29.785,0.000
1728632046.379,-23.438,-39.551,-31.738,-31.250,0.000
1728632046.383,-47.363,-36.621,-37.109,-34.668,0.000
1728632046.387,-62.012,-35.645,-43.945,-58.105,0.000
1728632046.391,-31.738,-35.156,-36.621,-54.688,0.000
1728632046.395,-11.719,-47.852,-33.691,-40.039,0.000
1728632046.398,-34.668,-57.129,-34.180,-35.156,0.000
1728632046.402,-33.691,-44.922,-24.902,-37.109,0.000
1728632046.406,-36.621,-38.086,-30.762,-37.109,0.000
1728632046.410,-40.039,-43.945,-26.855,-25.879,0.000
1728632046.414,-13.672,-33.691,-19.531,-25.391,0.000
1728632046.418,-5.371,-33.691,-20.996,-37.109,0.000
1728632046.422,-26.855,-53.711,-23.926,-37.109,0.000
1728632046.426,-43.457,-48.828,-24.902,-35.645,0.000
1728632046.430,-49.316,-31.738,-23.926,-41.016,0.000
1728632046.434,-32.227,-26.367,-24.902,-35.156,0.000
1728632046.438,-21.973,-24.414,-27.344,-39.062,0.000
1728632046.441,-26.367,-26.855,-34.180,-44.434,0.000
1728632046.445,-39.551,-30.762,-37.109,-42.480,0.000
1728632046.449,-46.875,-25.391,-32.227,-38.574,0.000
1728632046.453,-25.879,-26.855,-30.762,-28.809,0.000
1728632046.457,-15.625,-34.668,-33.203,-20.020,0.000
1728632046.461,-26.367,-44.922,-29.785,-21.484,0.000
1728632046.465,-36.621,-49.316,-32.715,-29.297,0.000
1728632046.469,-45.898,-47.363,-32.227,-38.086,0.000
1728632046.473,-31.738,-34.668,-32.227,-30.273,0.000
1728632046.476,-1.465,-24.902,-28.809,-16.602,0.000
1728632046.480,-20.020,-29.785,-27.344,-20.020,0.000
1728632046.484,-45.898,-39.062,-36.621,-28.320,0.000
1728632046.488,-40.039,-40.527,-36.621,-34.180,0.000
1728632046.492,-29.297,-39.062,-25.879,-26.367,0.000
1728632046.496,-15.625,-34.180,-23.438,-17.090,0.000
1728632046.500,-20.508,-32.227,-32.715,-19.531,0.000
1728632046.504,-49.805,-40.527,-38.086,-29.785,0.000
1728632046.508,-60.059,-42.969,-28.320,-39.551,0.000
1728632046.512,-46.387,-40.527,-31.738,-41.016,0.000
1728632046.516,-27.344,-37.598,-40.527,-33.203,0.000
1728632046.519,-27.344,-30.762,-33.203,-32.227,0.000
1728632046.523,-45.898,-23.926,-32.227,-43.945,0.000
1728632046.527,-42.969,-30.273,-41.504,-48.340,0.000
1728632046.531,-44.922,-35.645,-40.039,-41.504,0.000
1728632046.535,-28.320,-35.156,-37.598,-26.367,0.000
1728632046.539,-15.137,-50.781,-43.945,-20.508,0.000
1728632046.543,-35.156,-52.246,-44.434,-28.809,0.000
1728632046.546,-45.410,-44.434,-40.039,-36.621,0.000
1728632046.550,-48.340,-50.781,-35.156,-38.086,0.000
1728632046.554,-23.438,-51.758,-28.320,-32.227,0.000
1728632046.558,-15.137,-41.992,-29.297,-20.996,0.000
1728632046.562,-27.832,-27.344,-39.062,-30.762,0.000
1728632046.566,-32.715,-21.973,-41.992,-50.293,0.000
1728632046.570,-33.203,-30.762,-43.945,-52.734,0.000
1728632046.573,-22.461,-41.992,-42.480,-40.039,0.000
1728632046.577,-22.461,-47.852,-41.016,-31.738,0.000
1728632046.581,-35.156,-43.457,-43.457,-41.504,0.000
1728632046.585,-47.363,-43.457,-37.598,-53.711,0.000
1728632046.589,-42.969,-42.480,-32.715,-48.340,0.000
1728632046.593,-13.672,-24.902,-27.832,-41.016,0.000
1728632046.597,-14.648,-28.320,-22.461,-37.598,0.000
1728632046.601,-53.223,-45.898,-31.738,-42.969,0.000
1728632046.605,-63.477,-43.457,-32.715,-44.922,0.000
1728632046.609,-52.246,-31.250,-20.020,-40.527,0.000
1728632046.613,-41.992,-34.668,-19.531,-40.039,0.000
1728632046.617,-43.457,-46.387,-28.809,-33.203,0.000
1728632046.621,-43.457,-48.828,-32.715,-21.484,0.000
1728632046.625,-53.223,-38.086,-31.738,-22.949,0.000
1728632046.629,-61.035,-25.391,-29.785,-36.133,0.000
1728632046.633,-38.574,-24.414,-28.809,-34.180,0.000
1728632046.637,-21.484,-32.715,-33.691,-18.555,0.000
1728632046.641,-26.855,-38.086,-29.785,-26.367,0.000
1728632046.645,-49.316,-40.527,-27.832,-33.691,0.000
1728632046.648,-48.828,-37.109,-31.738,-34.668,0.000
1728632046.652,-30.762,-36.621,-30.762,-36.133,0.000
1728632046.656,-15.137,-41.504,-34.180,-37.598,0.000
1728632046.662,-29.785,-34.180,-43.945,-34.668,0.000
1728632046.666,-68.848,-39.551,-44.922,-40.527,0.000
1728632046.670,-64.453,-38.574,-38.086,-58.105,0.000
1728632046.674,-37.109,-25.879,-30.762,-51.758,0.000
1728632046.678,-36.621,-33.203,-31.738,-41.992,0.000
1728632046.682,-45.898,-38.574,-29.785,-44.922,0.000
1728632046.686,-52.734,-34.180,-31.738,-47.363,0.000
1728632046.689,-61.035,-43.457,-30.762,-55.664,0.000
1728632046.693,-50.781,-50.781,-21.484,-46.875,0.000
1728632046.697,-24.414,-38.574,-20.996,-32.227,0.000
1728632046.701,-22.949,-21.973,-25.391,-30.762,0.000
1728632046.705,-42.969,-15.137,-38.086,-42.969,0.000
1728632046.709,-63.477,-21.484,-45.898,-60.547,0.000
1728632046.713,-50.781,-29.297,-40.039,-62.500,0.000
1728632046.717,-31.250,-37.598,-37.598,-51.270,0.000
1728632046.721,-48.828,-43.945,-41.992,-46.387,0.000
1728632046.725,-59.570,-40.039,-41.992,-46.387,0.000
1728632046.729,-55.664,-38.574,-32.715,-46.387,0.000
1728632046.733,-46.875,-49.805,-30.273,-52.734,0.000
1728632046.737,-36.133,-53.223,-27.832,-48.340,0.000
1728632046.740,-35.156,-42.480,-20.996,-36.133,0.000
1728632046.744,-51.270,-35.645,-29.297,-37.109,0.000
1728632046.748,-65.430,-34.180,-37.598,-46.387,0.000
1728632046.752,-58.594,-38.086,-31.250,-49.805,0.000
1728632046.756,-29.785,-41.504,-27.344,-44.434,0.000
1728632046.760,-25.391,-38.086,-33.691,-36.621,0.000
1728632046.764,-42.969,-28.809,-37.598,-36.621,0.000
1728632046.768,-53.711,-32.715,-48.340,-48.828,0.000
1728632046.772,-43.945,-41.504,-50.293,-50.293,0.000
1728632046.776,-19.043,-42.969,-38.574,-44.434,0.000
1728632046.780,-15.625,-35.156,-39.062,-38.086,0.000
1728632046.783,-31.250,-28.809,-43.457,-30.273,0.000
1728632046.787,-44.434,-37.109,-46.387,-37.109,0.000
1728632046.791,-47.363,-36.621,-42.969,-42.969,0.000
1728632046.795,-20.508,-21.484,-34.668,-36.621,0.000
1728632046.799,-9.277,-15.137,-29.785,-30.273,0.000
1728632046.803,-30.762,-27.344,-32.227,-20.508,0.000
1728632046.807,-46.387,-32.227,-36.133,-19.531,0.000
1728632046.811,-46.387,-27.832,-31.738,-18.066,0.000
1728632046.815,-19.043,-25.391,-29.785,-9.277,0.000
1728632046.819,-7.324,-31.250,-35.156,-11.230,0.000
1728632046.822,-21.973,-40.527,-39.551,-21.973,0.000
1728632046.826,-34.180,-52.246,-41.016,-34.668,0.000
1728632046.830,-32.715,-63.477,-39.062,-39.062,0.000
1728632046.834,-31.250,-48.828,-27.832,-27.344,0.000
1728632046.838,-29.785,-34.668,-24.902,-21.484,0.000
1728632046.842,-37.109,-28.320,-29.785,-23.926,0.000
1728632046.846,-47.363,-24.902,-38.086,-36.621,0.000
1728632046.849,-50.293,-35.156,-38.086,-43.457,0.000
1728632046.853,-39.551,-41.016,-31.738,-34.668,0.000
1728632046.857,-38.086,-49.805,-39.551,-35.156,0.000
1728632046.861,-46.875,-47.852,-40.039,-43.945,0.000
1728632046.865,-51.270,-41.016,-28.320,-48.828,0.000
1728632046.869,-50.781,-56.152,-21.973,-44.434,0.000
1728632046.873,-44.434,-50.781,-20.996,-52.734,0.000
1728632046.877,-37.598,-45.410,-28.809,-45.410,0.000
1728632046.881,-33.203,-60.547,-33.203,-26.367,0.000
1728632046.885,-41.992,-46.875,-27.344,-30.273,0.000
1728632046.889,-55.664,-33.691,-37.598,-38.574,0.000
1728632046.892,-38.086,-29.785,-48.340,-43.457,0.000
1728632046.896,-3.418,-31.738,-43.457,-34.668,0.000
1728632046.900,-15.625,-39.062,-41.504,-25.391,0.000
1728632046.904,-44.922,-48.828,-39.062,-20.020,0.000
1728632046.908,-51.758,-47.363,-34.668,-28.809,0.000
1728632046.912,-47.363,-31.738,-35.645,-44.922,0.000
1728632046.915,-24.414,-36.133,-35.645,-36.621,0.000
1728632046.919,-11.719,-35.645,-32.227,-28.809,0.000
1728632046.923,-29.785,-20.996,-35.645,-23.438,0.000
1728632046.927,-44.434,-31.738,-41.992,-42.480,0.000
1728632046.931,-45.410,-45.898,-43.457,-44.922,0.000
1728632046.935,-33.691,-44.922,-27.832,-22.949,0.000
1728632046.939,-23.438,-42.969,-26.855,-33.203,0.000
1728632046.942,-30.762,-34.180,-38.574,-41.992,0.000
1728632046.946,-67.383,-44.922,-23.438,-76.172,0.000
1728632046.950,-70.801,-55.664,-46.387,-84.961,0.000
1728632046.954,-38.086,-47.852,-39.551,-49.316,0.000
1728632046.958,-32.715,-61.035,-19.043,-42.480,0.000
1728632046.962,-51.270,-63.477,-58.105,-57.617,0.000
1728632046.966,-66.895,-41.992,-77.148,-50.781,0.000
1728632046.970,-58.105,-19.043,-66.406,-47.852,0.000
1728632046.973,-45.898,-25.391,-66.895,-58.594,0.000
1728632046.977,-20.996,-28.809,-122.559,-21.973,0.000
1728632046.981,-31.250,-24.902,-154.297,-16.602,0.000
1728632046.985,-67.871,-31.738,-197.266,-40.527,0.000
1728632046.990,0.000,-35.645,-237.793,-70.312,0.000
1728632046.994,0.000,-39.551,-285.645,-67.871,0.000
1728632046.998,0.000,-40.039,-446.777,-54.688,0.000
1728632047.002,0.000,-28.320,-565.918,-49.805,0.000
1728632047.005,0.000,-23.438,-627.930,-16.113,0.000
1728632047.009,0.000,-30.762,-774.902,-28.320,0.000
1728632047.013,0.000,-30.273,-957.520,-40.039,0.000
1728632047.017,0.000,-29.297,-1000.000,-37.109,0.000
1728632047.021,0.000,-35.645,-995.117,-42.969,0.000
1728632047.025,0.000,-43.457,-1000.000,-44.434,0.000
1728632047.029,0.000,-35.645,-1000.000,-36.621,0.000
1728632047.033,0.000,-30.273,-1000.000,-35.156,0.000
1728632047.036,-29.785,-32.715,-1000.000,-40.527,0.000
1728632047.040,-42.480,-42.969,-1000.000,-38.574,0.000
1728632047.044,-54.688,-51.270,-1000.000,-32.227,0.000
1728632047.047,-46.387,-39.551,-1000.000,-29.297,0.000
1728632047.051,-23.438,-36.621,-1000.000,-23.926,0.000
1728632047.055,-16.602,-48.828,-1000.000,-18.555,0.000
1728632047.059,-26.367,-60.547,-1000.000,-19.043,0.000
1728632047.063,-39.062,-63.477,-1000.000,-23.926,0.000
1728632047.067,-47.363,-45.898,-1000.000,-36.621,0.000
1728632047.071,-43.945,-29.297,-1000.000,-37.598,0.000
1728632047.075,-40.039,-33.691,-999.512,-35.645,0.000
1728632047.079,-35.645,-42.480,-1000.000,-39.062,0.000
1728632047.083,-44.922,-48.828,-994.629,-39.062,0.000
1728632047.087,-58.594,-51.270,-949.707,-47.363,0.000
1728632047.091,-52.246,-66.895,-889.160,-45.898,0.000
1728632047.095,-23.926,-66.406,-838.867,-39.062,0.000
1728632047.099,-19.531,-44.922,-791.504,-34.668,0.000
1728632047.103,-42.969,-48.828,-737.793,-31.250,0.000
1728632047.106,-63.477,-53.223,-685.059,-38.574,0.000
1728632047.110,-62.500,-45.410,-582.520,-41.992,0.000
1728632047.114,-34.668,-48.340,-495.605,-36.621,0.000
1728632047.118,-22.461,-56.641,-442.383,-24.414,0.000
1728632047.122,-35.156,-50.293,-368.164,-17.578,0.000
1728632047.126,-43.945,-45.898,-318.359,-24.902,0.000
1728632047.130,-38.086,-41.504,-243.652,-27.832,0.000
1728632047.134,-20.020,-40.039,-81.543,-14.160,0.000
1728632047.138,-8.301,-41.016,185.059,-19.531,0.000
1728632047.142,-13.184,-34.668,433.594,-32.715,0.000
1728632047.146,-33.203,-42.480,615.234,-29.785,0.000
1728632047.150,-45.898,-44.922,735.840,-28.320,0.000
1728632047.154,-28.809,-31.738,811.523,-18.555,0.000
1728632047.157,-9.766,-21.484,891.113,-2.441,0.000
1728632047.161,-11.719,-21.973,944.824,-5.371,0.000
1728632047.165,-35.645,-31.738,961.914,-23.926,0.000
1728632047.169,-44.922,-33.203,963.867,-41.016,0.000
1728632047.173,-27.344,-25.391,953.613,-31.738,0.000
1728632047.177,-8.789,-20.996,905.273,-20.508,0.000
1728632047.181,-12.695,-19.043,866.211,-16.113,0.000
1728632047.185,-35.645,-24.414,809.082,-18.066,0.000
1728632047.189,-45.898,-28.809,766.602,-32.227,0.000
1728632047.193,-37.109,-32.227,726.562,-29.785,0.000
1728632047.197,-37.598,-38.086,672.363,-24.902,0.000
1728632047.200,-35.645,-35.645,639.648,-27.832,0.000
1728632047.204,-49.316,-37.109,617.676,-32.715,0.000
1728632047.208,-60.059,-34.668,584.473,-38.086,0.000
1728632047.212,-42.969,-20.020,567.871,-31.738,0.000
1728632047.216,-24.414,-19.531,570.801,-19.043,0.000
1728632047.220,-16.602,-28.809,560.547,-4.883,0.000
1728632047.224,-26.855,-38.086,520.508,-10.254,0.000
1728632047.228,-40.527,-41.504,475.098,-36.621,0.000
1728632047.231,-35.645,-37.598,451.172,-31.250,0.000
1728632047.235,-26.855,-35.156,423.828,-21.973,0.000
1728632047.239,-26.855,-22.461,407.227,-33.203,0.000
1728632047.243,-28.809,-14.648,415.039,-41.504,0.000
1728632047.247,-32.227,-24.414,412.109,-45.410,0.000
1728632047.251,-30.273,-28.809,402.832,-35.645,0.000
1728632047.255,-19.043,-27.344,382.324,-28.809,0.000
1728632047.259,-15.625,-26.367,352.539,-29.297,0.000
1728632047.263,-35.645,-28.809,339.355,-24.902,0.000
1728632047.267,-49.805,-28.809,313.965,-29.785,0.000
1728632047.270,-43.945,-28.809,291.504,-41.504,0.000
1728632047.274,-20.508,-35.645,280.762,-44.922,0.000
1728632047.278,-4.883,-35.645,256.348,-45.898,0.000
1728632047.282,-24.902,-31.738,253.418,-41.016,0.000
1728632047.286,-50.293,-32.227,249.023,-43.457,0.000
1728632047.290,-47.852,-31.738,237.793,-48.340,0.000
1728632047.294,-25.391,-28.320,226.562,-41.504,0.000
1728632047.298,-16.602,-34.668,214.355,-29.297,0.000
1728632047.301,-46.387,-39.062,198.242,-35.156,0.000
1728632047.305,-70.312,-32.227,183.594,-43.457,0.000
1728632047.309,-63.477,-39.062,186.523,-31.250,0.000
1728632047.313,-36.621,-49.316,192.383,-23.926,0.000
1728632047.317,-29.785,-50.781,186.523,-45.898,0.000
1728632047.321,-53.223,-52.734,168.945,-62.500,0.000
1728632047.324,-62.988,-58.594,159.668,-57.617,0.000
1728632047.328,-62.012,-62.012,159.180,-52.734,0.000
1728632047.332,-37.598,-61.035,152.832,-49.316,0.000
1728632047.336,-29.785,-58.105,147.461,-47.852,0.000
1728632047.340,-30.273,-47.852,147.949,-40.039,0.000
1728632047.344,-29.785,-40.039,142.578,-37.109,0.000
1728632047.348,-51.270,-43.457,125.488,-45.410,0.000
1728632047.352,-32.715,-43.945,115.723,-33.203,0.000
1728632047.356,-14.648,-38.574,113.281,-24.414,0.000
1728632047.360,-27.344,-34.180,106.934,-27.832,0.000
1728632047.364,-39.062,-40.527,101.074,-31.738,0.000
1728632047.368,-41.992,-47.363,96.191,-35.645,0.000
1728632047.372,-19.043,-46.875,90.332,-32.227,0.000
1728632047.376,3.906,-41.992,83.496,-31.250,0.000
1728632047.380,-2.930,-37.598,82.520,-38.086,0.000
1728632047.384,-37.109,-34.180,73.242,-37.598,0.000
1728632047.388,-58.105,-44.922,58.594,-38.574,0.000
1728632047.392,-41.504,-44.922,48.828,-41.016,0.000
1728632047.396,-19.043,-31.738,37.109,-32.715,0.000
1728632047.399,-21.973,-33.691,29.785,-40.527,0.000
1728632047.403,-28.809,-38.086,20.020,-43.457,0.000
1728632047.407,-31.738,-34.668,12.695,-35.156,0.000
1728632047.410,-19.531,-28.320,8.789,-25.879,0.000
1728632047.414,-4.883,-32.715,7.812,-20.996,0.000
1728632047.418,-17.578,-42.969,4.883,-25.879,0.000
1728632047.422,-38.574,-46.387,7.324,-28.320,0.000
1728632047.426,-48.340,-38.086,16.602,-37.109,0.000
1728632047.430,-39.062,-32.715,8.301,-32.227,0.000
1728632047.434,-20.508,-30.762,2.441,-16.602,0.000
1728632047.438,0.000,-33.203,-0.488,-18.066,0.000
1728632047.441,-27.832,-48.828,0.977,-35.156,0.000
1728632047.445,-61.523,-52.734,8.301,-39.062,0.000
1728632047.449,-50.781,-35.645,9.277,-42.969,0.000
1728632047.453,-31.738,-33.203,6.348,-44.434,0.000
1728632047.458,-33.203,-43.457,5.371,-33.691,0.000
1728632047.461,-62.500,-48.340,9.766,-43.945,0.000
1728632047.465,-75.684,-44.922,12.695,-51.758,0.000
1728632047.469,-62.500,-37.598,10.254,-55.664,0.000
1728632047.473,-46.875,-38.574,-3.418,-49.316,0.000
1728632047.477,-44.434,-46.875,-12.207,-38.086,0.000
1728632047.481,-45.898,-47.363,-11.719,-43.457,0.000
1728632047.485,-58.105,-50.293,-10.742,-60.547,0.000
1728632047.489,-50.781,-57.617,-6.348,-58.105,0.000
1728632047.493,-6.836,-40.039,4.883,-28.320,0.000
1728632047.497,1.953,-24.902,12.695,-16.602,0.000
1728632047.501,-12.207,-31.250,8.301,-13.184,0.000
1728632047.505,0.000,-46.387,3.418,-29.297,0.000
1728632047.509,0.000,-50.293,0.977,-41.016,0.000
1728632047.513,0.000,-41.504,-6.348,-22.461,0.000
1728632047.516,0.000,-33.691,-6.836,-20.020,0.000
1728632047.520,0.000,-40.039,-3.906,-31.250,0.000
1728632047.524,0.000,-38.086,0.488,-40.527,0.000
1728632047.528,0.000,-43.945,1.953,-52.734,0.000
1728632047.532,0.000,-52.246,-5.859,-49.316,0.000
1728632047.536,0.000,-40.527,-7.812,-35.645,0.000
1728632047.540,0.000,-27.832,-10.742,-30.762,0.000
1728632047.544,0.000,-32.227,-19.531,-38.574,0.000
1728632047.548,0.000,-37.109,-20.508,-39.062,0.000
1728632047.552,-33.203,-32.715,-23.926,-29.785,0.000
1728632047.556,-18.066,-34.180,-19.043,-22.949,0.000
1728632047.559,-19.531,-37.109,-9.277,-21.973,0.000
1728632047.563,-49.316,-47.852,-7.812,-32.227,0.000
1728632047.567,-51.758,-48.340,-2.441,-45.898,0.000
1728632047.571,-23.438,-29.785,-4.395,-47.852,0.000
1728632047.575,-25.879,-26.855,-3.418,-30.273,0.000
1728632047.579,-31.738,-32.715,1.953,-20.508,0.000
1728632047.583,-41.992,-36.621,0.488,-27.832,0.000
1728632047.587,-54.199,-30.762,-0.977,-48.828,0.000
1728632047.591,-41.016,-22.461,0.000,-44.922,0.000
1728632047.595,-26.855,-20.020,4.395,-24.902,0.000
1728632047.598,-23.926,-24.902,5.371,-28.809,0.000
1728632047.602,-40.527,-34.180,3.906,-40.527,0.000
1728632047.606,-47.363,-38.086,8.301,-38.086,0.000
1728632047.610,-17.090,-36.133,13.672,-20.996,0.000
1728632047.614,0.488,-28.809,7.812,-25.879,0.000
1728632047.618,-10.742,-33.691,-1.953,-21.484,0.000
1728632047.622,-36.133,-46.875,-5.859,-22.949,0.000
1728632047.626,-57.129,-38.574,-7.812,-38.086,0.000
1728632047.630,-48.340,-29.785,-9.277,-29.785,0.000
1728632047.633,-35.156,-34.180,-3.418,-27.832,0.000
1728632047.637,-34.668,-35.156,-11.230,-41.992,0.000
1728632047.641,-47.852,-36.621,-15.625,-50.293,0.000
1728632047.645,-63.965,-45.898,-11.230,-55.176,0.000
1728632047.649,-72.754,-52.246,-7.812,-57.129,0.000
1728632047.653,-41.992,-58.105,-1.465,-45.898,0.000
1728632047.657,-24.902,-54.199,-0.488,-39.062,0.000
1728632047.661,-47.852,-29.785,0.488,-48.828,0.000
1728632047.664,-62.500,-28.809,-0.488,-47.852,0.000
1728632047.668,-58.594,-37.598,-1.465,-47.852,0.000
1728632047.672,-35.156,-39.551,4.395,-42.969,0.000
1728632047.676,-24.902,-37.109,5.371,-38.574,0.000
1728632047.680,-41.992,-41.016,2.930,-47.852,0.000
1728632047.684,-53.711,-55.176,-0.488,-55.664,0.000
1728632047.688,-46.387,-54.688,0.000,-58.594,0.000
1728632047.691,-34.180,-46.387,8.789,-56.152,0.000
1728632047.695,-31.250,-39.551,6.836,-46.875,0.000
1728632047.699,-35.156,-35.156,1.465,-35.645,0.000
1728632047.703,-54.688,-41.016,0.000,-42.480,0.000
1728632047.707,-64.453,-34.180,-4.883,-57.129,0.000
1728632047.711,-44.922,-31.250,-8.301,-47.852,0.000
1728632047.715,-29.297,-41.504,-11.719,-34.180,0.000
1728632047.719,-27.344,-43.945,-15.137,-38.086,0.000
1728632047.723,-40.039,-40.527,-12.695,-44.434,0.000
1728632047.727,-54.688,-34.668,-7.324,-50.293,0.000
1728632047.730,-36.133,-28.320,-6.348,-37.598,0.000
1728632047.734,-20.020,-35.156,-0.977,-17.578,0.000
1728632047.739,-27.832,-45.898,1.953,-17.578,0.000
1728632047.743,-31.738,-42.480,-4.395,-31.738,0.000
1728632047.747,-29.297,-45.898,-3.418,-37.109,0.000
1728632047.751,-20.508,-34.668,0.977,-26.855,0.000
1728632047.755,-14.160,-18.555,-5.859,-31.250,0.000
1728632047.759,-32.227,-33.203,-15.137,-43.945,0.000
1728632047.762,-49.316,-36.621,-20.020,-34.180,0.000
1728632047.766,-55.176,-26.367,-16.113,-36.133,0.000
1728632047.770,-43.945,-24.414,-14.648,-40.039,0.000
1728632047.774,-17.090,-29.785,-19.531,-34.180,0.000
1728632047.778,-2.441,-34.180,-14.648,-21.484,0.000
1728632047.782,-20.020,-30.273,-11.719,-15.625,0.000
1728632047.785,-36.621,-23.926,-12.207,-30.762,0.000
1728632047.789,-32.227,-30.762,-11.230,-33.691,0.000
1728632047.793,-20.020,-40.527,-15.625,-28.320,0.000
1728632047.797,-15.625,-34.668,-16.113,-20.508,0.000
1728632047.801,-31.250,-26.855,-12.207,-21.973,0.000
1728632047.805,-41.504,-27.344,-9.766,-26.367,0.000
1728632047.808,-30.273,-26.855,-7.324,-25.391,0.000
1728632047.812,-5.371,-28.809,-9.277,-24.902,0.000
1728632047.816,1.465,-30.273,-12.695,-17.578,0.000
1728632047.820,-20.020,-27.344,-19.043,-13.184,0.000
1728632047.824,-39.062,-24.902,-28.320,-33.691,0.000
1728632047.828,-35.156,-29.297,-30.273,-47.363,0.000
1728632047.832,0.000,-33.691,-25.391,-35.645,0.000
1728632047.836,0.000,-33.691,-29.785,-17.578,0.000
1728632047.840,0.000,-33.691,-32.715,-12.207,0.000
1728632047.844,0.000,-35.645,-34.180,-31.250,0.000
1728632047.848,0.000,-33.203,-39.551,-37.109,0.000
1728632047.852,0.000,-34.668,-35.645,-26.855,0.000
1728632047.856,0.000,-26.855,-31.250,-18.555,0.000
1728632047.860,0.000,-16.602,-29.297,-11.230,0.000
1728632047.864,0.000,-27.832,-38.086,-27.832,0.000
1728632047.868,0.000,-33.691,-45.898,-48.828,0.000
1728632047.871,0.000,-30.762,-44.922,-44.434,0.000
1728632047.875,0.000,-27.832,-41.992,-27.344,0.000
1728632047.879,-42.480,-37.109,-42.480,-28.809,0.000
1728632047.883,-63.477,-51.270,-43.945,-46.387,0.000
1728632047.887,-61.035,-42.480,-41.992,-52.246,0.000
1728632047.891,-31.738,-25.879,-34.668,-44.922,0.000
1728632047.895,-16.113,-21.973,-30.762,-42.969,0.000
1728632047.899,-29.785,-30.273,-31.250,-36.621,0.000
1728632047.903,-53.223,-41.504,-32.715,-32.227,0.000
1728632047.907,-65.918,-41.016,-34.180,-41.992,0.000
1728632047.911,-50.781,-26.367,-38.574,-43.457,0.000
1728632047.915,-36.621,-23.926,-41.992,-33.203,0.000
1728632047.919,-37.598,-33.203,-33.691,-28.320,0.000
1728632047.922,-51.270,-39.551,-36.133,-40.527,0.000
1728632047.926,-61.035,-41.016,-39.551,-45.898,0.000
1728632047.930,-40.527,-30.762,-38.574,-41.992,0.000
1728632047.934,-13.184,-29.297,-31.250,-41.992,0.000
1728632047.938,-27.832,-34.668,-27.832,-36.621,0.000
1728632047.942,-53.711,-43.457,-37.109,-38.086,0.000
1728632047.946,-50.781,-50.781,-39.551,-42.969,0.000
1728632047.950,-49.316,-35.645,-29.297,-43.945,0.000
1728632047.954,-41.992,-27.832,-23.438,-37.598,0.000
1728632047.958,-35.645,-34.668,-30.762,-32.715,0.000
1728632047.961,-48.828,-42.480,-34.668,-46.387,0.000
1728632047.965,-59.082,-52.246,-33.203,-51.758,0.000
1728632047.969,-48.828,-49.805,-35.645,-48.340,0.000
1728632047.973,-23.438,-44.922,-30.762,-37.109,0.000
1728632047.977,-20.020,-47.852,-22.949,-39.551,0.000
1728632047.981,-32.715,-47.852,-26.855,-43.945,0.000
1728632047.985,-49.805,-33.203,-33.203,-47.852,0.000
1728632047.989,-50.781,-28.320,-29.297,-52.246,0.000
1728632047.993,-30.273,-44.434,-23.926,-53.223,0.000
1728632047.996,-20.020,-54.199,-25.879,-55.176,0.000
1728632048.000,-33.691,-55.176,-33.691,-52.734,0.000
1728632048.004,-57.129,-50.781,-35.156,-59.570,0.000
1728632048.008,-36.133,-41.992,-23.438,-58.594,0.000
1728632048.012,0.000,-30.273,-20.508,-46.387,0.000
1728632048.016,-26.855,-28.320,-30.762,-49.805,0.000
1728632048.020,-54.199,-31.738,-31.250,-51.270,0.000
1728632048.024,-62.500,-29.297,-33.691,-48.828,0.000
1728632048.027,-64.453,-28.320,-42.480,-44.434,0.000
1728632048.031,-42.969,-28.809,-40.527,-34.180,0.000
1728632048.035,-36.133,-36.621,-44.434,-33.691,0.000
1728632048.039,-40.039,-45.898,-49.316,-30.762,0.000
1728632048.043,-49.805,-53.711,-47.363,-31.738,0.000
1728632048.047,-53.711,-49.316,-45.898,-35.156,0.000
1728632048.051,-30.762,-32.715,-33.691,-26.367,0.000
1728632048.055,-21.973,-36.621,-29.785,-22.949,0.000
1728632048.059,-39.551,-38.086,-30.273,-24.902,0.000
1728632048.063,-58.594,-37.109,-32.715,-39.062,0.000
1728632048.066,0.000,-38.086,-34.668,-56.152,0.000
1728632048.070,0.000,-25.391,-23.438,-44.434,0.000
1728632048.074,0.000,-20.996,-15.625,-31.250,0.000
1728632048.078,0.000,-25.879,-18.066,-29.297,0.000
1728632048.082,0.000,-32.715,-22.461,-25.879,0.000
1728632048.086,0.000,-33.691,-28.320,-26.855,0.000
1728632048.089,0.000,-26.367,-35.156,-23.438,0.000
1728632048.093,0.000,-39.551,-30.762,-25.879,0.000
1728632048.097,0.000,-45.410,-20.508,-29.785,0.000
1728632048.101,0.000,-37.598,-20.508,-35.156,0.000
1728632048.105,0.000,-38.086,-18.066,-50.781,0.000
1728632048.109,0.000,-28.809,-13.184,-36.621,0.000
1728632048.114,-14.648,-18.555,-17.578,-23.926,0.000
1728632048.118,-19.531,-28.320,-26.855,-21.973,0.000
1728632048.122,-30.273,-40.039,-39.551,-29.297,0.000
1728632048.126,-40.039,-44.434,-42.969,-45.410,0.000
1728632048.129,-36.621,-50.781,-34.180,-32.227,0.000
1728632048.133,-16.113,-46.387,-34.180,-23.438,0.000
1728632048.137,-19.043,-38.086,-37.109,-23.438,0.000
1728632048.141,-37.598,-35.156,-41.992,-24.902,0.000
1728632048.145,-46.387,-31.738,-44.922,-50.293,0.000
1728632048.149,-37.109,-30.273,-32.715,-50.781,0.000
1728632048.153,-12.695,-27.344,-27.344,-26.367,0.000
1728632048.157,-3.418,-28.320,-30.762,-15.625,0.000
1728632048.160,-22.949,-33.203,-34.180,-20.020,0.000
1728632048.164,-41.992,-35.156,-38.086,-28.320,0.000
1728632048.168,-39.551,-32.227,-34.668,-41.016,0.000
1728632048.171,-17.090,-27.832,-35.645,-29.785,0.000
1728632048.175,2.441,-38.086,-35.645,-11.719,0.000
1728632048.179,-25.879,-39.551,-36.133,-7.812,0.000
1728632048.183,-63.477,-31.738,-32.227,-26.367,0.000
1728632048.187,-60.547,-36.621,-29.297,-40.039,0.000
1728632048.191,-36.621,-37.109,-30.762,-37.109,0.000
1728632048.195,-29.785,-37.598,-34.180,-39.551,0.000
1728632048.199,-41.992,-36.133,-33.203,-37.109,0.000
1728632048.203,-52.734,-37.109,-30.762,-30.273,0.000
1728632048.207,0.000,-40.039,-28.809,-33.203,0.000
1728632048.211,0.000,-35.156,-24.414,-35.156,0.000
1728632048.215,0.000,-26.855,-22.949,-25.391,0.000
1728632048.219,0.000,-32.227,-29.297,-28.809,0.000
1728632048.223,0.000,-45.898,-36.133,-44.922,0.000
1728632048.227,0.000,-46.387,-34.668,-55.664,0.000
1728632048.231,0.000,-37.598,-30.762,-56.641,0.000
1728632048.235,0.000,-41.992,-25.879,-53.223,0.000
1728632048.238,0.000,-44.434,-27.832,-43.945,0.000
1728632048.242,0.000,-39.062,-36.133,-48.828,0.000
1728632048.246,0.000,-36.621,-36.133,-61.523,0.000
1728632048.250,0.000,-35.156,-32.227,-43.457,0.000
1728632048.254,-10.254,-30.273,-27.832,-25.391,0.000
1728632048.258,-24.414,-31.738,-15.625,-29.297,0.000
1728632048.262,-67.383,-40.527,-17.578,-35.156,0.000
1728632048.266,-61.523,-41.992,-23.926,-46.387,0.000
1728632048.270,-35.156,-41.016,-30.273,-52.246,0.000
1728632048.274,-28.809,-40.039,-40.527,-47.852,0.000
1728632048.278,-25.391,-43.945,-34.668,-54.199,0.000
1728632048.282,-45.898,-48.340,-27.832,-58.105,0.000
1728632048.285,-59.570,-40.527,-24.414,-55.176,0.000
1728632048.289,-42.480,-34.668,-17.090,-41.016,0.000
1728632048.293,-26.367,-40.527,-16.113,-22.949,0.000
1728632048.297,-33.691,-52.734,-20.020,-27.832,0.000
1728632048.301,0.000,-46.387,-17.578,-36.621,0.000
1728632048.305,0.000,-21.973,-17.578,-37.598,0.000
1728632048.309,0.000,-15.137,-14.648,-42.480,0.000
1728632048.313,0.000,-26.855,-17.578,-35.156,0.000
1728632048.317,0.000,-31.250,-21.973,-31.250,0.000
1728632048.321,0.000,-39.551,-26.367,-36.133,0.000
1728632048.325,0.000,-46.875,-33.203,-47.363,0.000
1728632048.329,0.000,-34.668,-26.855,-47.852,0.000
1728632048.332,0.000,-31.738,-18.555,-27.344,0.000
1728632048.336,0.000,-26.855,-15.137,-20.508,0.000
1728632048.340,0.000,-34.668,-17.578,-32.715,0.000
1728632048.344,0.000,-40.039,-26.367,-35.156,0.000
1728632048.348,-44.922,-30.273,-31.738,-29.785,0.000
1728632048.352,-24.414,-29.297,-22.949,-25.391,0.000
1728632048.356,-15.137,-37.598,-23.926,-30.273,0.000
1728632048.360,-18.066,-36.621,-29.785,-28.320,0.000
1728632048.364,-39.062,-33.691,-29.297,-25.391,0.000
1728632048.367,-55.664,-35.645,-27.832,-35.156,0.000
1728632048.371,-34.668,-29.785,-35.645,-37.109,0.000
1728632048.375,-26.367,-32.715,-38.574,-19.043,0.000
1728632048.379,-41.504,-46.387,-29.297,-27.832,0.000
1728632048.383,-56.152,-48.340,-29.785,-40.039,0.000
1728632048.387,-48.340,-32.715,-32.227,-31.738,0.000
1728632048.391,-16.602,-25.391,-26.855,-28.320,0.000
1728632048.394,-11.719,-35.156,-26.367,-22.949,0.000
1728632048.398,-37.598,-46.387,-34.180,-19.043,0.000
1728632048.402,-51.270,-40.527,-31.738,-20.996,0.000
1728632048.406,-54.199,-26.367,-32.227,-34.668,0.000
1728632048.410,-35.645,-34.668,-32.227,-41.016,0.000
1728632048.414,-14.160,-39.551,-29.297,-28.809,0.000
1728632048.418,-24.414,-29.297,-30.273,-24.414,0.000
1728632048.422,-47.363,-28.809,-28.809,-27.832,0.000
1728632048.426,-57.617,-30.762,-27.344,-44.434,0.000
1728632048.430,-36.133,-35.156,-24.902,-42.480,0.000
1728632048.433,-10.254,-31.738,-24.902,-35.156,0.000
1728632048.437,-27.344,-35.645,-32.715,-41.992,0.000
1728632048.441,-63.965,-45.410,-38.574,-44.922,0.000
1728632048.445,-65.430,-39.551,-31.738,-39.551,0.000
1728632048.449,-34.180,-35.645,-27.344,-27.344,0.000
1728632048.453,-23.438,-47.852,-32.715,-37.598,0.000
1728632048.457,-41.992,-46.387,-34.668,-40.527,0.000
1728632048.460,-43.457,-41.992,-30.762,-41.016,0.000
1728632048.464,-32.715,-31.250,-23.926,-36.133,0.000
1728632048.468,-27.344,-15.625,-22.461,-14.648,0.000
1728632048.472,-25.391,-16.602,-25.879,-18.555,0.000
1728632048.476,-24.414,-22.461,-27.344,-25.391,0.000
1728632048.480,-35.156,-22.461,-27.344,-26.367,0.000
1728632048.484,-47.852,-29.297,-30.762,-40.039,0.000
1728632048.489,0.000,-39.551,-32.227,-41.992,0.000
1728632048.493,0.000,-30.273,-31.738,-28.809,0.000
1728632048.496,0.000,-24.414,-39.062,-22.461,0.000
1728632048.500,0.000,-28.809,-36.621,-34.180,0.000
1728632048.504,0.000,-35.156,-27.344,-48.828,0.000
1728632048.508,0.000,-37.109,-24.902,-45.410,0.000
1728632048.512,0.000,-32.715,-19.531,-34.668,0.000
1728632048.516,0.000,-41.016,-17.090,-32.227,0.000
1728632048.520,0.000,-41.504,-26.855,-32.715,0.000
1728632048.524,0.000,-30.273,-37.109,-41.016,0.000
1728632048.528,0.000,-26.367,-33.691,-37.598,0.000
1728632048.532,0.000,-19.043,-28.320,-19.531,0.000
1728632048.535,-12.207,-21.973,-31.738,-19.043,0.000
1728632048.539,-21.973,-42.480,-30.273,-21.973,0.000
1728632048.542,-43.457,-45.410,-29.297,-32.227,0.000
1728632048.546,-46.387,-31.738,-20.996,-42.969,0.000
1728632048.550,-27.344,-25.391,-16.113,-31.738,0.000
1728632048.554,-11.719,-28.320,-21.973,-29.785,0.000
1728632048.558,-18.066,-30.273,-30.762,-40.039,0.000
1728632048.562,-39.551,-39.062,-34.180,-42.480,0.000
1728632048.566,-43.945,-40.039,-24.414,-43.945,0.000
1728632048.570,-26.367,-33.691,-25.879,-38.086,0.000
1728632048.574,-19.531,-34.180,-27.832,-27.832,0.000
1728632048.578,-19.043,-32.715,-21.973,-23.926,0.000
1728632048.582,-23.438,-33.691,-28.809,-31.738,0.000
1728632048.586,-37.598,-29.297,-31.250,-37.109,0.000
1728632048.590,-24.414,-22.461,-21.484,-34.180,0.000
1728632048.594,-11.230,-20.996,-19.043,-36.133,0.000
1728632048.598,-25.391,-28.320,-24.414,-29.785,0.000
1728632048.601,-43.457,-40.527,-27.832,-26.855,0.000
1728632048.605,-43.457,-44.922,-26.367,-41.992,0.000
1728632048.609,-33.691,-32.227,-28.809,-45.898,0.000
1728632048.613,-26.367,-30.762,-33.691,-43.945,0.000
1728632048.617,-37.109,-41.016,-28.809,-35.156,0.000
1728632048.621,-42.480,-23.926,-30.273,-30.273,0.000
1728632048.625,-46.387,-21.484,-30.273,-42.969,0.000
1728632048.629,-40.039,-32.227,-24.414,-43.945,0.000
1728632048.633,-20.508,-31.738,-21.973,-31.250,0.000
1728632048.637,-27.344,-41.016,-29.785,-30.762,0.000
1728632048.641,-53.223,-39.062,-36.133,-35.156,0.000
1728632048.645,-63.965,-37.109,-35.156,-40.039,0.000
1728632048.649,-50.293,-33.691,-29.785,-38.086,0.000
1728632048.652,-24.414,-26.367,-17.578,-22.461,0.000
1728632048.656,-25.391,-23.438,-13.184,-19.531,0.000
1728632048.660,-50.293,-26.855,-22.949,-26.367,0.000
1728632048.664,-55.176,-36.621,-30.273,-29.785,0.000
1728632048.668,-34.668,-40.527,-29.297,-36.133,0.000
1728632048.672,-16.113,-31.738,-30.762,-26.367,0.000
1728632048.676,0.000,-28.320,-23.926,-19.531,0.000
1728632048.680,0.000,-23.926,-26.367,-36.133,0.000
1728632048.684,0.000,-26.367,-33.691,-45.410,0.000
1728632048.688,0.000,-25.879,-30.273,-41.992,0.000
1728632048.692,0.000,-23.926,-25.879,-44.434,0.000
1728632048.696,0.000,-38.086,-27.344,-36.133,0.000
1728632048.699,0.000,-40.527,-35.156,-33.203,0.000
1728632048.703,0.000,-32.227,-30.762,-54.199,0.000
1728632048.707,0.000,-28.320,-32.227,-47.852,0.000
1728632048.711,0.000,-33.691,-37.109,-38.574,0.000
1728632048.715,0.000,-41.016,-30.273,-41.992,0.000
1728632048.719,0.000,-46.387,-24.902,-45.410,0.000
1728632048.723,-55.664,-38.086,-25.391,-53.711,0.000
1728632048.727,-50.293,-30.762,-15.625,-43.945,0.000
1728632048.731,-19.531,-37.109,-2.930,-20.508,0.000
1728632048.734,-16.113,-28.809,-11.230,-20.996,0.000
1728632048.738,-38.086,-27.832,-24.902,-23.438,0.000
1728632048.742,-56.152,-41.504,-26.367,-34.180,0.000
1728632048.746,-62.500,-49.316,-21.973,-41.504,0.000
1728632048.750,-36.621,-38.086,-17.578,-29.785,0.000
1728632048.754,-28.320,-38.574,-13.672,-26.367,0.000
1728632048.758,-52.734,-43.945,-2.930,-36.621,0.000
1728632048.762,-61.523,-35.156,-4.883,-46.875,0.000
1728632048.766,-56.641,-36.621,-12.207,-43.457,0.000
1728632048.769,-34.668,-31.250,-7.812,-29.785,0.000
1728632048.773,-29.785,-28.809,-6.348,-31.250,0.000
1728632048.777,-41.016,-51.270,-16.602,-29.297,0.000
1728632048.781,-44.434,-53.223,-24.902,-33.691,0.000
1728632048.785,-72.266,-29.785,-22.949,-43.945,0.000
1728632048.789,-61.035,-23.438,-20.508,-52.246,0.000
1728632048.793,-29.785,-25.391,-20.996,-44.434,0.000
1728632048.797,-39.062,-32.715,-28.809,-33.203,0.000
1728632048.801,-56.641,-36.133,-26.367,-39.551,0.000
1728632048.805,-48.828,-35.645,-11.230,-46.875,0.000
1728632048.808,-28.809,-34.668,-4.395,-38.086,0.000
1728632048.812,-10.254,-32.715,-17.578,-38.574,0.000
1728632048.816,-8.301,-30.762,-26.367,-40.039,0.000
1728632048.820,-43.945,-39.551,-24.902,-35.645,0.000
1728632048.824,-58.105,-46.875,-22.461,-37.109,0.000
1728632048.828,-47.363,-40.039,-25.879,-38.574,0.000
1728632048.831,-33.203,-26.367,-26.367,-32.715,0.000
1728632048.835,-21.484,-21.484,-14.648,-29.297,0.000
1728632048.839,-32.227,-28.320,-13.184,-24.414,0.000
1728632048.843,-41.992,-36.621,-30.762,-35.645,0.000
1728632048.847,-38.574,-36.133,-33.203,-44.922,0.000
1728632048.851,-39.551,-38.086,-28.809,-40.527,0.000
1728632048.855,-43.945,-40.039,-34.668,-48.828,0.000
1728632048.859,-45.898,-44.434,-29.785,-46.875,0.000
1728632048.864,-55.664,-50.781,-24.414,-38.574,0.000
1728632048.867,-52.246,-40.039,-30.762,-38.574,0.000
1728632048.871,-32.715,-37.109,-35.156,-34.668,0.000
1728632048.875,-27.344,-44.434,-36.133,-34.668,0.000
1728632048.879,-40.527,-47.363,-37.109,-41.016,0.000
1728632048.883,-44.922,-50.293,-35.156,-49.805,0.000
1728632048.887,-47.363,-46.387,-41.504,-59.570,0.000
1728632048.891,-34.180,-41.016,-38.086,-51.270,0.000
1728632048.895,-22.461,-34.668,-26.855,-35.645,0.000
1728632048.899,-38.086,-31.738,-30.762,-40.039,0.000
1728632048.903,-53.223,-23.926,-41.504,-43.945,0.000
1728632048.907,-43.945,-16.602,-46.875,-45.898,0.000
1728632048.910,-22.949,-30.273,-42.480,-43.457,0.000
1728632048.913,-12.695,-38.574,-34.180,-38.574,0.000
1728632048.917,-28.809,-33.691,-30.762,-38.086,0.000
1728632048.921,-55.176,-32.715,-30.273,-49.316,0.000
1728632048.925,-59.082,-26.855,-31.738,-62.012,0.000
1728632048.929,-44.434,-30.762,-31.250,-59.082,0.000
1728632048.933,-31.738,-31.738,-35.156,-44.434,0.000
1728632048.937,-38.086,-33.203,-33.691,-42.480,0.000
1728632048.941,-43.945,-38.086,-32.715,-42.480,0.000
1728632048.945,-44.922,-42.480,-39.551,-40.039,0.000
1728632048.949,-37.109,-52.246,-32.715,-38.574,0.000
1728632048.953,-22.461,-39.551,-21.484,-34.180,0.000
1728632048.957,-31.738,-31.738,-24.414,-40.527,0.000
1728632048.961,-49.805,-34.668,-34.668,-43.945,0.000
1728632048.965,-50.293,-31.738,-31.250,-48.828,0.000
1728632048.969,-27.832,-31.738,-25.391,-39.551,0.000
1728632048.973,-9.766,-32.715,-24.902,-23.438,0.000
1728632048.976,-20.020,-33.203,-31.738,-24.902,0.000
1728632048.980,-38.086,-37.598,-32.227,-32.715,0.000
1728632048.984,-45.410,-24.902,-31.738,-32.715,0.000
1728632048.988,-35.645,-16.602,-29.297,-23.438,0.000
1728632048.992,-11.230,-31.738,-12.207,-15.625,0.000
1728632048.996,-10.254,-41.992,-22.461,-24.902,0.000
1728632049.000,-32.715,-37.598,-32.227,-34.668,0.000
1728632049.004,0.000,-31.250,-25.391,-50.293,0.000
1728632049.008,0.000,-32.715,-28.320,-41.992,0.000
1728632049.012,0.000,-32.715,-25.391,-18.555,0.000
1728632049.016,0.000,-30.273,-14.648,-21.973,0.000
1728632049.020,0.000,-37.598,-10.254,-34.180,0.000
1728632049.024,0.000,-47.852,-18.555,-48.340,0.000
1728632049.028,0.000,-45.410,-35.645,-62.500,0.000
1728632049.031,0.000,-35.156,-31.250,-67.383,0.000
1728632049.035,0.000,-40.527,-20.508,-66.406,0.000
1728632049.039,0.000,-48.340,-41.504,-63.477,0.000
1728632049.043,0.000,-38.086,-47.363,-58.594,0.000
1728632049.047,0.000,-44.434,-16.602,-46.387,0.000
1728632049.051,-27.344,-42.969,-43.457,-31.250,0.000
1728632049.055,-35.645,-34.668,-60.059,-25.391,0.000
1728632049.059,-70.801,-54.688,-47.852,-62.012,0.000
1728632049.063,-70.312,-60.547,-76.660,-81.543,0.000
1728632049.067,-39.062,-44.434,-104.980,-33.203,0.000
1728632049.071,-30.762,-47.852,-134.277,-26.367,0.000
1728632049.075,-28.320,-36.133,-164.551,-32.715,0.000
1728632049.078,-25.391,-20.996,-207.520,-22.949,0.000
1728632049.082,-62.500,-34.668,-252.441,-49.805,0.000
1728632049.086,-76.660,-45.410,-303.711,-67.871,0.000
1728632049.090,-47.852,-41.016,-378.418,-47.852,0.000
1728632049.094,-13.184,-19.531,-500.488,-9.766,0.000
1728632049.098,-15.625,-30.762,-577.637,-15.625,0.000
1728632049.102,-40.527,-61.035,-620.117,-43.457,0.000
1728632049.106,-40.527,-68.848,-764.648,-36.133,0.000
1728632049.109,-5.371,-47.363,-940.430,-4.395,0.000
1728632049.113,2.930,-36.133,-1000.000,-17.578,0.000
1728632049.117,-30.273,-48.340,-996.582,-50.293,0.000
1728632049.121,-41.016,-42.480,-1000.000,-39.062,0.000
1728632049.125,-49.316,-43.945,-1000.000,-33.691,0.000
1728632049.129,-46.875,-52.246,-1000.000,-38.574,0.000
1728632049.133,-32.227,-49.805,-1000.000,-26.367,0.000
1728632049.137,-39.551,-54.199,-1000.000,-27.832,0.000
1728632049.141,-42.480,-67.871,-1000.000,-30.762,0.000
1728632049.144,-42.969,-69.336,-1000.000,-24.902,0.000
1728632049.148,-40.039,-61.523,-1000.000,-26.855,0.000
1728632049.152,-17.578,-59.082,-1000.000,-19.043,0.000
1728632049.156,-16.113,-61.035,-1000.000,-0.977,0.000
1728632049.160,-36.621,-67.871,-1000.000,-13.672,0.000
1728632049.164,-44.434,-61.523,-999.023,-31.250,0.000
1728632049.168,-38.086,-50.781,-1000.000,-27.344,0.000
1728632049.172,-15.625,-49.316,-990.234,-22.949,0.000
1728632049.176,-8.789,-46.875,-942.383,-16.602,0.000
1728632049.180,-44.434,-50.293,-893.555,-20.996,0.000
1728632049.183,-55.176,-59.570,-842.285,-30.762,0.000
1728632049.187,-34.668,-60.059,-780.273,-26.367,0.000
1728632049.191,0.000,-44.922,-750.977,-17.090,0.000
1728632049.195,0.000,-41.016,-739.746,-20.996,0.000
1728632049.199,0.000,-49.316,-707.520,-36.621,0.000
1728632049.203,0.000,-63.477,-659.668,-45.898,0.000
1728632049.207,0.000,-62.012,-604.980,-36.621,0.000
1728632049.210,0.000,-54.199,-525.391,-31.250,0.000
1728632049.214,0.000,-58.594,-446.289,-30.273,0.000
1728632049.218,0.000,-59.082,-399.414,-18.066,0.000
1728632049.222,0.000,-44.922,-354.492,-20.508,0.000
1728632049.226,0.000,-35.645,-315.918,-23.926,0.000
1728632049.230,0.000,-34.668,-239.258,-26.367,0.000
1728632049.234,0.000,-35.645,-15.137,-29.297,0.000
1728632049.233,-18.555,-39.551,239.258,-23.438,0.000
1728632049.237,-23.438,-29.297,396.973,-22.949,0.000
1728632049.241,-47.852,-24.902,590.332,-33.203,0.000
1728632049.245,-60.547,-38.086,770.508,-25.879,0.000
1728632049.249,-48.340,-43.457,891.602,-24.902,0.000
1728632049.253,-38.574,-37.598,964.355,-41.016,0.000
1728632049.257,-39.551,-40.527,965.332,-50.781,0.000
1728632049.261,-49.316,-44.434,965.332,-50.293,0.000
1728632049.265,-55.664,-30.273,966.797,-37.598,0.000
1728632049.269,-29.297,-25.879,965.820,-21.973,0.000
1728632049.272,-1.465,-39.062,965.332,-23.926,0.000
1728632049.276,-14.648,-39.062,967.285,-31.738,0.000
1728632049.280,-47.363,-24.902,921.875,-35.645,0.000
1728632049.284,-27.832,-23.438,845.215,-36.621,0.000
1728632049.288,-24.902,-42.969,797.363,-41.504,0.000
1728632049.292,-36.133,-45.410,728.516,-45.410,0.000
1728632049.295,-59.082,-30.762,661.621,-36.621,0.000
1728632049.299,-52.734,-23.926,636.230,-34.668,0.000
1728632049.303,-22.949,-30.273,603.027,-30.762,0.000
1728632049.307,-8.789,-31.250,569.336,-28.809,0.000
1728632049.311,-17.090,-28.809,535.156,-29.785,0.000
1728632049.315,-41.016,-31.250,509.277,-30.762,0.000
1728632049.319,-47.363,-32.227,488.770,-28.809,0.000
1728632049.323,-15.137,-40.527,467.773,-24.414,0.000
1728632049.328,2.930,-41.992,425.781,-22.949,0.000
1728632049.332,-16.602,-35.645,368.164,-29.785,0.000
1728632049.335,-36.133,-29.785,329.102,-44.922,0.000
1728632049.339,-46.875,-28.809,314.941,-47.852,0.000
1728632049.343,-28.320,-22.949,326.172,-36.621,0.000
1728632049.347,-19.531,-26.367,310.547,-32.227,0.000
1728632049.351,-34.180,-30.762,270.996,-28.320,0.000
1728632049.355,-55.664,-32.227,252.441,-32.227,0.000
1728632049.359,-65.918,-47.852,237.305,-46.875,0.000
1728632049.363,-47.852,-44.922,210.449,-49.805,0.000
1728632049.367,-28.320,-26.855,200.684,-36.133,0.000
1728632049.371,-24.414,-28.320,196.777,-34.180,0.000
1728632049.375,-41.504,-36.621,170.410,-45.898,0.000
1728632049.379,-62.500,-35.156,147.461,-59.082,0.000
1728632049.383,-52.734,-25.391,149.414,-53.223,0.000
1728632049.387,-14.648,-18.066,141.602,-34.668,0.000
1728632049.391,-9.766,-32.227,124.512,-30.762,0.000
1728632049.395,-30.762,-43.457,131.348,-43.457,0.000
1728632049.399,-39.551,-31.738,141.113,-48.340,0.000
1728632049.403,-39.551,-26.855,143.066,-34.668,0.000
1728632049.406,-17.578,-28.809,132.324,-29.785,0.000
1728632049.410,-7.812,-21.484,105.469,-27.832,0.000
1728632049.414,-24.414,-10.742,87.402,-28.320,0.000
1728632049.418,-39.551,-13.184,74.219,-36.133,0.000
1728632049.423,-27.832,-24.902,74.707,-38.086,0.000
1728632049.426,-17.090,-32.715,85.938,-31.250,0.000
1728632049.430,-17.090,-26.855,96.191,-26.855,0.000
1728632049.434,-32.227,-22.461,99.609,-22.949,0.000
1728632049.438,-43.457,-35.645,84.961,-29.297,0.000
1728632049.442,-41.016,-41.992,70.312,-35.645,0.000
1728632049.446,-25.391,-32.715,64.453,-30.273,0.000
1728632049.450,-9.277,-36.133,51.270,-27.832,0.000
1728632049.454,-21.973,-46.387,36.621,-25.879,0.000
1728632049.458,-38.574,-42.480,35.156,-34.180,0.000
1728632049.462,-40.039,-38.086,38.086,-35.645,0.000
1728632049.466,-35.645,-33.203,38.086,-42.969,0.000
1728632049.470,-25.879,-30.762,28.809,-50.781,0.000
1728632049.473,-22.949,-31.738,37.598,-35.156,0.000
1728632049.477,-41.504,-35.645,54.199,-36.621,0.000
1728632049.481,-52.246,-38.086,60.059,-42.480,0.000
1728632049.485,-35.156,-33.203,65.918,-44.922,0.000
1728632049.489,-23.438,-28.320,62.988,-33.203,0.000
1728632049.493,-41.016,-41.504,65.430,-20.020,0.000
1728632049.497,-45.898,-48.340,70.801,-26.367,0.000
1728632049.501,-40.039,-34.180,71.289,-23.926,0.000
1728632049.505,-35.156,-32.715,64.941,-22.461,0.000
1728632049.509,-18.066,-22.461,59.082,-24.414,0.000
1728632049.513,-16.602,-22.461,49.805,-21.973,0.000
1728632049.518,-30.762,-31.738,34.668,-32.715,0.000
1728632049.522,-30.762,-31.250,34.668,-33.203,0.000
1728632049.526,-16.602,-29.297,58.105,-22.461,0.000
1728632049.530,-16.602,-36.621,70.312,-20.508,0.000
1728632049.534,-28.320,-45.898,68.359,-18.555,0.000
1728632049.537,-39.551,-40.039,59.082,-26.367,0.000
1728632049.541,-41.016,-30.273,53.711,-27.832,0.000
1728632049.545,-25.879,-33.203,50.293,-25.391,0.000
1728632049.549,-13.184,-32.715,48.340,-23.438,0.000
1728632049.553,-11.230,-31.250,52.734,-13.672,0.000
1728632049.557,-24.414,-29.297,50.781,-16.602,0.000
1728632049.561,-40.527,-32.715,41.504,-26.367,0.000
1728632049.565,-38.086,-33.203,38.086,-22.949,0.000
1728632049.568,-17.090,-31.250,34.180,-19.531,0.000
1728632049.572,-6.348,-27.832,27.832,-25.879,0.000
1728632049.576,-19.043,-20.020,31.738,-25.391,0.000
1728632049.580,-32.227,-26.367,25.391,-33.691,0.000
1728632049.584,-25.879,-27.832,18.066,-36.621,0.000
1728632049.588,0.488,-25.879,17.090,-21.973,0.000
1728632049.592,-5.859,-35.645,19.531,-9.277,0.000
1728632049.596,-39.062,-34.668,24.414,-22.949,0.000
1728632049.600,-52.734,-29.297,23.926,-42.480,0.000
1728632049.604,-44.434,-22.949,28.320,-41.992,0.000
1728632049.607,-23.926,-14.160,29.297,-23.438,0.000
1728632049.612,2.441,-20.996,25.879,-19.531,0.000
1728632049.616,-4.395,-32.227,23.926,-28.809,0.000
1728632049.620,-43.457,-38.086,8.301,-41.992,0.000
1728632049.624,-52.734,-45.410,-0.977,-55.664,0.000
1728632049.628,-31.738,-47.363,14.648,-47.363,0.000
1728632049.632,-20.020,-48.340,19.531,-35.156,0.000
1728632049.636,-37.109,-42.969,17.578,-37.109,0.000
1728632049.640,-47.852,-30.762,33.691,-43.457,0.000
1728632049.644,-37.109,-19.531,49.316,-44.922,0.000
1728632049.648,-25.879,-25.391,46.387,-39.551,0.000
1728632049.651,-27.344,-37.598,34.180,-41.016,0.000
1728632049.655,-44.922,-39.551,20.508,-51.758,0.000
1728632049.658,-69.824,-39.062,6.348,-61.035,0.000
1728632049.662,-72.754,-46.875,-2.441,-48.828,0.000
1728632049.666,-44.434,-44.434,-0.977,-46.387,0.000
1728632049.670,-25.391,-34.180,4.395,-53.711,0.000
1728632049.674,-32.227,-30.273,6.348,-50.293,0.000
1728632049.678,-52.246,-37.598,4.395,-44.922,0.000
1728632049.682,-54.688,-40.527,1.953,-48.828,0.000
1728632049.686,-30.762,-36.621,-2.930,-54.199,0.000
1728632049.690,-37.598,-42.969,-1.465,-38.086,0.000
1728632049.694,-51.758,-47.363,-3.418,-30.762,0.000
1728632049.698,-54.199,-51.270,-13.184,-38.574,0.000
1728632049.701,-54.199,-46.387,-8.789,-39.062,0.000
1728632049.706,-47.363,-34.668,-10.742,-42.480,0.000
1728632049.710,-36.621,-47.363,-20.508,-39.062,0.000
1728632049.714,-37.109,-50.781,-9.766,-37.109,0.000
1728632049.718,-46.387,-35.156,2.930,-40.527,0.000
1728632049.722,-48.828,-26.855,-1.465,-47.363,0.000
1728632049.726,-51.270,-24.414,-10.742,-41.992,0.000
1728632049.729,-35.645,-28.809,-5.371,-27.832,0.000
1728632049.733,-33.203,-41.992,-5.859,-34.668,0.000
1728632049.737,-54.199,-39.551,-11.719,-49.805,0.000
1728632049.741,-61.523,-31.738,-9.277,-54.199,0.000
1728632049.745,-38.574,-33.203,0.977,-36.133,0.000
1728632049.749,-20.508,-30.273,6.348,-29.785,0.000
1728632049.753,0.000,-24.414,6.836,-38.574,0.000
1728632049.757,0.000,-34.180,0.488,-31.738,0.000
1728632049.761,0.000,-35.156,-8.301,-36.621,0.000
1728632049.765,0.000,-31.250,-10.254,-37.598,0.000
1728632049.769,0.000,-42.480,-10.742,-22.461,0.000
1728632049.773,0.000,-41.992,-11.719,-24.414,0.000
1728632049.777,0.000,-34.180,-9.766,-30.273,0.000
1728632049.781,0.000,-36.621,-2.441,-41.504,0.000
1728632049.784,0.000,-40.039,6.348,-42.969,0.000
1728632049.788,0.000,-27.344,7.812,-28.320,0.000
1728632049.792,0.000,-15.625,0.488,-29.297,0.000
1728632049.796,0.000,-21.484,-14.160,-38.086,0.000
1728632049.796,-32.227,-24.414,-11.719,-37.109,0.000
1728632049.800,-47.363,-21.973,0.488,-38.086,0.000
1728632049.804,-56.152,-21.973,4.395,-37.109,0.000
1728632049.808,-42.480,-21.484,8.789,-24.414,0.000
1728632049.812,-18.555,-30.762,6.348,-19.043,0.000
1728632049.816,-20.020,-38.574,-3.906,-35.156,0.000
1728632049.820,-39.062,-33.691,-5.859,-60.059,0.000
1728632049.824,-40.527,-20.508,-2.441,-62.012,0.000
1728632049.828,-31.738,-16.113,-5.859,-40.527,0.000
1728632049.831,-20.020,-22.949,-7.324,-30.273,0.000
1728632049.835,-24.902,-33.691,-11.719,-39.062,0.000
1728632049.839,-42.480,-36.621,-7.324,-38.574,0.000
1728632049.843,-21.484,-27.832,4.395,-30.273,0.000
1728632049.847,-24.414,-24.414,2.930,-32.715,0.000
1728632049.851,-33.691,-25.879,-4.883,-30.762,0.000
1728632049.855,-46.387,-26.367,-5.859,-27.344,0.000
1728632049.859,-42.480,-26.855,2.930,-35.156,0.000
1728632049.863,-21.973,-33.691,4.395,-35.156,0.000
1728632049.867,-16.113,-35.645,0.488,-25.879,0.000
1728632049.871,-23.438,-33.203,0.488,-20.996,0.000
1728632049.875,-44.434,-41.992,-8.789,-30.762,0.000
1728632049.879,-52.734,-41.504,-8.301,-43.945,0.000
1728632049.883,-35.156,-31.738,-4.395,-32.715,0.000
1728632049.886,-10.742,-28.809,-7.812,-15.137,0.000
1728632049.891,-15.625,-30.273,-12.695,-21.973,0.000
1728632049.894,-46.875,-33.203,-13.672,-38.574,0.000
1728632049.898,-60.059,-43.945,-7.812,-42.969,0.000
1728632049.902,-46.875,-41.504,-5.371,-39.062,0.000
1728632049.906,-14.160,-24.414,3.906,-23.926,0.000
1728632049.910,-14.648,-20.508,8.301,-14.648,0.000
1728632049.914,-38.086,-27.832,0.488,-32.715,0.000
1728632049.918,-53.711,-39.062,-1.953,-41.504,0.000
1728632049.922,-51.270,-34.180,3.906,-38.574,0.000
1728632049.926,-19.531,-26.367,-0.488,-33.203,0.000
1728632049.930,-14.648,-32.227,-16.113,-26.855,0.000
1728632049.934,-45.410,-41.992,-26.855,-33.691,0.000
1728632049.937,0.000,-43.945,-22.461,-40.039,0.000
1728632049.941,0.000,-41.504,-16.602,-40.039,0.000
1728632049.945,0.000,-36.133,-10.742,-33.691,0.000
1728632049.949,0.000,-33.203,-6.836,-25.879,0.000
1728632049.953,0.000,-41.016,-17.578,-41.016,0.000
1728632049.957,0.000,-42.480,-23.438,-48.828,0.000
1728632049.961,0.000,-37.109,-17.578,-41.016,0.000
1728632049.965,0.000,-40.527,-20.996,-31.738,0.000
1728632049.969,0.000,-43.945,-24.902,-29.297,0.000
1728632049.973,0.000,-39.062,-25.391,-32.715,0.000
1728632049.976,0.000,-37.109,-29.297,-31.250,0.000
1728632049.980,0.000,-44.922,-23.926,-43.945,0.000
1728632049.985,-20.996,-41.016,-11.230,-37.598,0.000
1728632049.989,-11.230,-28.320,-8.789,-28.320,0.000
1728632049.993,-38.086,-30.762,-12.695,-39.551,0.000
1728632049.997,-66.406,-34.180,-19.043,-42.480,0.000
1728632050.001,-60.547,-25.391,-20.020,-40.039,0.000
1728632050.005,-33.203,-26.855,-20.020,-34.668,0.000
1728632050.009,-32.227,-32.715,-29.297,-24.902,0.000
1728632050.013,-50.293,-33.203,-27.832,-30.273,0.000
1728632050.017,-55.664,-34.180,-21.973,-39.062,0.000
1728632050.021,-48.828,-34.668,-25.391,-46.875,0.000
1728632050.025,-32.227,-32.715,-24.414,-39.062,0.000
1728632050.028,-12.695,-29.297,-14.160,-20.508,0.000
1728632050.032,-16.602,-27.344,-15.137,-12.695,0.000
1728632050.036,-47.852,-26.855,-17.090,-16.602,0.000
1728632050.040,-55.664,-26.367,-20.996,-33.691,0.000
1728632050.043,-35.156,-22.949,-24.414,-33.203,0.000
1728632050.047,-23.926,-25.879,-23.926,-28.809,0.000
1728632050.051,-32.227,-29.297,-21.484,-28.320,0.000
1728632050.055,-51.758,-37.109,-21.973,-32.227,0.000
1728632050.059,-59.570,-40.527,-23.926,-47.363,0.000
1728632050.063,-26.855,-34.180,-20.020,-37.598,0.000
1728632050.067,1.953,-34.668,-25.391,-25.879,0.000
1728632050.071,-19.531,-30.273,-30.273,-34.180,0.000
1728632050.075,-48.340,-23.926,-27.344,-43.945,0.000
1728632050.079,0.000,-30.273,-24.902,-39.062,0.000
1728632050.083,0.000,-32.715,-20.996,-41.016,0.000
1728632050.087,0.000,-36.621,-23.438,-43.457,0.000
1728632050.091,0.000,-41.016,-26.855,-36.621,0.000
1728632050.095,0.000,-31.250,-26.855,-36.133,0.000
1728632050.099,0.000,-28.320,-31.250,-44.922,0.000
1728632050.103,0.000,-18.555,-27.832,-47.852,0.000
1728632050.107,0.000,-15.137,-13.672,-39.062,0.000
1728632050.111,0.000,-26.367,-6.836,-35.156,0.000
1728632050.115,0.000,-26.367,-4.883,-31.250,0.000
1728632050.118,0.000,-20.996,-1.465,-41.504,0.000
1728632050.122,0.000,-21.973,-1.953,-46.875,0.000
1728632050.123,-58.594,-25.879,-5.371,-23.438,0.000
1728632050.127,-43.945,-31.250,-0.488,-9.277,0.000
1728632050.131,-32.227,-41.504,0.000,-16.113,0.000
1728632050.135,-33.203,-40.527,-8.301,-25.879,0.000
1728632050.139,-40.527,-31.738,-11.719,-39.551,0.000
1728632050.142,-46.875,-28.320,-8.301,-39.551,0.000
1728632050.146,-30.273,-30.273,-12.207,-38.574,0.000
1728632050.150,-8.301,-44.922,-16.602,-34.180,0.000
1728632050.154,-4.395,-47.852,-14.160,-29.297,0.000
1728632050.158,-33.203,-32.227,-15.625,-29.297,0.000
1728632050.162,-54.688,-34.668,-8.301,-30.762,0.000
1728632050.166,-46.875,-45.410,-13.184,-35.645,0.000
1728632050.170,-33.691,-39.062,-25.879,-38.574,0.000
1728632050.174,-47.852,-27.832,-19.531,-35.156,0.000
1728632050.178,-48.340,-31.738,-10.742,-36.133,0.000
1728632050.182,-9.766,-44.922,-8.789,-25.391,0.000
1728632050.186,-1.953,-47.363,-15.625,-24.902,0.000
1728632050.190,-42.969,-47.852,-25.391,-40.527,0.000
1728632050.194,-65.430,-48.828,-24.414,-54.199,0.000
1728632050.198,-59.570,-40.527,-23.438,-53.711,0.000
1728632050.202,-40.039,-30.273,-21.973,-39.062,0.000
1728632050.206,-23.926,-26.855,-23.926,-37.109,0.000
1728632050.209,-31.738,-31.738,-26.367,-40.527,0.000
1728632050.213,-43.945,-35.645,-25.391,-44.922,0.000
1728632050.218,-48.340,-32.715,-23.438,-50.293,0.000
1728632050.222,-35.645,-25.879,-24.902,-53.223,0.000
1728632050.226,-23.926,-27.832,-30.762,-48.828,0.000
1728632050.229,-26.855,-36.133,-31.738,-39.551,0.000
1728632050.233,-31.738,-40.039,-29.785,-45.410,0.000
1728632050.237,-45.410,-39.062,-26.855,-47.363,0.000
1728632050.241,-35.156,-40.527,-20.996,-39.551,0.000
1728632050.245,-17.578,-28.809,-15.625,-33.691,0.000
1728632050.249,-23.438,-19.043,-14.160,-31.738,0.000
1728632050.253,-42.969,-26.367,-22.949,-44.922,0.000
1728632050.257,-50.293,-30.273,-29.785,-50.781,0.000
1728632050.261,-21.484,-26.855,-25.879,-35.156,0.000
1728632050.265,0.488,-27.344,-25.879,-22.461,0.000
1728632050.269,-13.184,-40.527,-23.438,-22.949,0.000
1728632050.273,-48.828,-49.316,-27.832,-36.133,0.000
1728632050.276,-68.848,-50.293,-37.109,-51.758,0.000
1728632050.280,-48.340,-45.410,-24.902,-49.805,0.000
1728632050.284,-25.879,-30.273,-18.555,-46.875,0.000
1728632050.288,-27.344,-17.090,-29.297,-49.316,0.000
1728632050.292,-42.969,-22.949,-31.738,-45.898,0.000
1728632050.296,-46.875,-22.461,-20.508,-39.062,0.000
1728632050.300,-24.902,-22.949,-7.812,-31.738,0.000
1728632050.304,4.395,-14.648,-9.277,-19.531,0.000
1728632050.308,-8.301,-6.836,-12.207,-18.066,0.000
1728632050.312,-42.480,-27.832,-20.020,-23.926,0.000
1728632050.315,-59.570,-39.062,-29.785,-47.363,0.000
1728632050.319,-53.711,-25.391,-28.809,-54.199,0.000
1728632050.323,-40.039,-18.066,-16.602,-38.574,0.000
1728632050.327,-38.574,-18.555,-15.625,-35.156,0.000
1728632050.331,-40.527,-20.996,-23.438,-33.691,0.000
1728632050.335,-51.758,-29.297,-22.949,-37.109,0.000
1728632050.339,-45.410,-37.109,-16.113,-39.062,0.000
1728632050.343,-18.066,-34.668,-16.113,-21.484,0.000
1728632050.347,-6.348,-26.855,-22.949,-17.578,0.000
1728632050.351,-29.785,-22.461,-32.227,-30.762,0.000
1728632050.355,-51.270,-28.809,-38.574,-35.156,0.000
1728632050.358,0.000,-37.598,-38.086,-38.086,0.000
1728632050.362,0.000,-45.898,-36.621,-41.016,0.000
1728632050.366,0.000,-45.410,-38.574,-35.156,0.000
1728632050.370,0.000,-40.527,-43.457,-33.203,0.000
1728632050.374,0.000,-51.758,-39.062,-28.320,0.000
1728632050.378,0.000,-44.434,-30.273,-24.414,0.000
1728632050.382,0.000,-27.344,-37.598,-27.344,0.000
1728632050.386,0.000,-26.367,-39.551,-31.738,0.000
1728632050.390,0.000,-32.715,-34.180,-42.480,0.000
1728632050.393,0.000,-31.250,-32.715,-38.574,0.000
1728632050.397,0.000,-25.391,-30.273,-25.391,0.000
1728632050.401,0.000,-30.762,-35.156,-19.531,0.000
1728632050.405,-10.254,-31.250,-34.668,-22.461,0.000
1728632050.409,-13.672,-32.715,-32.715,-38.086,0.000
1728632050.413,-45.410,-41.016,-29.297,-41.016,0.000
1728632050.417,-49.805,-34.180,-20.996,-24.902,0.000
1728632050.420,-24.902,-22.461,-15.625,-10.742,0.000
1728632050.424,-7.812,-27.344,-21.484,-9.277,0.000
1728632050.428,-18.555,-32.227,-29.785,-15.137,0.000
1728632050.432,-39.062,-40.039,-33.203,-34.668,0.000
1728632050.436,-43.457,-40.039,-37.109,-37.598,0.000
1728632050.440,-19.531,-32.715,-36.133,-20.020,0.000
1728632050.444,-6.348,-31.250,-28.320,-9.277,0.000
1728632050.448,-28.809,-38.086,-19.531,-4.883,0.000
1728632050.453,-47.363,-42.480,-22.461,-7.324,0.000
1728632050.457,-52.734,-27.832,-26.367,-24.902,0.000
1728632050.460,-44.922,-16.602,-18.066,-28.320,0.000
1728632050.464,-26.855,-27.344,-14.648,-17.578,0.000
1728632050.468,-23.438,-42.969,-18.066,-10.742,0.000
1728632050.472,-40.527,-43.457,-21.973,-19.043,0.000
1728632050.476,-39.062,-42.480,-23.926,-28.809,0.000
1728632050.480,-26.855,-49.316,-25.391,-36.621,0.000
1728632050.484,-34.180,-47.363,-29.785,-35.645,0.000
1728632050.488,-30.762,-38.086,-31.738,-23.438,0.000
1728632050.492,-38.574,-32.715,-35.645,-32.227,0.000
1728632050.496,-56.152,-31.738,-34.668,-44.434,0.000
1728632050.500,0.000,-35.645,-31.738,-32.715,0.000
1728632050.504,0.000,-42.969,-30.762,-13.184,0.000
1728632050.508,0.000,-33.203,-28.809,-15.625,0.000
1728632050.512,0.000,-27.832,-29.297,-27.832,0.000
1728632050.516,0.000,-32.227,-36.621,-31.250,0.000
1728632050.520,0.000,-34.180,-33.203,-30.273,0.000
1728632050.524,0.000,-36.621,-30.762,-17.578,0.000
1728632050.527,0.000,-37.109,-34.668,-7.812,0.000
1728632050.531,0.000,-32.715,-35.156,2.441,0.000
1728632050.535,0.000,-35.156,-32.715,-17.578,0.000
1728632050.539,0.000,-44.434,-35.645,-40.039,0.000
1728632050.543,0.000,-46.875,-39.551,-41.504,0.000
1728632050.549,-16.602,-43.945,-47.363,-47.852,0.000
1728632050.553,-30.273,-31.738,-49.805,-50.781,0.000
1728632050.557,-41.992,-31.738,-42.480,-49.316,0.000
1728632050.561,-39.062,-39.551,-34.668,-49.316,0.000
1728632050.565,-25.391,-39.062,-32.715,-34.668,0.000
1728632050.568,-14.648,-34.668,-35.156,-31.738,0.000
1728632050.572,-24.902,-27.832,-35.645,-31.738,0.000
1728632050.576,-41.992,-32.227,-30.273,-25.879,0.000
1728632050.580,-55.664,-36.133,-24.902,-31.250,0.000
1728632050.584,-48.340,-32.715,-20.508,-32.715,0.000
1728632050.588,-16.113,-28.809,-30.273,-38.086,0.000
1728632050.592,-18.066,-28.320,-44.434,-42.969,0.000
1728632050.596,-43.457,-36.621,-46.875,-42.480,0.000
1728632050.600,-61.035,-42.969,-36.133,-39.551,0.000
1728632050.604,-45.898,-43.945,-34.668,-31.738,0.000
1728632050.608,-29.297,-36.133,-47.363,-34.668,0.000
1728632050.611,-38.086,-27.832,-43.945,-34.668,0.000
1728632050.615,-52.734,-33.691,-31.738,-30.762,0.000
1728632050.619,-45.898,-42.480,-26.855,-40.527,0.000
1728632050.623,-32.227,-37.109,-26.855,-31.738,0.000
1728632050.627,-7.812,-28.809,-25.879,-16.602,0.000
1728632050.631,-6.836,-25.879,-24.902,-18.066,0.000
1728632050.635,-31.250,-24.902,-29.297,-25.879,0.000
1728632050.639,-45.410,-22.461,-39.551,-33.691,0.000
1728632050.642,-40.039,-18.066,-38.086,-33.691,0.000
1728632050.646,-19.043,-15.137,-35.156,-31.250,0.000
1728632050.650,-20.020,-16.113,-41.504,-28.809,0.000
1728632050.654,-43.945,-24.902,-40.039,-30.762,0.000
1728632050.658,-57.617,-27.344,-30.762,-42.480,0.000
1728632050.662,-37.109,-20.508,-21.484,-50.293,0.000
1728632050.666,-19.531,-23.926,-18.066,-45.410,0.000
1728632050.670,-14.160,-23.438,-25.391,-31.250,0.000
1728632050.674,-28.320,-17.578,-21.973,-32.227,0.000
1728632050.678,-53.223,-28.809,-21.973,-44.922,0.000
1728632050.682,-49.805,-25.391,-33.691,-49.316,0.000
1728632050.685,-30.273,-20.020,-30.273,-52.246,0.000
1728632050.689,-20.508,-21.973,-25.879,-41.504,0.000
1728632050.693,-33.691,-23.438,-18.066,-29.785,0.000
1728632050.697,-41.016,-37.598,-12.207,-44.922,0.000
1728632050.701,-32.227,-42.969,-12.695,-52.734,0.000
1728632050.705,-33.691,-38.574,-18.555,-40.527,0.000
1728632050.709,-35.645,-35.156,-28.809,-30.273,0.000
1728632050.712,-48.340,-30.273,-27.832,-39.062,0.000
1728632050.716,-57.617,-34.180,-21.484,-42.480,0.000
1728632050.720,-50.781,-35.156,-19.531,-47.363,0.000
1728632050.724,-31.738,-44.922,-17.578,-50.781,0.000
1728632050.728,-18.555,-57.129,-14.160,-42.480,0.000
1728632050.732,-25.879,-45.410,-17.090,-38.086,0.000
1728632050.737,-46.387,-25.879,-27.344,-50.781,0.000
1728632050.741,-45.410,-21.484,-23.926,-53.711,0.000
1728632050.745,-23.438,-20.020,-15.137,-48.340,0.000
1728632050.749,-21.973,-23.926,-16.113,-50.781,0.000
1728632050.753,-27.832,-37.598,-18.066,-39.551,0.000
1728632050.756,-43.457,-42.969,-31.250,-42.480,0.000
1728632050.760,-55.176,-42.480,-40.039,-38.086,0.000
1728632050.764,-48.828,-36.133,-33.691,-28.320,0.000
1728632050.768,-31.250,-24.414,-34.668,-45.410,0.000
1728632050.772,-26.367,-17.578,-37.598,-54.688,0.000
1728632050.776,-43.945,-14.160,-41.016,-48.340,0.000
1728632050.780,-48.340,-7.812,-42.480,-43.945,0.000
1728632050.783,-23.438,-12.207,-35.156,-41.992,0.000
1728632050.787,-11.230,-21.973,-26.367,-40.039,0.000
1728632050.791,-18.555,-26.855,-26.367,-28.320,0.000
1728632050.795,-42.969,-38.086,-38.086,-35.156,0.000
1728632050.799,-55.664,-51.270,-39.551,-51.758,0.000
1728632050.803,-37.598,-40.527,-33.203,-38.574,0.000
1728632050.807,-17.578,-29.785,-32.715,-26.855,0.000
1728632050.810,-14.648,-35.156,-40.527,-26.367,0.000
1728632050.814,-34.180,-35.156,-45.898,-29.297,0.000
1728632050.818,-50.781,-42.480,-43.945,-41.504,0.000
1728632050.822,-26.855,-44.922,-36.621,-41.504,0.000
1728632050.826,-0.977,-27.344,-26.367,-23.926,0.000
1728632050.831,-15.625,-23.438,-25.879,-12.207,0.000
1728632050.835,-34.180,-40.527,-34.668,-25.391,0.000
1728632050.839,-47.852,-48.340,-38.574,-46.387,0.000
1728632050.842,-45.898,-40.039,-31.738,-40.039,0.000
1728632050.846,-23.438,-33.691,-30.762,-24.414,0.000
1728632050.850,-23.438,-41.504,-35.645,-6.836,0.000
1728632050.854,-37.109,-42.480,-29.785,-7.812,0.000
1728632050.858,-27.832,-38.574,-17.090,-30.762,0.000
1728632050.862,-22.461,-42.969,-15.137,-30.273,0.000
1728632050.866,-26.367,-38.574,-27.344,-16.602,0.000
1728632050.870,-31.250,-25.391,-28.809,-21.973,0.000
1728632050.874,-43.945,-25.879,-31.250,-19.531,0.000
1728632050.878,-54.199,-29.785,-32.715,-26.367,0.000
1728632050.882,-46.387,-33.691,-30.273,-36.621,0.000
1728632050.886,-20.508,-41.016,-33.691,-26.367,0.000
1728632050.890,-11.230,-27.832,-34.668,-16.602,0.000
1728632050.894,-24.414,-14.160,-37.598,-23.926,0.000
1728632050.898,-35.645,-30.762,-34.668,-26.855,0.000
1728632050.901,-37.109,-42.480,-29.297,-39.062,0.000
1728632050.905,-31.738,-27.832,-31.738,-50.781,0.000
1728632050.909,-22.949,-20.508,-34.668,-41.504,0.000
1728632050.913,-39.551,-24.414,-32.227,-28.320,0.000
1728632050.917,-62.012,-35.645,-35.645,-36.133,0.000
1728632050.921,-55.176,-45.410,-28.809,-46.875,0.000
1728632050.925,-33.691,-46.875,-23.926,-41.992,0.000
1728632050.929,-22.949,-46.387,-30.762,-41.504,0.000
1728632050.933,-25.391,-33.691,-26.367,-36.133,0.000
1728632050.937,-39.551,-23.438,-22.461,-27.832,0.000
1728632050.941,-40.039,-23.438,-27.832,-29.297,0.000
1728632050.945,-19.043,-39.062,-32.227,-24.414,0.000
1728632050.949,-1.465,-58.594,-26.367,-16.113,0.000
1728632050.953,-6.348,-47.363,-26.855,-22.949,0.000
1728632050.956,-36.133,-40.527,-29.297,-27.832,0.000
1728632050.960,-58.594,-38.574,-19.531,-33.691,0.000
1728632050.964,-35.645,-32.227,-8.789,-16.113,0.000
1728632050.968,-10.254,-31.738,-3.418,-1.465,0.000
1728632050.972,-36.133,-37.598,-7.324,-20.508,0.000
1728632050.976,-71.289,-47.363,-17.578,-40.039,0.000
1728632050.980,-62.012,-48.340,-19.531,-43.457,0.000
1728632050.984,-37.598,-51.758,-17.090,-44.922,0.000
1728632050.988,-28.320,-48.828,-29.297,-41.016,0.000
1728632050.992,-34.180,-44.434,-37.598,-40.039,0.000
1728632050.995,-51.270,-38.574,-36.133,-46.875,0.000
1728632050.999,-55.176,-29.785,-35.156,-39.062,0.000
1728632051.003,-37.598,-21.484,-27.832,-36.133,0.000
1728632051.007,-24.414,-29.297,-23.438,-38.086,0.000
1728632051.011,-27.832,-54.199,-16.113,-29.297,0.000
1728632051.015,-39.551,-53.223,-17.090,-29.785,0.000
1728632051.019,-51.270,-33.203,-23.926,-37.109,0.000
1728632051.023,-41.992,-21.973,-21.484,-33.203,0.000
1728632051.027,-20.020,-20.020,-29.785,-27.832,0.000
1728632051.030,-24.414,-29.785,-38.086,-39.062,0.000
1728632051.034,-44.922,-31.250,-36.621,-42.480,0.000
1728632051.038,-55.176,-28.320,-35.156,-33.203,0.000
1728632051.042,-39.062,-38.086,-28.809,-45.410,0.000
1728632051.046,-14.160,-40.527,-30.762,-42.480,0.000
1728632051.050,-15.625,-32.715,-32.227,-30.273,0.000
1728632051.054,-31.738,-30.762,-30.762,-34.180,0.000
1728632051.058,-47.852,-46.387,-33.691,-39.062,0.000
1728632051.062,-52.246,-51.270,-29.297,-47.363,0.000
1728632051.065,0.000,-40.527,-27.832,-48.340,0.000
1728632051.069,0.000,-37.109,-27.832,-45.898,0.000
1728632051.073,0.000,-27.832,-29.785,-43.457,0.000
1728632051.077,0.000,-29.785,-35.645,-40.039,0.000
1728632051.081,0.000,-40.527,-35.156,-52.246,0.000
1728632051.085,0.000,-45.898,-41.016,-52.734,0.000
1728632051.089,0.000,-41.504,-42.969,-39.062,0.000
1728632051.093,0.000,-38.574,-33.691,-38.086,0.000
1728632051.097,0.000,-44.922,-30.762,-46.875,0.000
1728632051.100,0.000,-45.898,-27.832,-54.199,0.000
1728632051.104,0.000,-39.062,-30.762,-55.664,0.000
1728632051.108,0.000,-30.762,-28.320,-41.504,0.000
1728632051.113,-36.621,-39.062,-33.203,-39.551,0.000
1728632051.117,-69.824,-40.039,-53.711,-53.223,0.000
1728632051.121,-61.523,-32.227,-63.965,-49.316,0.000
1728632051.125,-36.133,-43.457,-54.199,-29.297,0.000
1728632051.129,-19.531,-45.410,-46.387,-24.414,0.000
1728632051.133,-19.043,-38.086,-49.805,-27.832,0.000
1728632051.137,-37.598,-29.785,-48.340,-37.109,0.000
1728632051.140,-56.152,-24.902,-37.598,-46.387,0.000
1728632051.144,-46.387,-33.203,-31.250,-48.340,0.000
1728632051.148,-33.203,-38.574,-33.203,-46.875,0.000
1728632051.152,-39.062,-43.457,-34.180,-50.293,0.000
1728632051.156,-52.734,-36.133,-37.109,-54.688,0.000
1728632051.159,-60.547,-25.879,-42.969,-54.688,0.000
1728632051.163,-45.898,-29.785,-34.180,-48.828,0.000
1728632051.167,-22.461,-25.391,-27.832,-38.574,0.000
1728632051.171,-16.113,-23.438,-36.621,-28.320,0.000
1728632051.175,-25.391,-35.645,-34.180,-29.785,0.000
1728632051.179,-54.688,-39.551,-38.086,-49.805,0.000
1728632051.183,-61.035,-36.621,-34.180,-50.293,0.000
1728632051.186,-29.785,-37.109,-25.391,-36.133,0.000
1728632051.190,-25.879,-29.297,-27.344,-34.180,0.000
1728632051.194,-36.621,-27.344,-34.180,-38.574,0.000
1728632051.198,-35.645,-30.273,-38.086,-40.527,0.000
1728632051.202,-36.621,-32.715,-39.551,-53.223,0.000
1728632051.207,-31.738,-25.391,-42.969,-47.363,0.000
1728632051.210,-32.715,-26.855,-44.922,-35.645,0.000
1728632051.214,-49.316,-41.016,-44.922,-47.363,0.000
1728632051.218,-48.340,-38.086,-34.180,-41.016,0.000
1728632051.222,-19.531,-53.223,-27.344,-24.414,0.000
1728632051.226,7.324,-55.176,-30.762,-20.996,0.000
1728632051.230,1.465,-25.391,-30.762,-16.113,0.000
1728632051.234,-41.016,-12.695,-41.992,-35.156,0.000
1728632051.238,-63.477,-13.184,-46.875,-50.293,0.000
1728632051.242,-46.387,-33.691,-35.645,-48.340,0.000
1728632051.246,-32.227,-44.434,-32.227,-43.457,0.000
1728632051.250,-23.926,-31.250,-36.621,-38.574,0.000
1728632051.254,0.000,-24.902,-35.645,-39.551,0.000
1728632051.258,0.000,-31.738,-35.156,-46.387,0.000
1728632051.262,0.000,-22.461,-27.832,-39.551,0.000
1728632051.266,0.000,-12.207,-18.066,-27.832,0.000
1728632051.269,0.000,-15.625,-13.184,-28.809,0.000
1728632051.273,0.000,-26.855,-16.113,-38.574,0.000
1728632051.277,0.000,-37.109,-23.926,-41.504,0.000
1728632051.281,0.000,-34.668,-33.691,-50.781,0.000
1728632051.285,0.000,-35.645,-21.484,-44.434,0.000
1728632051.289,0.000,-50.781,-8.301,-50.293,0.000
1728632051.293,0.000,-50.781,-20.508,-50.293,0.000
1728632051.297,0.000,-45.898,-30.762,-36.621,0.000
1728632051.297,-37.109,-49.805,-30.273,-43.457,0.000
1728632051.301,-56.152,-48.340,-34.668,-41.992,0.000
1728632051.305,-45.898,-41.504,-58.105,-42.480,0.000
1728632051.309,-24.902,-37.598,-49.316,-41.504,0.000
1728632051.313,-10.254,-42.969,-83.008,-41.016,0.000
1728632051.316,-31.250,-38.086,-99.121,-38.574,0.000
1728632051.320,-53.711,-5.859,-108.887,1.465,0.000
1728632051.324,-57.617,3.906,-114.258,8.789,0.000
1728632051.328,-57.617,-34.668,-133.789,-38.574,0.000
1728632051.332,-59.570,-41.016,-186.035,-43.457,0.000
1728632051.336,-55.664,-32.715,-226.562,-20.020,0.000
1728632051.340,-47.852,-42.480,-276.367,-26.367,0.000
1728632051.344,-30.273,-51.270,-329.102,-31.250,0.000
1728632051.348,-29.297,-45.410,-434.082,-13.184,0.000
1728632051.352,-20.996,-31.250,-579.102,-9.277,0.000
1728632051.356,-21.973,-36.621,-661.621,-28.809,0.000
1728632051.360,-32.715,-38.574,-727.051,-27.344,0.000
1728632051.364,-17.090,-32.715,-880.859,-25.879,0.000
1728632051.367,-18.066,-35.156,-995.605,-41.016,0.000
1728632051.371,-48.828,-44.434,-999.512,-48.340,0.000
1728632051.375,-55.664,-48.340,-998.047,-52.734,0.000
1728632051.379,-37.598,-40.039,-1000.000,-40.039,0.000
1728632051.383,-17.578,-38.574,-1000.000,-28.809,0.000
1728632051.387,-11.230,-46.387,-1000.000,-26.367,0.000
1728632051.391,-19.043,-50.781,-1000.000,-17.578,0.000
1728632051.395,-34.668,-51.270,-1000.000,-32.715,0.000
1728632051.399,-46.387,-51.270,-1000.000,-41.992,0.000
1728632051.403,-33.691,-44.434,-1000.000,-18.066,0.000
1728632051.407,-18.555,-33.203,-1000.000,0.977,0.000
1728632051.411,-29.297,-25.391,-1000.000,-6.836,0.000
1728632051.414,-39.551,-24.902,-1000.000,-23.438,0.000
1728632051.418,-28.809,-30.762,-998.535,-15.137,0.000
1728632051.422,-15.137,-34.668,-1000.000,-15.137,0.000
1728632051.426,-18.066,-32.227,-995.605,-20.996,0.000
1728632051.430,-33.203,-40.039,-951.172,-23.438,0.000
1728632051.434,-38.574,-46.387,-906.738,-30.273,0.000
1728632051.438,-39.062,-37.598,-805.664,-26.367,0.000
1728632051.442,-31.738,-30.273,-722.168,-32.715,0.000
1728632051.446,-21.484,-32.715,-691.895,-34.668,0.000
1728632051.449,-38.086,-41.016,-658.691,-24.902,0.000
1728632051.453,-59.082,-51.758,-629.395,-36.621,0.000
1728632051.457,-50.293,-54.688,-532.227,-50.293,0.000
1728632051.461,-25.879,-54.688,-447.266,-42.969,0.000
1728632051.465,-27.344,-59.082,-360.840,-32.715,0.000
1728632051.469,-42.969,-56.641,-210.938,-39.062,0.000
1728632051.473,-57.129,-48.828,-6.836,-43.457,0.000
1728632051.477,-62.988,-41.504,227.051,-45.898,0.000
1728632051.481,-42.480,-42.969,454.102,-38.574,0.000
1728632051.486,-32.227,-42.480,652.344,-29.785,0.000
1728632051.490,-35.645,-39.551,693.848,-36.621,0.000
1728632051.494,-48.828,-39.551,731.445,-45.898,0.000
1728632051.498,-50.781,-44.922,822.266,-43.457,0.000
1728632051.501,-29.785,-49.316,873.535,-33.691,0.000
1728632051.505,-21.484,-46.875,941.406,-30.762,0.000
1728632051.509,-40.039,-49.316,926.270,-46.387,0.000
1728632051.513,-58.594,-34.668,869.629,-52.246,0.000
1728632051.517,-52.246,-18.555,838.867,-38.574,0.000
1728632051.521,-28.809,-31.250,832.520,-32.227,0.000
1728632051.525,-11.230,-46.875,811.523,-17.578,0.000
1728632051.529,-18.555,-40.527,763.184,-6.836,0.000
1728632051.532,-23.438,-30.762,708.496,-17.578,0.000
1728632051.536,-39.551,-35.156,651.367,-47.363,0.000
1728632051.540,-43.457,-34.668,590.332,-50.781,0.000
1728632051.544,-23.926,-30.273,541.016,-28.809,0.000
1728632051.548,-12.695,-32.715,523.926,-28.320,0.000
1728632051.552,-30.273,-41.504,510.254,-40.039,0.000
1728632051.556,-50.781,-44.922,488.770,-40.527,0.000
1728632051.559,-38.086,-30.762,464.844,-32.227,0.000
1728632051.563,-21.484,-27.344,446.777,-28.809,0.000
1728632051.567,-20.508,-34.180,413.574,-20.020,0.000
1728632051.571,-32.227,-33.203,372.070,-24.902,0.000
1728632051.575,-40.527,-24.902,340.332,-39.551,0.000
1728632051.580,-39.551,-28.320,305.664,-41.016,0.000
1728632051.584,-33.203,-42.480,274.414,-42.969,0.000
1728632051.587,-27.344,-40.039,248.047,-43.457,0.000
1728632051.591,-31.250,-36.133,220.703,-38.086,0.000
1728632051.595,-46.387,-41.016,219.727,-41.992,0.000
1728632051.599,-42.480,-33.203,230.957,-42.969,0.000
1728632051.603,-20.508,-20.508,225.098,-35.156,0.000
1728632051.607,-24.902,-17.090,204.590,-28.809,0.000
1728632051.611,-34.180,-19.531,194.824,-30.273,0.000
1728632051.615,-46.387,-27.832,193.359,-27.344,0.000
1728632051.619,-56.152,-33.691,197.754,-29.785,0.000
1728632051.623,-36.621,-31.250,194.824,-29.297,0.000
1728632051.627,-18.066,-29.297,185.059,-22.461,0.000
1728632051.631,-19.531,-45.410,170.898,-20.020,0.000
1728632051.635,-31.738,-53.223,142.578,-24.414,0.000
1728632051.639,-33.203,-34.668,122.070,-27.344,0.000
1728632051.643,-14.648,-26.367,110.840,-16.602,0.000
1728632051.647,-5.859,-25.391,108.398,-3.906,0.000
1728632051.650,-25.879,-28.320,102.051,-16.602,0.000
1728632051.654,-51.270,-37.109,99.121,-36.621,0.000
1728632051.658,-49.316,-40.039,92.285,-37.598,0.000
1728632051.662,-23.438,-37.109,84.961,-25.879,0.000
1728632051.666,-13.184,-43.457,93.750,-17.578,0.000
1728632051.670,-21.973,-43.945,91.309,-14.648,0.000
1728632051.676,-31.250,-41.992,91.797,-15.137,0.000
1728632051.680,-34.180,-33.691,93.262,-20.020,0.000
1728632051.683,-20.996,-16.602,79.590,-14.160,0.000
1728632051.687,-4.395,-10.742,65.918,-22.461,0.000
1728632051.691,-3.906,-21.973,62.012,-29.785,0.000
1728632051.695,-27.832,-39.062,58.594,-33.691,0.000
1728632051.699,-44.922,-43.457,58.105,-38.574,0.000
1728632051.703,-29.785,-19.531,67.383,-34.668,0.000
1728632051.707,-9.277,-0.488,69.824,-30.762,0.000
1728632051.711,-14.648,-8.789,65.430,-27.832,0.000
1728632051.715,-36.621,-21.484,59.570,-29.785,0.000
1728632051.719,-42.480,-24.902,49.805,-36.133,0.000
1728632051.722,-24.902,-25.391,42.480,-30.273,0.000
1728632051.726,-8.301,-20.996,62.012,-18.066,0.000
1728632051.730,-16.602,-26.367,74.707,-18.555,0.000
1728632051.734,-38.574,-36.621,70.312,-34.668,0.000
1728632051.738,-52.246,-31.250,68.848,-54.688,0.000
1728632051.742,-44.434,-32.227,65.430,-49.805,0.000
1728632051.746,-12.695,-34.180,70.312,-29.785,0.000
1728632051.750,-0.488,-31.738,75.684,-19.531,0.000
1728632051.754,-18.066,-27.344,72.266,-27.344,0.000
1728632051.758,-23.926,-28.809,54.199,-35.156,0.000
1728632051.761,-21.484,-26.855,40.527,-35.156,0.000
1728632051.765,-10.742,-17.090,45.898,-18.066,0.000
1728632051.769,-14.648,-28.809,45.410,-11.719,0.000
1728632051.773,-28.320,-47.363,37.598,-30.273,0.000
1728632051.777,-41.504,-46.387,33.691,-40.039,0.000
1728632051.781,-40.039,-35.156,32.715,-43.945,0.000
1728632051.785,-21.484,-22.949,31.250,-38.574,0.000
1728632051.789,-6.836,-17.578,31.250,-26.367,0.000
1728632051.792,-32.715,-19.043,24.902,-29.785,0.000
1728632051.796,-54.199,-21.973,20.508,-33.203,0.000
1728632051.800,-43.945,-18.066,27.832,-33.203,0.000
1728632051.804,-33.691,-25.391,22.461,-38.086,0.000
1728632051.808,-28.320,-35.645,19.531,-43.457,0.000
1728632051.812,-36.133,-33.691,24.414,-35.156,0.000
1728632051.816,-54.688,-24.902,20.996,-41.504,0.000
1728632051.819,-36.621,-21.973,23.438,-48.828,0.000
1728632051.823,-15.137,-17.090,28.320,-38.086,0.000
1728632051.827,-23.438,-10.742,29.785,-30.762,0.000
1728632051.831,-30.762,-22.461,33.203,-18.066,0.000
1728632051.835,-54.199,-31.250,29.785,-27.832,0.000
1728632051.839,-62.988,-29.785,24.902,-40.039,0.000
1728632051.843,-44.922,-37.109,19.043,-36.621,0.000
1728632051.847,-30.762,-33.203,15.137,-25.879,0.000
1728632051.851,-33.203,-33.691,18.555,-25.879,0.000
1728632051.855,-44.434,-35.645,22.461,-32.715,0.000
1728632051.858,-47.852,-32.715,28.809,-37.109,0.000
1728632051.863,-33.691,-30.762,38.574,-27.832,0.000
1728632051.867,-10.254,-32.227,25.879,-26.367,0.000
1728632051.871,-4.395,-43.457,7.324,-27.832,0.000
1728632051.875,-30.762,-41.992,8.301,-32.227,0.000
1728632051.879,-56.152,-37.598,11.230,-56.641,0.000
1728632051.883,-44.922,-38.574,-0.488,-57.617,0.000
1728632051.887,-35.645,-40.039,-6.348,-38.086,0.000
1728632051.891,-47.852,-31.250,3.906,-38.086,0.000
1728632051.895,-58.105,-32.227,-1.465,-48.828,0.000
1728632051.898,-58.594,-33.203,-2.930,-51.270,0.000
1728632051.902,-41.504,-20.508,6.836,-46.875,0.000
1728632051.906,-20.996,-15.625,-1.953,-36.621,0.000
1728632051.909,-21.484,-17.578,-11.719,-35.645,0.000
1728632051.913,-38.574,-32.715,-11.719,-38.086,0.000
1728632051.917,-57.617,-34.668,-8.789,-41.992,0.000
1728632051.921,-51.758,-19.043,-3.906,-42.969,0.000
1728632051.925,-26.367,-16.113,-8.301,-24.902,0.000
1728632051.929,-17.578,-15.625,-11.230,-19.531,0.000
1728632051.933,-23.438,-22.461,-14.160,-28.320,0.000
1728632051.937,-43.457,-24.414,-8.789,-38.086,0.000
1728632051.941,-42.480,-20.996,3.418,-40.039,0.000
1728632051.944,-18.066,-27.832,-4.395,-28.809,0.000
1728632051.948,-19.531,-44.434,-14.648,-33.203,0.000
1728632051.952,-48.828,-49.805,-5.859,-39.551,0.000
1728632051.957,-53.711,-39.551,0.977,-42.480,0.000
1728632051.961,-47.363,-40.039,9.277,-41.992,0.000
1728632051.965,-45.410,-37.109,16.113,-28.320,0.000
1728632051.969,-32.715,-32.715,8.789,-19.043,0.000
1728632051.972,-36.133,-37.598,2.441,-20.508,0.000
1728632051.976,-58.594,-41.016,-7.812,-31.250,0.000
1728632051.980,-52.246,-45.410,-8.789,-40.039,0.000
1728632051.984,-23.926,-40.039,0.488,-34.668,0.000
1728632051.988,-16.113,-35.156,1.953,-22.461,0.000
1728632051.992,-30.762,-45.898,-4.883,-19.043,0.000
1728632051.996,-41.504,-42.969,-6.836,-30.273,0.000
1728632052.000,-39.551,-35.645,-4.883,-37.109,0.000
1728632052.004,0.000,-39.551,-4.395,-29.785,0.000
1728632052.008,0.000,-39.062,-8.789,-15.137,0.000
1728632052.012,0.000,-38.086,-10.742,-9.766,0.000
1728632052.016,0.000,-42.480,-11.719,-35.645,0.000
1728632052.020,0.000,-35.645,-11.719,-53.223,0.000
1728632052.024,0.000,-25.879,-5.371,-37.598,0.000
1728632052.027,0.000,-29.297,-7.812,-19.043,0.000
1728632052.031,0.000,-28.809,-18.555,-25.879,0.000
1728632052.035,0.000,-24.414,-23.438,-42.969,0.000
1728632052.039,0.000,-26.367,-22.461,-51.270,0.000
1728632052.043,0.000,-21.484,-18.555,-52.246,0.000
1728632052.047,0.000,-20.020,-7.324,-49.805,0.000
1728632052.051,-38.086,-28.320,-2.441,-44.434,0.000
1728632052.055,-58.105,-37.109,-4.883,-46.875,0.000
1728632052.059,-62.988,-43.945,-4.395,-49.805,0.000
1728632052.063,-41.016,-44.434,-0.977,-50.293,0.000
1728632052.067,-23.438,-33.203,4.395,-45.410,0.000
1728632052.071,-30.762,-29.785,6.836,-39.551,0.000
1728632052.074,-45.898,-25.391,4.883,-44.434,0.000
1728632052.078,-68.359,-24.414,0.488,-54.199,0.000
1728632052.082,-59.082,-33.203,-8.789,-52.246,0.000
1728632052.086,-42.969,-40.039,-16.602,-36.621,0.000
1728632052.090,-39.551,-35.645,-16.602,-34.180,0.000
1728632052.094,-55.176,-38.574,-21.973,-50.293,0.000
1728632052.098,-61.523,-49.316,-17.090,-57.617,0.000
1728632052.102,-44.434,-44.922,-6.348,-47.363,0.000
1728632052.105,-26.367,-38.086,-13.184,-36.621,0.000
1728632052.109,-23.438,-34.668,-15.625,-31.738,0.000
1728632052.113,-44.434,-27.832,-11.719,-39.062,0.000
1728632052.117,-60.547,-29.297,-16.602,-54.199,0.000
1728632052.121,-54.199,-38.574,-23.926,-58.594,0.000
1728632052.125,-29.785,-41.016,-21.973,-42.969,0.000
1728632052.129,-17.090,-40.527,-19.043,-29.785,0.000
1728632052.133,-21.973,-33.203,-14.160,-36.133,0.000
1728632052.137,-50.293,-33.691,-11.719,-36.133,0.000
1728632052.141,-62.500,-35.156,-14.160,-42.480,0.000
1728632052.144,-37.598,-29.785,-11.719,-39.062,0.000
1728632052.148,-23.438,-26.855,-10.742,-27.344,0.000
1728632052.152,-36.133,-23.926,-18.555,-35.645,0.000
1728632052.156,-57.129,-20.508,-26.855,-51.270,0.000
1728632052.160,-41.992,-21.973,-18.555,-54.199,0.000
1728632052.164,-15.137,-23.438,-8.301,-39.551,0.000
1728632052.168,-22.461,-23.926,-18.066,-35.645,0.000
1728632052.172,-30.273,-25.391,-22.949,-29.785,0.000
1728632052.176,-42.969,-28.809,-18.555,-26.855,0.000
1728632052.179,-44.922,-37.598,-18.555,-36.621,0.000
1728632052.183,-18.066,-36.133,-14.648,-32.227,0.000
1728632052.187,-9.277,-22.461,-15.137,-21.484,0.000
1728632052.191,0.000,-23.438,-18.555,-22.461,0.000
1728632052.195,0.000,-40.527,-21.484,-38.574,0.000
1728632052.199,0.000,-40.039,-25.391,-41.016,0.000
1728632052.202,0.000,-28.320,-23.926,-14.648,0.000
1728632052.206,0.000,-29.785,-22.949,-17.578,0.000
1728632052.210,0.000,-28.809,-17.578,-22.461,0.000
1728632052.214,0.000,-26.367,-20.020,-19.043,0.000
1728632052.218,0.000,-25.391,-20.996,-27.832,0.000
1728632052.222,0.000,-23.926,-19.043,-34.180,0.000
1728632052.226,0.000,-28.809,-22.949,-38.086,0.000
1728632052.230,0.000,-40.039,-25.391,-38.574,0.000
1728632052.234,0.000,-41.992,-37.109,-41.992,0.000
1728632052.235,-35.645,-36.133,-36.133,-41.992,0.000
1728632052.238,-61.523,-43.945,-25.391,-46.875,0.000
1728632052.242,-66.895,-49.805,-25.391,-39.062,0.000
1728632052.246,-38.086,-40.039,-28.320,-29.297,0.000
1728632052.250,-14.160,-26.367,-22.461,-28.809,0.000
1728632052.254,-27.832,-20.996,-23.438,-39.551,0.000
1728632052.258,-37.598,-25.391,-33.203,-43.945,0.000
1728632052.262,-50.293,-26.855,-34.180,-37.598,0.000
1728632052.266,-44.434,-22.949,-33.203,-32.227,0.000
1728632052.270,-28.809,-22.461,-37.109,-27.832,0.000
1728632052.274,-42.969,-30.273,-44.922,-35.645,0.000
1728632052.278,-60.059,-32.227,-37.598,-51.270,0.000
1728632052.281,-34.668,-24.414,-24.902,-26.855,0.000
1728632052.285,-23.438,-38.574,-30.762,-11.719,0.000
1728632052.289,-35.645,-49.805,-32.715,-25.879,0.000
1728632052.293,-45.898,-47.852,-32.715,-32.715,0.000
1728632052.297,-48.340,-48.828,-35.645,-44.922,0.000
1728632052.300,-36.621,-39.062,-30.762,-40.039,0.000
1728632052.304,-19.531,-32.227,-23.438,-28.320,0.000
1728632052.308,-8.789,-27.344,-24.414,-20.508,0.000
1728632052.312,-23.926,-30.762,-23.438,-30.273,0.000
1728632052.316,-37.598,-39.551,-19.531,-31.738,0.000
1728632052.320,-31.250,-38.086,-13.184,-19.043,0.000
1728632052.324,-25.879,-38.574,-18.066,-19.531,0.000
1728632052.329,-42.969,-35.645,-24.902,-23.438,0.000
1728632052.333,-48.828,-39.062,-25.391,-31.250,0.000
1728632052.336,-41.016,-49.805,-21.973,-36.621,0.000
1728632052.340,-35.156,-41.016,-27.832,-34.180,0.000
1728632052.344,-26.855,-36.133,-35.156,-27.344,0.000
1728632052.348,-26.367,-39.062,-24.414,-28.809,0.000
1728632052.352,-46.875,-39.551,-24.902,-40.039,0.000
1728632052.356,-44.922,-30.273,-21.973,-44.922,0.000
1728632052.360,-11.230,-21.973,-18.555,-30.762,0.000
1728632052.364,-3.906,-24.414,-26.367,-18.555,0.000
1728632052.368,-17.578,-25.391,-31.738,-17.090,0.000
1728632052.372,-20.508,-33.691,-35.156,-17.090,0.000
1728632052.376,-32.715,-34.180,-31.250,-34.668,0.000
1728632052.380,-30.762,-20.020,-24.902,-40.527,0.000
1728632052.384,-15.625,-14.160,-20.020,-34.668,0.000
1728632052.388,-31.250,-22.461,-21.484,-33.203,0.000
1728632052.392,-46.387,-39.551,-22.461,-32.227,0.000
1728632052.396,-30.762,-33.691,-19.531,-32.227,0.000
1728632052.400,-13.184,-27.832,-22.461,-29.297,0.000
1728632052.403,-10.254,-39.062,-30.762,-30.273,0.000
1728632052.407,-16.602,-33.203,-35.156,-27.344,0.000
1728632052.411,-43.457,-25.879,-36.133,-26.367,0.000
1728632052.415,-57.617,-27.344,-35.645,-40.527,0.000
1728632052.419,-42.969,-29.785,-36.621,-34.180,0.000
1728632052.423,-27.832,-41.016,0.000,-20.996,0.000
1728632052.427,-21.484,-39.551,0.000,-18.066,0.000
1728632052.431,-15.625,-29.785,0.000,-28.320,0.000
1728632052.435,-32.227,-31.250,0.000,-33.203,0.000
1728632052.439,-42.969,-33.691,0.000,-26.367,0.000
1728632052.443,-22.461,-39.551,0.000,-14.648,0.000
1728632052.447,-20.020,-41.504,0.000,-16.113,0.000
1728632052.451,-37.109,-40.527,0.000,-25.879,0.000
1728632052.455,-47.852,-61.523,0.000,-43.945,0.000
1728632052.459,-44.434,-45.410,0.000,-48.828,0.000
1728632052.462,-27.832,-19.043,0.000,-36.133,0.000
1728632052.466,-31.250,-25.391,0.000,-32.227,0.000
1728632052.470,-61.035,-33.691,-38.086,-31.250,0.000
1728632052.474,-62.012,-42.480,-35.156,-43.457,0.000
1728632052.478,-45.898,-40.527,-36.133,-53.223,0.000
1728632052.482,-32.227,-24.414,-35.645,-41.992,0.000
1728632052.486,-18.555,-16.602,-33.691,-35.645,0.000
1728632052.490,-30.762,-33.203,-40.527,-36.621,0.000
1728632052.494,-50.781,-42.480,-44.922,-42.969,0.000
1728632052.498,-36.621,-25.879,-36.621,-40.527,0.000
1728632052.502,-20.020,-22.949,-30.762,-33.203,0.000
1728632052.505,-31.738,-28.320,-32.715,-39.062,0.000
1728632052.509,-48.340,-35.156,-39.551,-43.945,0.000
1728632052.513,-60.547,-40.527,-44.434,-44.922,0.000
1728632052.517,-62.012,-44.434,-41.016,-43.457,0.000
1728632052.521,-38.086,-34.180,-37.109,-38.574,0.000
1728632052.525,-19.531,-39.551,-34.668,-37.598,0.000
1728632052.529,-35.156,-50.293,-33.203,-42.480,0.000
1728632052.533,-43.457,-42.969,-38.086,-41.992,0.000
1728632052.537,-42.480,-45.898,-38.086,-42.480,0.000
1728632052.541,-32.715,-45.410,-25.879,-49.805,0.000
1728632052.545,-19.531,-30.762,-25.879,-40.527,0.000
1728632052.548,-24.414,-19.531,-30.762,-31.250,0.000
1728632052.552,-45.898,-26.855,-33.691,-48.340,0.000
1728632052.556,-55.664,-38.086,-35.645,-50.781,0.000
1728632052.560,-33.691,-46.387,-39.062,-37.598,0.000
1728632052.564,-7.324,-35.645,-36.621,-17.578,0.000
1728632052.568,-9.766,-27.344,-27.832,-5.859,0.000
1728632052.572,-24.414,-41.016,-29.785,-17.578,0.000
1728632052.576,-37.109,-42.480,-29.785,-37.598,0.000
1728632052.580,-36.133,-41.992,-22.949,-40.039,0.000
1728632052.583,-18.555,-53.223,-26.367,-35.156,0.000
1728632052.587,-19.531,-57.617,-33.691,-30.273,0.000
1728632052.591,-44.434,-54.688,-34.180,-33.691,0.000
1728632052.595,-49.805,-39.062,-25.879,-43.945,0.000
1728632052.599,-30.273,-22.461,-21.484,-38.086,0.000
1728632052.603,-13.672,-22.461,-24.414,-20.996,0.000
1728632052.607,-13.672,-27.344,-16.113,-21.973,0.000
1728632052.612,-36.621,-32.227,-18.555,-28.809,0.000
1728632052.616,-60.547,-39.551,-27.832,-41.016,0.000
1728632052.620,-48.340,-43.945,-31.250,-35.156,0.000
1728632052.624,-20.020,-32.715,-31.738,-21.484,0.000
1728632052.627,-17.090,-35.156,-32.227,-28.809,0.000
1728632052.631,-20.020,-38.086,-38.574,-27.344,0.000
1728632052.635,-42.480,-32.715,-45.898,-37.109,0.000
1728632052.639,-49.805,-29.297,-40.039,-45.410,0.000
1728632052.643,-26.367,-31.250,-29.297,-44.434,0.000
1728632052.647,-19.043,-32.227,-33.691,-44.922,0.000
1728632052.651,-25.391,-32.227,-35.645,-35.645,0.000
1728632052.655,-41.504,-43.457,-34.180,-34.180,0.000
1728632052.658,-22.949,-48.340,-37.109,-41.016,0.000
1728632052.662,-14.648,-36.133,-38.086,-31.738,0.000
1728632052.666,-38.086,-25.391,-40.039,-35.156,0.000
1728632052.670,-52.734,-28.809,-37.598,-40.039,0.000
1728632052.674,-63.965,-35.156,-41.016,-46.875,0.000
1728632052.678,-55.176,-42.969,-40.527,-43.945,0.000
1728632052.681,-24.902,-40.039,-20.508,-25.391,0.000
1728632052.685,-18.066,-28.320,-15.625,-23.926,0.000
1728632052.689,-42.480,-36.133,-23.926,-35.156,0.000
1728632052.693,-43.945,-52.734,-35.156,-43.945,0.000
1728632052.697,-46.387,-61.035,-37.109,-44.922,0.000
1728632052.701,-36.133,-53.711,-26.855,-37.598,0.000
1728632052.706,-29.785,-40.039,-25.391,-30.762,0.000
1728632052.709,-42.969,-41.504,-31.250,-31.250,0.000
1728632052.713,-52.246,-42.969,-29.785,-42.969,0.000
1728632052.717,-41.016,-39.551,-28.320,-40.039,0.000
1728632052.721,-18.066,-32.227,-29.297,-24.902,0.000
1728632052.725,-14.160,-34.180,-35.645,-24.414,0.000
1728632052.729,-29.297,-49.805,-38.086,-25.391,0.000
1728632052.733,-46.875,-46.387,-36.621,-29.785,0.000
1728632052.737,-33.203,-30.762,-32.715,-28.320,0.000
1728632052.741,-20.020,-23.438,-30.762,-27.832,0.000
1728632052.745,-18.066,-21.973,-34.180,-32.715,0.000
1728632052.749,-12.695,-32.715,-41.016,-33.691,0.000
1728632052.753,-40.039,-45.410,-47.363,-47.852,0.000
1728632052.757,-69.336,-43.457,-41.992,-55.176,0.000
1728632052.761,-49.316,-41.016,-35.156,-46.875,0.000
1728632052.764,-23.438,-34.668,-31.738,-35.156,0.000
1728632052.768,-29.297,-38.086,-28.809,-33.691,0.000
1728632052.772,-48.340,-47.852,-44.434,-39.062,0.000
1728632052.776,-49.805,-49.805,-52.734,-40.039,0.000
1728632052.780,-37.109,-45.898,-44.922,-35.645,0.000
1728632052.784,-23.926,-38.086,-52.734,-33.691,0.000
1728632052.788,-18.066,-41.992,-52.734,-30.762,0.000
1728632052.792,-38.574,-53.711,-37.598,-35.645,0.000
1728632052.796,-54.688,-49.316,-42.480,-45.410,0.000
1728632052.801,-48.828,-29.297,-41.016,-50.781,0.000
1728632052.805,-35.156,-31.250,-33.691,-49.805,0.000
1728632052.809,-27.344,-46.387,-40.527,-44.922,0.000
1728632052.813,-45.898,-37.109,-46.875,-49.316,0.000
1728632052.817,-62.988,-28.320,-53.223,-48.828,0.000
1728632052.821,-52.734,-24.902,-49.316,-34.668,0.000
1728632052.825,-30.273,-33.691,-37.109,-34.668,0.000
1728632052.829,-24.902,-46.875,-37.109,-38.086,0.000
1728632052.832,-38.086,-44.434,-30.762,-33.691,0.000
1728632052.836,-60.547,-39.551,-20.996,-45.898,0.000
1728632052.840,-51.270,-35.645,-18.066,-41.016,0.000
1728632052.844,-10.254,-39.551,-25.879,-22.949,0.000
1728632052.848,-5.859,-38.574,-36.621,-23.926,0.000
1728632052.852,-40.039,-36.621,-43.457,-39.062,0.000
1728632052.856,-48.828,-29.785,-39.551,-40.039,0.000
1728632052.860,-38.086,-32.715,-33.203,-25.391,0.000
1728632052.864,-10.742,-35.645,-35.645,-17.578,0.000
1728632052.867,-9.277,-32.715,-35.156,-20.020,0.000
1728632052.871,-35.645,-43.945,-34.668,-33.203,0.000
1728632052.875,-66.406,-44.922,-39.062,-44.434,0.000
1728632052.879,-64.941,-29.297,-38.574,-42.480,0.000
1728632052.883,-36.621,-24.414,-35.645,-33.203,0.000
1728632052.887,-31.250,-30.273,-37.598,-27.832,0.000
1728632052.891,-38.574,-28.809,-36.621,-35.156,0.000
1728632052.894,-52.734,-31.738,-29.785,-41.504,0.000
1728632052.898,-61.035,-36.621,-34.668,-44.922,0.000
1728632052.902,-32.227,-32.227,-41.504,-35.156,0.000
1728632052.906,-19.531,-37.598,-40.039,-29.785,0.000
1728632052.910,-40.039,-49.805,-35.156,-34.668,0.000
1728632052.914,-60.059,-50.293,-40.527,-43.945,0.000
1728632052.918,-60.059,-36.133,-39.062,-44.922,0.000
1728632052.922,-39.062,-27.832,-32.715,-39.551,0.000
1728632052.926,-22.949,-30.273,-34.180,-39.062,0.000
1728632052.930,-8.789,-25.391,-25.391,-28.320,0.000
1728632052.934,-30.762,-29.297,-25.879,-27.832,0.000
1728632052.937,-57.617,-45.898,-34.668,-40.527,0.000
1728632052.941,-35.645,-52.246,-34.180,-34.668,0.000
1728632052.945,-14.160,-47.852,-32.227,-27.344,0.000
1728632052.949,-25.391,-33.203,-38.574,-39.551,0.000
1728632052.953,-36.133,-18.066,-37.598,-41.504,0.000
1728632052.957,-38.574,-23.926,-36.621,-39.062,0.000
1728632052.960,-31.250,-41.504,-35.156,-29.297,0.000
1728632052.964,-9.277,-46.387,-29.785,-20.996,0.000
1728632052.968,-8.301,-44.434,-22.949,-17.578,0.000
1728632052.972,-32.227,-47.852,-27.344,-23.438,0.000
1728632052.976,-56.152,-44.922,-34.668,-39.551,0.000
1728632052.980,-58.105,-33.691,-33.691,-47.852,0.000
1728632052.984,-31.738,-29.785,-33.691,-46.875,0.000
1728632052.987,-24.902,-32.715,-32.715,-52.734,0.000
1728632052.991,-51.758,-34.668,-40.527,-60.059,0.000
1728632052.995,-56.152,-36.133,-43.945,-53.711,0.000
1728632052.999,-40.527,-45.410,-38.086,-39.551,0.000
1728632053.003,-21.973,-43.945,-25.391,-37.109,0.000
1728632053.007,-26.855,-39.551,-18.555,-39.551,0.000
1728632053.011,-51.270,-44.922,-31.250,-47.363,0.000
1728632053.015,-51.270,-49.805,-42.969,-50.781,0.000
1728632053.019,-44.922,-45.410,-36.621,-42.969,0.000
1728632053.022,-43.945,-38.086,-34.180,-42.969,0.000
1728632053.026,-44.922,-35.645,-41.992,-50.293,0.000
1728632053.030,-50.781,-36.133,-46.875,-45.410,0.000
1728632053.033,-51.270,-33.203,-40.527,-39.551,0.000
1728632053.037,-55.176,-26.367,-32.715,-42.480,0.000
1728632053.041,-37.109,-24.414,-21.484,-26.855,0.000
1728632053.045,-20.508,-25.879,-14.648,-25.391,0.000
1728632053.049,-38.574,-26.367,-16.113,-29.297,0.000
1728632053.053,-47.363,-41.016,-21.484,-35.156,0.000
1728632053.057,-42.480,-50.781,-21.484,-45.898,0.000
1728632053.061,-27.344,-41.016,-20.996,-29.297,0.000
1728632053.065,-6.836,-34.668,-23.926,-21.484,0.000
1728632053.068,-6.348,-35.156,-22.949,-22.461,0.000
1728632053.072,-38.086,-32.715,-26.855,-32.227,0.000
1728632053.076,-54.199,-35.156,-25.879,-43.945,0.000
1728632053.081,-36.133,-30.762,-16.602,-35.645,0.000
1728632053.085,-16.602,-30.273,-10.254,-27.344,0.000
1728632053.089,-24.414,-40.527,-10.254,-29.297,0.000
1728632053.093,-52.246,-46.387,-16.113,-40.039,0.000
1728632053.096,-49.805,-54.199,-23.438,-40.527,0.000
1728632053.100,-18.555,-54.199,-25.879,-20.508,0.000
1728632053.104,-20.020,-35.156,-27.344,-11.230,0.000
1728632053.108,-31.250,-18.066,-26.855,-9.766,0.000
1728632053.112,-46.387,-26.855,-27.344,-15.137,0.000
1728632053.116,-56.152,-34.668,-28.809,-31.738,0.000
1728632053.120,-39.551,-31.738,-30.762,-32.715,0.000
1728632053.124,-17.578,-31.250,-32.227,-10.742,0.000
1728632053.128,-8.301,-31.738,-34.180,-13.672,0.000
1728632053.132,-34.668,-42.480,-37.109,-39.551,0.000
1728632053.136,-57.129,-41.016,-31.738,-33.691,0.000
1728632053.140,-41.992,-23.438,-30.762,-23.926,0.000
1728632053.144,-20.996,-31.738,-31.250,-23.438,0.000
1728632053.148,-16.113,-41.504,-29.785,-26.855,0.000
1728632053.152,-36.133,-33.203,-26.367,-37.109,0.000
1728632053.155,-48.340,-31.250,-23.438,-41.504,0.000
1728632053.159,-37.598,-36.621,-24.902,-43.457,0.000
1728632053.163,-23.926,-38.086,-25.391,-36.621,0.000
1728632053.167,-21.484,-38.086,-27.832,-34.180,0.000
1728632053.171,-41.016,-42.969,-28.320,-33.203,0.000
1728632053.175,-53.223,-43.457,-30.762,-40.527,0.000
1728632053.179,-42.969,-38.086,-26.855,-33.203,0.000
1728632053.183,-33.691,-34.668,-23.926,-20.508,0.000
1728632053.187,-31.738,-37.109,-31.250,-24.414,0.000
1728632053.191,-36.621,-38.086,-36.621,-24.902,0.000
1728632053.195,-52.246,-34.668,-42.480,-31.738,0.000
1728632053.198,-47.363,-35.645,-40.527,-30.762,0.000
1728632053.202,-10.254,-44.922,-27.832,-19.531,0.000
1728632053.206,0.000,-45.410,-28.809,-20.996,0.000
1728632053.210,-31.250,-44.922,-37.109,-31.738,0.000
1728632053.214,-50.781,-54.199,-34.668,-47.363,0.000
1728632053.218,-49.316,-47.363,-34.180,-44.922,0.000
1728632053.222,-33.691,-31.738,-34.668,-35.645,0.000
1728632053.226,-17.090,-21.973,-26.855,-27.832,0.000
1728632053.230,-34.668,-28.809,-24.902,-22.461,0.000
1728632053.234,-51.758,-35.645,-24.902,-31.250,0.000
1728632053.237,-45.898,-31.250,-23.926,-40.527,0.000
1728632053.241,-33.691,-30.273,-30.762,-43.457,0.000
1728632053.245,-16.602,-36.621,-31.250,-37.109,0.000
1728632053.249,-28.809,-42.480,-21.484,-34.180,0.000
1728632053.253,-47.852,-41.992,-21.973,-41.504,0.000
1728632053.257,-58.105,-36.621,-36.621,-45.898,0.000
1728632053.261,-38.574,-34.668,-35.645,-36.133,0.000
1728632053.265,-19.043,-39.551,-20.508,-17.090,0.000
1728632053.269,-31.738,-44.434,-22.949,-18.555,0.000
1728632053.273,-43.457,-40.527,-34.180,-36.133,0.000
1728632053.276,-34.180,-22.949,-32.715,-40.039,0.000
1728632053.280,-12.695,-13.672,-31.250,-37.109,0.000
1728632053.284,-7.324,-23.438,-28.809,-30.762,0.000
1728632053.288,-37.109,-29.297,-27.344,-34.668,0.000
1728632053.292,-58.594,-35.156,-26.855,-52.246,0.000
1728632053.296,-51.270,-44.922,-21.484,-50.293,0.000
1728632053.300,-40.039,-41.504,-18.066,-38.574,0.000
1728632053.304,-15.137,-27.344,-20.508,-20.020,0.000
1728632053.308,-6.836,-32.715,-27.832,-7.324,0.000
1728632053.312,-29.785,-40.527,-30.762,-21.973,0.000
1728632053.315,-40.527,-26.855,-25.879,-35.156,0.000
1728632053.319,-27.832,-16.602,-20.996,-19.531,0.000
1728632053.323,-6.348,-17.090,-24.902,-14.648,0.000
1728632053.327,-17.090,-26.855,-34.668,-28.809,0.000
1728632053.331,-49.805,-37.109,-42.969,-39.062,0.000
1728632053.335,-51.758,-30.273,-40.527,-41.016,0.000
1728632053.339,-38.086,-23.926,-26.367,-30.273,0.000
1728632053.342,-22.949,-24.414,-27.344,-16.602,0.000
1728632053.346,-15.137,-22.461,-41.016,-23.926,0.000
1728632053.350,-25.879,-21.973,-44.434,-37.598,0.000
1728632053.354,-47.363,-29.297,-36.133,-36.621,0.000
1728632053.358,-47.852,-34.668,-35.645,-38.086,0.000
1728632053.363,-29.785,-30.762,-37.109,-33.203,0.000
1728632053.367,-30.762,-33.691,-33.203,-41.016,0.000
1728632053.371,-47.852,-44.434,-37.109,-46.387,0.000
1728632053.375,-62.500,-47.363,-43.945,-46.875,0.000
1728632053.379,-65.430,-45.410,-41.016,-55.176,0.000
1728632053.383,-40.527,-39.551,-35.645,-41.504,0.000
1728632053.386,-26.367,-36.133,-45.410,-36.621,0.000
1728632053.390,-37.109,-35.156,-49.805,-42.969,0.000
1728632053.394,-44.434,-37.598,-47.852,-40.039,0.000
1728632053.398,-36.621,-47.363,-45.898,-36.621,0.000
1728632053.402,-26.855,-46.875,-39.062,-26.855,0.000
1728632053.406,-27.344,-41.992,-33.691,-17.090,0.000
1728632053.409,-20.996,-35.645,-32.715,-19.531,0.000
1728632053.413,-26.367,-25.391,-36.133,-26.855,0.000
1728632053.417,-32.715,-24.414,-31.738,-20.508,0.000
1728632053.421,-26.367,-30.273,-27.832,-22.949,0.000
1728632053.425,-26.855,-33.691,-31.250,-25.879,0.000
1728632053.429,-21.973,-41.992,-28.320,-24.902,0.000
1728632053.432,-27.344,-40.039,-32.227,-32.715,0.000
1728632053.436,-40.039,-37.598,-38.086,-34.180,0.000
1728632053.440,-23.926,-38.086,-31.250,-33.691,0.000
1728632053.444,-24.902,-42.969,-33.691,-25.879,0.000
1728632053.448,-40.039,-50.293,-41.504,-25.879,0.000
1728632053.452,-47.363,-46.875,-35.645,-31.738,0.000
1728632053.457,0.000,-54.199,-32.227,-38.574,0.000
1728632053.460,0.000,-56.641,-33.691,-39.551,0.000
1728632053.464,0.000,-39.551,-36.621,-32.227,0.000
1728632053.468,0.000,-27.832,-38.086,-41.016,0.000
1728632053.472,0.000,-20.996,-41.504,-55.664,0.000
1728632053.476,0.000,-23.926,-40.527,-48.340,0.000
1728632053.480,0.000,-28.809,-24.902,-43.457,0.000
1728632053.484,0.000,-35.156,-22.949,-44.922,0.000
1728632053.488,0.000,-47.363,-36.621,-38.574,0.000
1728632053.492,0.000,-49.805,-32.715,-34.180,0.000
1728632053.496,0.000,-30.762,-24.902,-30.762,0.000
1728632053.500,0.000,-15.137,-27.344,-37.109,0.000
1728632053.504,-32.227,-19.531,-26.855,-34.668,0.000
1728632053.508,-39.062,-37.598,-25.879,-23.438,0.000
1728632053.512,-38.086,-38.086,-31.250,-30.762,0.000
1728632053.515,-52.246,-43.945,-35.645,-32.227,0.000
1728632053.519,-35.645,-58.594,-35.156,-36.133,0.000
1728632053.523,-19.043,-53.223,-32.715,-51.758,0.000
1728632053.527,-40.527,-35.156,-41.016,-49.316,0.000
1728632053.531,-65.430,-29.297,-35.156,-52.246,0.000
1728632053.535,-91.309,-42.480,-22.461,-73.242,0.000
1728632053.539,-66.895,-35.156,-34.668,-48.828,0.000
1728632053.543,-21.484,-27.344,-35.645,-34.180,0.000
1728632053.547,-13.184,-44.434,-36.133,-47.852,0.000
1728632053.551,-30.762,-45.410,-67.383,-33.691,0.000
1728632053.555,-53.223,-58.594,-72.754,-35.645,0.000
1728632053.559,-51.270,-55.176,-78.125,-60.059,0.000
1728632053.562,-7.812,-10.742,-117.188,-29.785,0.000
1728632053.566,6.348,10.742,-139.160,1.465,0.000
1728632053.570,-47.363,-26.367,-121.094,-43.945,0.000
1728632053.574,-66.406,-40.527,-143.555,-58.594,0.000
1728632053.578,-29.297,-29.297,-196.777,-26.855,0.000
1728632053.582,-25.391,-52.246,-216.309,-30.273,0.000
1728632053.586,-22.949,-37.598,-265.625,-12.695,0.000
1728632053.590,-30.273,-28.809,-351.562,-20.996,0.000
1728632053.594,-60.547,-46.875,-453.125,-60.059,0.000
1728632053.598,-55.664,-35.645,-556.152,-48.340,0.000
1728632053.601,-37.109,-42.480,-602.539,-43.457,0.000
1728632053.605,-25.879,-51.758,-710.938,-46.387,0.000
1728632053.609,-14.648,-32.227,-915.527,-6.348,0.000
1728632053.613,-41.992,-47.852,-1000.000,-27.344,0.000
1728632053.617,-52.246,-46.387,-995.605,-39.551,0.000
1728632053.621,-25.391,-41.504,-1000.000,-13.672,0.000
1728632053.625,-8.301,-49.805,-1000.000,-10.254,0.000
1728632053.629,-30.273,-39.062,-1000.000,-23.438,0.000
1728632053.633,-49.316,-42.480,-1000.000,-47.852,0.000
1728632053.637,-58.105,-55.176,-1000.000,-64.941,0.000
1728632053.641,-39.551,-46.387,-1000.000,-42.480,0.000
1728632053.644,-29.785,-40.039,-1000.000,-18.066,0.000
1728632053.648,-39.062,-33.691,-1000.000,-23.926,0.000
1728632053.652,-39.551,-33.691,-1000.000,-38.086,0.000
1728632053.656,-37.598,-42.480,-1000.000,-38.086,0.000
1728632053.660,-31.738,-40.039,-1000.000,-26.855,0.000
1728632053.664,-16.602,-38.574,-1000.000,-23.926,0.000
1728632053.668,-13.184,-34.668,-999.512,-17.578,0.000
1728632053.672,-32.715,-40.527,-1000.000,-11.230,0.000
1728632053.675,-42.969,-40.527,-999.512,-15.625,0.000
1728632053.679,-20.508,-34.180,-967.285,-26.855,0.000
1728632053.683,-2.930,-30.273,-933.105,-20.020,0.000
1728632053.687,-15.625,-29.785,-905.762,-9.277,0.000
1728632053.691,-39.062,-37.109,-857.422,-26.855,0.000
1728632053.695,-44.922,-37.598,-812.012,-46.875,0.000
1728632053.699,-31.738,-30.762,-773.926,-52.246,0.000
1728632053.702,-13.672,-31.250,-737.793,-36.133,0.000
1728632053.706,-17.090,-50.293,-690.430,-24.414,0.000
1728632053.710,-42.969,-55.664,-604.004,-29.297,0.000
1728632053.714,-49.805,-40.039,-509.277,-29.297,0.000
1728632053.718,-37.109,-34.668,-432.129,-29.785,0.000
1728632053.722,-29.297,-32.227,-388.672,-38.086,0.000
1728632053.726,-21.973,-38.574,-367.676,-35.156,0.000
1728632053.730,-42.480,-53.223,-346.191,-45.410,0.000
1728632053.734,-75.195,-52.246,-226.562,-57.617,0.000
1728632053.738,-48.828,-39.062,14.648,-46.387,0.000
1728632053.742,-20.020,-47.363,222.656,-35.645,0.000
1728632053.746,-14.160,-48.340,455.078,-27.344,0.000
1728632053.750,-24.902,-36.621,726.074,-20.508,0.000
1728632053.754,-55.176,-45.410,833.008,-37.109,0.000
1728632053.758,-54.199,-41.016,906.250,-46.875,0.000
1728632053.762,-26.855,-36.133,939.453,-29.785,0.000
1728632053.766,-16.602,-34.180,923.340,-20.996,0.000
1728632053.770,-30.762,-35.156,955.078,-31.738,0.000
1728632053.774,-47.852,-36.133,944.336,-39.062,0.000
1728632053.778,-55.176,-32.715,946.777,-34.180,0.000
1728632053.781,-39.062,-23.438,958.984,-24.902,0.000
1728632053.784,-5.371,-22.461,949.219,-21.973,0.000
1728632053.788,-13.672,-25.879,922.852,-28.320,0.000
1728632053.792,-57.129,-33.203,875.488,-41.016,0.000
1728632053.796,-62.012,-42.969,809.570,-45.410,0.000
1728632053.800,-32.715,-35.156,738.281,-30.273,0.000
1728632053.804,-10.254,-15.625,688.477,-31.250,0.000
1728632053.808,-32.715,-24.414,645.996,-47.363,0.000
1728632053.812,-57.129,-38.086,608.887,-49.805,0.000
1728632053.816,-47.363,-37.109,587.402,-51.270,0.000
1728632053.820,-36.621,-40.039,562.500,-38.574,0.000
1728632053.824,-31.250,-32.227,536.133,-27.832,0.000
1728632053.827,-25.391,-20.996,502.930,-31.250,0.000
1728632053.832,0.000,-33.691,452.637,-27.344,0.000
1728632053.836,0.000,-44.922,413.086,-29.785,0.000
1728632053.840,0.000,-39.551,406.250,-26.367,0.000
1728632053.844,0.000,-32.227,396.973,-26.367,0.000
1728632053.848,0.000,-32.715,369.141,-30.762,0.000
1728632053.851,0.000,-36.133,357.910,-40.039,0.000
1728632053.855,0.000,-31.250,354.492,-52.246,0.000
1728632053.859,0.000,-16.113,338.867,-39.062,0.000
1728632053.863,0.000,-14.648,314.941,-21.484,0.000
1728632053.867,0.000,-33.691,283.203,-25.391,0.000
1728632053.871,0.000,-39.062,259.277,-39.062,0.000
1728632053.875,0.000,-34.668,238.770,-40.527,0.000
1728632053.879,-42.969,-42.969,225.098,-33.203,0.000
1728632053.883,-19.043,-43.945,220.215,-25.879,0.000
1728632053.887,-6.348,-33.203,219.727,-18.555,0.000
1728632053.891,-34.180,-21.484,211.914,-20.020,0.000
1728632053.895,-51.270,-21.484,201.172,-36.621,0.000
1728632053.899,-35.645,-20.996,202.637,-42.480,0.000
1728632053.902,-19.043,-22.461,205.566,-28.320,0.000
1728632053.906,-15.625,-35.645,190.918,-29.785,0.000
1728632053.910,-41.016,-36.621,165.039,-41.992,0.000
1728632053.914,-43.945,-32.715,136.230,-45.410,0.000
1728632053.918,-31.250,-30.273,126.465,-44.434,0.000
1728632053.922,-25.391,-27.344,122.559,-33.691,0.000
1728632053.926,0.000,-33.691,116.699,-24.414,0.000
1728632053.930,0.000,-40.039,102.051,-30.273,0.000
1728632053.934,0.000,-43.945,93.262,-48.828,0.000
1728632053.938,0.000,-46.387,90.820,-47.363,0.000
1728632053.942,0.000,-40.039,90.820,-18.555,0.000
1728632053.946,0.000,-37.598,94.238,-16.113,0.000
1728632053.949,0.000,-28.320,87.402,-33.691,0.000
1728632053.953,0.000,-25.391,96.680,-38.086,0.000
1728632053.957,0.000,-36.621,125.977,-35.645,0.000
1728632053.961,0.000,-30.762,137.695,-30.762,0.000
1728632053.965,0.000,-28.809,122.559,-25.391,0.000
1728632053.969,0.000,-34.668,109.863,-24.902,0.000
1728632053.973,-42.969,-38.574,114.258,-29.297,0.000
1728632053.977,-46.387,-35.156,110.840,-33.203,0.000
1728632053.981,-35.156,-26.855,104.492,-31.738,0.000
1728632053.985,-28.809,-29.297,112.793,-20.996,0.000
1728632053.988,-39.062,-35.156,120.605,-15.625,0.000
1728632053.992,-56.152,-33.691,116.211,-30.762,0.000
1728632053.996,-49.805,-34.668,105.957,-41.504,0.000
1728632054.000,-27.344,-38.574,101.074,-29.785,0.000
1728632054.004,-18.066,-32.715,90.820,-14.648,0.000
1728632054.008,-17.578,-33.691,89.844,-14.648,0.000
1728632054.012,-19.043,-38.086,97.168,-14.160,0.000
1728632054.016,-37.109,-45.898,77.637,-35.645,0.000
1728632054.019,-42.969,-49.805,66.406,-51.758,0.000
1728632054.023,-34.180,-52.246,58.105,-37.598,0.000
1728632054.027,-41.016,-52.246,51.758,-38.086,0.000
1728632054.031,-60.547,-52.246,50.293,-44.922,0.000
1728632054.035,-68.848,-50.781,50.293,-41.992,0.000
1728632054.039,-55.664,-42.480,49.805,-39.062,0.000
1728632054.043,-30.273,-45.410,50.293,-36.133,0.000
1728632054.047,-25.391,-52.734,47.852,-34.668,0.000
1728632054.051,-34.180,-36.621,40.527,-36.621,0.000
1728632054.055,-39.551,-22.949,32.227,-44.922,0.000
1728632054.058,-35.156,-22.461,32.715,-51.270,0.000
1728632054.062,-13.672,-26.855,29.297,-39.551,0.000
1728632054.066,-29.785,-31.250,32.227,-35.156,0.000
1728632054.070,-59.082,-36.133,45.898,-42.969,0.000
1728632054.074,-56.152,-48.828,50.293,-48.828,0.000
1728632054.078,-39.062,-44.434,51.758,-38.574,0.000
1728632054.081,-22.949,-31.250,51.270,-25.879,0.000
1728632054.085,-24.902,-29.297,39.551,-26.367,0.000
1728632054.089,-43.457,-24.902,24.902,-39.551,0.000
1728632054.093,-63.965,-34.668,14.160,-56.641,0.000
1728632054.097,-41.016,-41.016,17.090,-53.223,0.000
1728632054.101,-22.461,-39.551,25.391,-37.598,0.000
1728632054.105,-25.879,-33.691,37.109,-27.832,0.000
1728632054.109,-27.344,-27.832,38.574,-22.949,0.000
1728632054.112,-49.316,-24.902,25.879,-38.086,0.000
1728632054.116,-49.805,-21.484,28.320,-39.062,0.000
1728632054.120,-26.367,-29.297,33.203,-34.668,0.000
1728632054.124,-22.461,-31.738,17.090,-33.691,0.000
1728632054.128,-35.156,-28.809,14.160,-36.621,0.000
1728632054.132,-54.688,-34.180,24.414,-51.758,0.000
1728632054.136,-54.688,-52.734,24.902,-49.805,0.000
1728632054.139,-47.363,-55.664,24.414,-41.992,0.000
1728632054.143,-37.109,-48.828,33.203,-35.645,0.000
1728632054.147,-41.504,-63.477,37.598,-33.203,0.000
1728632054.151,-58.105,-72.754,34.180,-42.969,0.000
1728632054.155,-58.105,-56.641,23.438,-43.457,0.000
1728632054.158,-49.805,-45.410,13.184,-32.715,0.000
1728632054.162,-37.598,-49.805,16.113,-26.367,0.000
1728632054.166,-36.621,-46.875,8.301,-31.738,0.000
1728632054.170,-53.711,-37.598,0.977,-44.434,0.000
1728632054.174,-61.523,-48.340,6.836,-42.480,0.000
1728632054.178,-36.133,-47.852,10.254,-25.879,0.000
1728632054.182,-7.324,-38.574,5.859,-10.254,0.000
1728632054.186,-13.184,-43.457,8.301,-12.207,0.000
1728632054.190,-38.574,-45.410,14.648,-29.785,0.000
1728632054.193,-43.945,-40.039,15.137,-32.227,0.000
1728632054.197,-29.785,-40.527,12.207,-25.391,0.000
1728632054.201,-20.020,-39.062,7.324,-26.367,0.000
1728632054.206,-28.809,-31.738,-2.441,-35.156,0.000
1728632054.210,-49.805,-49.316,-9.277,-46.387,0.000
1728632054.214,-60.547,-56.641,-4.395,-55.664,0.000
1728632054.218,-40.527,-44.434,5.859,-53.223,0.000
1728632054.221,-15.137,-41.504,20.996,-43.457,0.000
1728632054.225,-24.414,-45.410,23.926,-31.738,0.000
1728632054.229,-37.598,-38.574,15.625,-30.273,0.000
1728632054.233,-41.016,-31.738,12.695,-35.645,0.000
1728632054.237,-35.156,-25.879,13.184,-24.902,0.000
1728632054.241,-13.184,-40.527,5.859,-8.789,0.000
1728632054.245,-8.789,-53.223,2.441,-16.113,0.000
1728632054.249,-37.598,-43.945,-2.441,-37.109,0.000
1728632054.253,-43.945,-40.039,-3.418,-44.922,0.000
1728632054.257,-16.602,-23.926,-0.977,-26.855,0.000
1728632054.261,0.000,-11.719,-3.418,-8.789,0.000
1728632054.265,-14.160,-20.508,4.395,-14.648,0.000
1728632054.269,-33.203,-28.320,4.395,-20.020,0.000
1728632054.273,-38.574,-25.391,-2.930,-24.414,0.000
1728632054.277,-28.320,-29.297,-2.441,-26.367,0.000
1728632054.280,-19.043,-26.855,3.906,-15.625,0.000
1728632054.284,-9.277,-28.320,11.719,-17.578,0.000
1728632054.288,-23.926,-51.270,9.277,-27.344,0.000
1728632054.292,-54.199,-49.805,-1.953,-40.039,0.000
1728632054.296,-55.176,-35.156,0.488,-41.992,0.000
1728632054.300,-32.227,-31.250,7.812,-27.832,0.000
1728632054.304,-20.508,-31.250,6.348,-21.973,0.000
1728632054.308,-29.297,-23.438,10.254,-26.367,0.000
1728632054.312,-40.527,-22.949,3.418,-31.250,0.000
1728632054.316,-40.039,-33.691,-12.207,-35.645,0.000
1728632054.320,-20.996,-48.828,-8.301,-36.133,0.000
1728632054.324,-10.254,-49.805,3.418,-25.879,0.000
1728632054.327,-26.367,-35.156,0.000,-29.785,0.000
1728632054.331,-39.551,-27.344,-6.836,-44.434,0.000
1728632054.335,-48.340,-28.320,-2.441,-33.691,0.000
1728632054.339,-33.203,-30.762,-0.977,-22.949,0.000
1728632054.343,-19.531,-28.320,-9.277,-30.762,0.000
1728632054.347,-34.668,-31.738,-21.973,-42.969,0.000
1728632054.351,-51.758,-29.297,-30.762,-53.711,0.000
1728632054.355,-50.781,-24.414,-24.902,-47.852,0.000
1728632054.359,-24.414,-26.855,-15.137,-32.227,0.000
1728632054.363,-10.742,-38.574,-16.113,-29.297,0.000
1728632054.366,-25.391,-49.316,-16.113,-34.180,0.000
1728632054.370,-46.875,-48.828,-19.531,-38.086,0.000
1728632054.374,-53.711,-38.574,-26.367,-42.969,0.000
1728632054.378,-30.273,-38.086,-16.113,-30.273,0.000
1728632054.382,-14.160,-41.992,-4.883,-20.020,0.000
1728632054.386,-24.902,-38.574,-15.137,-24.414,0.000
1728632054.390,-35.156,-35.645,-25.879,-29.785,0.000
1728632054.394,-37.109,-31.250,-26.367,-37.109,0.000
1728632054.398,-34.180,-36.621,-20.020,-36.133,0.000
1728632054.401,-28.809,-43.457,-16.113,-23.438,0.000
1728632054.405,-23.438,-36.621,-18.066,-23.926,0.000
1728632054.409,-34.668,-36.133,-17.578,-37.109,0.000
1728632054.413,-43.457,-48.828,-20.996,-41.016,0.000
1728632054.417,-34.180,-42.969,-24.414,-36.133,0.000
1728632054.421,-12.695,-34.668,-26.367,-32.227,0.000
1728632054.425,-12.695,-31.250,-19.531,-34.668,0.000
1728632054.429,-29.297,-37.109,-19.531,-37.109,0.000
1728632054.433,-46.387,-35.156,-24.414,-47.363,0.000
1728632054.437,-34.668,-21.484,-17.578,-40.527,0.000
1728632054.440,-7.324,-17.578,-26.367,-30.762,0.000
1728632054.444,-22.461,-31.738,-35.156,-29.297,0.000
1728632054.448,-40.527,-41.504,-23.438,-24.902,0.000
1728632054.452,-45.410,-39.062,-24.902,-43.457,0.000
1728632054.456,-37.109,-39.062,-23.438,-53.223,0.000
1728632054.460,-10.742,-40.039,-12.695,-27.832,0.000
1728632054.464,-15.137,-39.062,-8.789,-16.602,0.000
1728632054.467,-28.809,-41.992,-14.160,-26.367,0.000
1728632054.471,-38.086,-40.039,-23.926,-39.062,0.000
1728632054.475,-44.922,-33.203,-29.785,-41.504,0.000
1728632054.479,-17.578,-26.855,-22.461,-21.484,0.000
1728632054.483,-7.324,-23.438,-17.090,-17.578,0.000
1728632054.488,-39.551,-30.273,-29.297,-35.156,0.000
1728632054.492,-63.965,-35.156,-42.480,-41.992,0.000
1728632054.496,-62.988,-36.133,-28.809,-43.457,0.000
1728632054.500,-41.992,-25.391,-13.672,-36.621,0.000
1728632054.504,-21.484,-29.297,-15.137,-22.461,0.000
1728632054.507,-22.461,-47.363,-31.250,-22.949,0.000
1728632054.511,-55.664,-39.062,-50.293,-44.434,0.000
1728632054.515,-78.125,-23.926,-43.457,-62.988,0.000
1728632054.519,-50.293,-21.973,-31.250,-55.176,0.000
1728632054.523,-23.438,-24.414,-33.203,-46.875,0.000
1728632054.527,-28.320,-26.367,-31.738,-35.645,0.000
1728632054.531,-38.574,-16.113,-26.367,-34.180,0.000
1728632054.534,-33.691,-7.812,-24.414,-35.645,0.000
1728632054.538,-17.578,-10.254,-24.414,-23.438,0.000
1728632054.542,-12.207,-11.230,-26.367,-29.785,0.000
1728632054.546,-28.809,-11.719,-28.320,-38.086,0.000
1728632054.550,-47.363,-11.719,-28.809,-32.715,0.000
1728632054.553,-56.641,-18.066,-27.832,-30.273,0.000
1728632054.557,-42.480,-23.438,-27.832,-36.133,0.000
1728632054.561,-14.648,-13.672,-20.508,-26.855,0.000
1728632054.565,-9.766,-9.277,-22.949,-19.531,0.000
1728632054.569,-31.738,-22.949,-30.273,-31.250,0.000
1728632054.573,-49.316,-25.879,-26.367,-34.180,0.000
1728632054.577,-39.062,-16.113,-26.367,-35.156,0.000
1728632054.581,-14.160,-13.672,-26.855,-40.039,0.000
1728632054.585,-22.461,-22.949,-27.832,-37.598,0.000
1728632054.589,-49.316,-20.996,-31.738,-46.387,0.000
1728632054.593,-47.852,-12.695,-32.715,-51.758,0.000
1728632054.597,-23.438,-12.695,-31.738,-37.598,0.000
1728632054.601,1.953,-20.996,-25.879,-27.832,0.000
1728632054.605,1.465,-32.715,-24.902,-20.508,0.000
1728632054.609,-20.020,-25.391,-34.668,-23.926,0.000
1728632054.613,-28.320,-32.227,-28.809,-39.551,0.000
1728632054.617,-22.949,-41.504,-19.531,-37.598,0.000
1728632054.620,-20.020,-29.785,-28.809,-37.598,0.000
1728632054.624,-18.555,-30.273,-33.691,-26.855,0.000
1728632054.629,0.000,-30.273,-28.809,-21.973,0.000
1728632054.633,0.000,-17.090,-29.785,-38.086,0.000
1728632054.636,0.000,-14.160,-27.344,-33.691,0.000
1728632054.640,0.000,-27.344,-23.926,-9.277,0.000
1728632054.644,0.000,-34.180,-29.297,-14.648,0.000
1728632054.648,0.000,-27.832,-39.062,-33.691,0.000
1728632054.652,0.000,-24.414,-44.922,-45.898,0.000
1728632054.656,0.000,-32.227,-38.574,-47.852,0.000
1728632054.660,0.000,-30.273,-38.086,-30.762,0.000
1728632054.664,0.000,-27.344,-39.551,-21.973,0.000
1728632054.668,0.000,-39.551,-36.133,-22.949,0.000
1728632054.672,0.000,-39.551,-31.250,-20.996,0.000
1728632054.676,-44.922,-24.414,-32.715,-33.203,0.000
1728632054.680,-26.855,-18.555,-30.762,-41.992,0.000
1728632054.683,-22.461,-26.367,-27.344,-29.785,0.000
1728632054.687,-34.668,-34.668,-33.691,-26.855,0.000
1728632054.691,-50.293,-40.527,-39.551,-36.621,0.000
1728632054.695,-48.828,-47.852,-36.621,-37.109,0.000
1728632054.699,-26.367,-39.551,-34.180,-36.133,0.000
1728632054.703,-20.508,-15.625,-32.227,-35.156,0.000
1728632054.707,-30.273,-5.859,-33.691,-25.391,0.000
1728632054.711,-50.293,-18.066,-34.668,-25.391,0.000
1728632054.715,-59.082,-32.715,-32.715,-36.621,0.000
1728632054.719,-35.645,-36.621,-33.691,-40.527,0.000
1728632054.722,-21.973,-39.062,-40.527,-39.551,0.000
1728632054.726,-38.574,-37.109,-41.992,-30.762,0.000
1728632054.730,-55.176,-40.039,-35.156,-32.715,0.000
1728632054.734,-41.504,-42.969,-31.738,-39.062,0.000
1728632054.738,-16.113,-33.203,-30.762,-24.902,0.000
1728632054.742,-5.859,-32.715,-28.320,-16.113,0.000
1728632054.746,-11.719,-34.668,-23.926,-21.973,0.000
1728632054.750,-24.414,-37.598,-30.273,-30.762,0.000
1728632054.754,-52.246,-35.645,-37.109,-36.621,0.000
1728632054.758,-48.828,-41.992,-35.645,-38.086,0.000
1728632054.761,-22.461,-51.758,-37.109,-39.551,0.000
1728632054.765,-29.785,-38.574,-32.715,-37.598,0.000
1728632054.769,-44.922,-33.203,-35.645,-42.969,0.000
1728632054.773,-36.133,-33.691,-32.227,-52.734,0.000
1728632054.777,-23.926,-38.086,-18.555,-40.039,0.000
1728632054.781,-13.672,-38.574,-20.020,-29.785,0.000
1728632054.785,-17.090,-30.273,-26.367,-29.785,0.000
1728632054.788,-44.922,-40.527,-28.809,-30.273,0.000
1728632054.792,-62.012,-49.316,-32.715,-35.645,0.000
1728632054.796,-41.992,-33.203,-34.180,-23.926,0.000
1728632054.800,-20.508,-30.762,-22.461,-20.508,0.000
1728632054.804,-33.691,-45.410,-12.207,-24.414,0.000
1728632054.808,-57.617,-44.434,-19.531,-38.086,0.000
1728632054.812,-52.734,-37.598,-21.484,-39.551,0.000
1728632054.815,-40.039,-41.992,-19.043,-30.762,0.000
1728632054.819,-33.691,-56.641,-25.391,-34.180,0.000
1728632054.823,-33.203,-51.270,-34.180,-34.180,0.000
1728632054.827,-50.293,-36.621,-35.156,-36.133,0.000
1728632054.831,-59.082,-32.715,-29.297,-43.945,0.000
1728632054.835,-39.062,-34.180,-21.973,-52.246,0.000
1728632054.839,-27.344,-35.645,-24.414,-48.828,0.000
1728632054.843,-22.949,-33.691,-32.227,-37.109,0.000
1728632054.847,-37.598,-34.180,-30.762,-41.504,0.000
1728632054.851,-62.012,-37.598,-28.320,-46.387,0.000
1728632054.855,-54.688,-35.645,-27.344,-48.340,0.000
1728632054.858,-39.551,-38.086,-32.715,-45.410,0.000
1728632054.862,0.000,-40.527,-29.785,-35.156,0.000
1728632054.866,0.000,-36.133,-19.043,-26.855,0.000
1728632054.870,0.000,-45.898,-21.973,-33.691,0.000
1728632054.874,0.000,-51.758,-24.414,-44.434,0.000
1728632054.877,0.000,-54.199,-21.973,-26.855,0.000
1728632054.881,0.000,-49.805,-24.902,-22.461,0.000
1728632054.885,0.000,-43.945,-34.668,-28.809,0.000
1728632054.889,0.000,-37.598,-34.180,-35.156,0.000
1728632054.893,0.000,-25.391,-22.949,-36.621,0.000
1728632054.897,0.000,-23.926,-16.602,-23.438,0.000
1728632054.901,0.000,-22.461,-15.137,-25.879,0.000
1728632054.905,0.000,-29.297,-12.695,-24.902,0.000
1728632054.908,-34.668,-42.969,-20.020,-28.320,0.000
1728632054.912,-59.570,-46.875,-27.344,-39.551,0.000
1728632054.916,-33.203,-42.480,-20.508,-27.832,0.000
1728632054.920,-11.719,-39.551,-21.973,-10.742,0.000
1728632054.924,-25.879,-32.227,-25.879,-18.066,0.000
1728632054.928,-39.551,-24.902,-32.715,-36.621,0.000
1728632054.931,-50.293,-25.391,-34.668,-41.016,0.000
1728632054.935,-35.645,-32.715,-29.297,-31.250,0.000
1728632054.939,-10.742,-34.668,-30.273,-22.461,0.000
1728632054.943,-16.602,-24.414,-31.250,-22.461,0.000
1728632054.947,-36.133,-21.484,-25.879,-26.367,0.000
1728632054.951,-44.922,-27.344,-24.902,-30.762,0.000
1728632054.956,-42.480,-26.855,-35.645,-43.457,0.000
1728632054.959,-18.066,-20.996,-32.715,-41.504,0.000
1728632054.963,-3.906,-34.180,-29.297,-31.250,0.000
1728632054.967,-36.133,-51.758,-39.062,-36.133,0.000
1728632054.971,-61.035,-45.410,-40.527,-44.922,0.000
1728632054.975,-47.363,-32.715,-40.039,-38.574,0.000
1728632054.979,-40.039,-28.320,-42.480,-34.180,0.000
1728632054.983,-38.086,-30.762,-44.922,-37.109,0.000
1728632054.987,-40.527,-38.574,-44.434,-31.738,0.000
1728632054.991,-50.293,-44.922,-43.945,-35.156,0.000
1728632054.995,-41.016,-36.621,-37.598,-43.457,0.000
1728632054.998,-18.066,-22.949,-37.109,-40.527,0.000
1728632055.003,-20.508,-23.926,-34.668,-30.762,0.000
1728632055.007,-37.109,-35.645,-29.297,-35.156,0.000
1728632055.011,-48.828,-39.551,-31.738,-47.363,0.000
1728632055.015,-33.691,-49.316,-34.668,-38.574,0.000
1728632055.018,-6.348,-48.828,-33.203,-29.785,0.000
1728632055.022,-16.113,-25.391,-25.391,-23.438,0.000
1728632055.026,-51.758,-16.113,-23.926,-27.344,0.000
1728632055.030,-59.570,-27.344,-30.273,-44.434,0.000
1728632055.034,-47.852,-35.156,-24.414,-40.039,0.000
1728632055.038,-28.809,-30.762,-15.137,-29.785,0.000
1728632055.042,-18.066,-24.902,-13.672,-27.344,0.000
1728632055.046,-20.996,-34.668,-17.578,-23.438,0.000
1728632055.050,-38.086,-51.270,-27.832,-39.551,0.000
1728632055.054,-48.340,-54.199,-22.949,-45.898,0.000
1728632055.058,-25.879,-32.715,-20.020,-22.949,0.000
1728632055.062,-13.672,-18.066,-26.367,-19.531,0.000
1728632055.066,-19.043,-26.855,-19.043,-30.273,0.000
1728632055.069,-29.785,-34.180,-17.578,-28.809,0.000
1728632055.073,-47.852,-30.762,-20.996,-41.016,0.000
1728632055.077,-40.527,-37.598,-19.043,-38.086,0.000
1728632055.081,-25.879,-41.992,-28.809,-38.574,0.000
1728632055.085,-45.898,-34.180,-34.180,-54.199,0.000
1728632055.089,-64.453,-31.250,-25.879,-59.570,0.000
1728632055.093,-47.363,-35.156,-23.926,-51.270,0.000
1728632055.097,-31.738,-42.969,-29.297,-50.293,0.000
1728632055.101,-28.320,-37.598,-25.391,-42.969,0.000
1728632055.105,-35.156,-25.391,-20.508,-21.973,0.000
1728632055.108,-52.246,-41.016,-23.438,-31.250,0.000
1728632055.112,-51.758,-47.852,-24.902,-47.852,0.000
1728632055.116,-23.438,-30.762,-18.066,-34.668,0.000
1728632055.120,-4.395,-24.414,-21.484,-13.672,0.000
1728632055.124,-23.438,-30.273,-28.320,-17.090,0.000
1728632055.128,-42.969,-30.273,-31.738,-23.438,0.000
1728632055.132,-46.387,-26.855,-27.344,-31.738,0.000
1728632055.136,-41.504,-32.227,-20.020,-36.621,0.000
1728632055.140,-25.391,-42.480,-17.578,-27.832,0.000
1728632055.143,-31.250,-39.062,-15.137,-23.438,0.000
1728632055.147,-45.898,-40.039,-20.020,-30.273,0.000
1728632055.151,-42.480,-43.457,-20.020,-41.992,0.000
1728632055.155,-19.043,-37.109,-18.066,-40.039,0.000
1728632055.159,-18.066,-33.691,-16.113,-19.043,0.000
1728632055.163,-34.668,-39.551,-20.508,-17.578,0.000
1728632055.167,-51.758,-36.621,-31.738,-30.762,0.000
1728632055.171,-62.500,-25.391,-32.715,-43.457,0.000
1728632055.175,-39.551,-20.508,-27.832,-37.109,0.000
1728632055.179,-19.043,-29.297,-31.738,-30.273,0.000
1728632055.182,-17.578,-33.691,-27.344,-22.949,0.000
1728632055.186,-23.438,-35.156,-22.949,-20.020,0.000
1728632055.190,-41.504,-40.039,-35.156,-38.574,0.000
1728632055.194,-43.457,-41.504,-35.645,-51.270,0.000
1728632055.198,-41.016,-41.992,-21.484,-54.688,0.000
1728632055.202,-44.922,-33.203,-17.090,-44.922,0.000
1728632055.206,-44.922,-28.320,-22.949,-39.062,0.000
1728632055.210,-59.082,-49.316,-32.715,-52.734,0.000
1728632055.213,-45.898,-42.480,-24.902,-39.551,0.000
1728632055.217,-13.184,-21.484,-15.625,-25.391,0.000
1728632055.221,-15.137,-20.508,-22.949,-44.434,0.000
1728632055.225,-29.297,-20.508,-40.527,-54.688,0.000
1728632055.229,-41.016,-23.438,-41.504,-53.711,0.000
1728632055.233,-47.363,-25.391,-36.133,-64.453,0.000
1728632055.238,-30.273,-19.531,-33.203,-49.805,0.000
1728632055.242,-8.301,-20.020,-28.809,-26.367,0.000
1728632055.246,-28.809,-40.527,-33.203,-22.949,0.000
1728632055.250,-59.082,-43.945,-32.227,-34.668,0.000
1728632055.253,-51.270,-25.391,-31.250,-53.223,0.000
1728632055.257,-27.344,-26.855,-36.621,-54.199,0.000
1728632055.261,-21.973,-41.992,-32.227,-32.227,0.000
1728632055.265,-35.156,-36.133,-22.949,-24.414,0.000
1728632055.269,-54.688,-23.926,-33.691,-38.086,0.000
1728632055.273,-66.895,-28.320,-38.574,-50.293,0.000
1728632055.277,-46.387,-31.738,-33.203,-46.875,0.000
1728632055.281,-23.438,-28.809,-36.133,-39.551,0.000
1728632055.285,-41.016,-39.062,-33.203,-28.320,0.000
1728632055.289,-57.129,-44.922,-35.645,-27.832,0.000
1728632055.293,-50.293,-38.574,-42.969,-44.434,0.000
1728632055.297,-27.344,-31.738,-29.785,-38.086,0.000
1728632055.301,-4.883,-21.973,-25.879,-40.527,0.000
1728632055.305,-15.625,-24.902,-29.297,-46.387,0.000
1728632055.309,-48.340,-37.598,-30.762,-43.945,0.000
1728632055.313,-60.059,-40.527,-36.133,-44.922,0.000
1728632055.317,-30.762,-38.574,-33.691,-32.227,0.000
1728632055.320,-9.277,-41.016,-30.273,-20.508,0.000
1728632055.324,-13.184,-29.785,-31.738,-24.414,0.000
1728632055.328,-36.621,-27.344,-37.598,-39.551,0.000
1728632055.333,-60.059,-28.809,-33.691,-43.457,0.000
1728632055.336,-51.758,-33.203,-30.273,-31.738,0.000
1728632055.340,-24.414,-40.527,-31.738,-26.855,0.000
1728632055.344,-15.625,-27.344,-27.344,-32.227,0.000
1728632055.348,-29.785,-29.785,-31.738,-44.922,0.000
1728632055.352,-46.875,-41.992,-39.551,-48.340,0.000
1728632055.356,-37.109,-34.180,-33.203,-44.434,0.000
1728632055.360,-22.461,-41.016,-24.902,-39.062,0.000
1728632055.364,-18.555,-43.457,-26.367,-35.645,0.000
1728632055.368,-34.180,-41.992,-37.598,-36.133,0.000
1728632055.372,-63.965,-46.387,-40.039,-40.039,0.000
1728632055.375,-51.270,-42.969,-26.367,-41.504,0.000
1728632055.380,-16.602,-46.875,-15.137,-32.227,0.000
1728632055.383,-19.043,-49.805,-22.461,-30.762,0.000
1728632055.387,-42.480,-46.387,-30.762,-33.691,0.000
1728632055.391,-48.828,-32.227,-30.762,-43.945,0.000
1728632055.395,-47.852,-20.508,-29.297,-54.199,0.000
1728632055.399,-33.691,-28.809,-30.762,-44.434,0.000
1728632055.403,-35.156,-41.992,-31.738,-37.109,0.000
1728632055.407,-57.129,-47.852,-31.250,-42.480,0.000
1728632055.411,-58.594,-45.898,-31.250,-43.945,0.000
1728632055.415,-43.457,-38.086,-31.250,-41.992,0.000
1728632055.419,-27.832,-34.668,-24.902,-25.879,0.000
1728632055.423,-9.766,-40.527,-21.973,-18.066,0.000
1728632055.426,-17.090,-41.504,-31.250,-23.926,0.000
1728632055.430,-46.387,-47.363,-26.367,-24.902,0.000
1728632055.434,-53.711,-47.363,-22.949,-30.273,0.000
1728632055.438,-21.484,-43.457,-27.344,-24.414,0.000
1728632055.442,-3.906,-36.621,-26.855,-16.113,0.000
1728632055.446,-18.066,-31.250,-29.785,-20.020,0.000
1728632055.450,-35.156,-35.645,-29.297,-32.715,0.000
1728632055.454,-41.504,-35.156,-33.203,-35.645,0.000
1728632055.458,-20.996,-35.645,-38.574,-20.020,0.000
1728632055.462,7.812,-31.250,-23.926,-2.441,0.000
1728632055.465,-2.441,-25.391,-13.184,-5.859,0.000
1728632055.469,-24.902,-29.297,-17.090,-20.996,0.000
1728632055.473,-39.551,-35.156,-25.391,-37.109,0.000
1728632055.477,-34.180,-29.297,-34.668,-43.457,0.000
1728632055.481,-28.809,-27.344,-38.086,-36.133,0.000
1728632055.485,-28.320,-37.109,-37.109,-32.715,0.000
1728632055.489,-33.203,-41.992,-38.574,-41.016,0.000
1728632055.493,-43.457,-40.527,-38.086,-38.574,0.000
1728632055.496,-28.809,-35.645,-34.668,-31.250,0.000
1728632055.500,-12.695,-36.133,-37.598,-28.320,0.000
1728632055.504,-19.531,-36.133,-35.156,-22.461,0.000
1728632055.508,-38.574,-30.762,-31.738,-34.180,0.000
1728632055.512,-44.434,-34.180,-32.715,-34.668,0.000
1728632055.516,-28.320,-33.691,-38.574,-28.320,0.000
1728632055.520,-2.441,-33.203,-40.039,-24.414,0.000
1728632055.523,-3.906,-30.273,-38.086,-27.832,0.000
1728632055.527,-41.992,-33.691,-34.668,-33.691,0.000
1728632055.531,-62.988,-41.016,-37.598,-39.062,0.000
1728632055.535,-49.316,-38.086,-34.180,-40.039,0.000
1728632055.539,-20.508,-49.805,-27.832,-28.320,0.000
1728632055.543,-19.531,-52.246,-37.598,-15.137,0.000
1728632055.547,-43.457,-42.969,-49.805,-9.277,0.000
1728632055.551,-41.992,-45.898,-46.875,-28.809,0.000
1728632055.555,-40.527,-44.922,-44.922,-50.293,0.000
1728632055.559,-37.598,-33.691,-35.156,-34.180,0.000
1728632055.563,-32.715,-25.879,-27.832,-28.320,0.000
1728632055.566,-41.504,-29.297,-32.227,-38.086,0.000
1728632055.570,-53.223,-39.551,-40.039,-46.875,0.000
1728632055.574,-50.781,-44.922,-45.898,-50.781,0.000
1728632055.578,-30.273,-45.410,-48.340,-44.434,0.000
1728632055.582,-27.832,-38.574,-41.504,-41.992,0.000
1728632055.586,-37.109,-35.645,-46.875,-48.828,0.000
1728632055.589,-48.340,-42.480,-51.758,-59.082,0.000
1728632055.593,-51.758,-42.969,-41.504,-47.363,0.000
1728632055.597,-24.902,-33.691,-33.203,-32.227,0.000
1728632055.601,-9.766,-28.320,-41.504,-31.250,0.000
1728632055.605,-25.879,-20.020,-43.457,-36.133,0.000
1728632055.609,-57.617,-22.461,-39.551,-46.875,0.000
1728632055.612,-64.453,-30.762,-39.062,-61.035,0.000
1728632055.616,-35.645,-26.367,-36.621,-60.547,0.000
1728632055.620,-21.484,-29.297,-36.133,-41.504,0.000
1728632055.624,-42.480,-34.668,-40.039,-34.668,0.000
1728632055.628,-56.641,-43.945,-47.363,-49.805,0.000
1728632055.632,-58.105,-41.992,-42.969,-55.176,0.000
1728632055.636,-41.992,-33.203,-37.598,-39.062,0.000
1728632055.640,-27.344,-35.645,-34.180,-29.297,0.000
1728632055.643,-48.340,-39.062,-35.156,-37.109,0.000
1728632055.647,-68.359,-51.270,-44.922,-43.945,0.000
1728632055.651,-61.035,-54.688,-46.387,-51.758,0.000
1728632055.655,-36.621,-41.016,-31.250,-41.016,0.000
1728632055.658,-37.109,-29.785,-27.344,-33.691,0.000
1728632055.662,-49.805,-30.762,-35.156,-35.645,0.000
1728632055.666,-62.500,-35.645,-31.738,-59.082,0.000
1728632055.670,-95.703,-40.039,-37.598,-91.797,0.000
1728632055.674,-92.773,-52.246,-37.598,-89.355,0.000
1728632055.678,-41.992,-48.828,-45.410,-66.895,0.000
1728632055.682,-31.738,-38.574,-40.527,-52.246,0.000
1728632055.686,-48.828,-44.922,-38.574,-46.387,0.000
1728632055.690,-67.871,-40.527,-63.477,-43.457,0.000
1728632055.694,-66.406,-28.320,-76.172,-47.363,0.000
1728632055.697,-56.641,-31.738,-91.797,-68.848,0.000
1728632055.701,-39.551,-20.508,-126.953,-44.922,0.000
1728632055.706,-34.180,-21.484,-147.949,-24.902,0.000
1728632055.710,-59.570,-31.738,-145.996,-49.805,0.000
1728632055.714,-69.336,-36.621,-176.270,-63.965,0.000
1728632055.718,-36.133,-37.598,-193.359,-44.922,0.000
1728632055.722,-35.645,-38.086,-226.074,-46.387,0.000
1728632055.725,-49.805,-33.691,-312.988,-38.086,0.000
1728632055.729,-61.035,-25.879,-385.742,-37.109,0.000
1728632055.733,-57.129,-22.461,-459.473,-35.645,0.000
1728632055.737,-51.270,-39.551,-574.707,-35.645,0.000
1728632055.741,-35.645,-35.156,-721.680,-19.043,0.000
1728632055.745,-40.039,-25.391,-879.883,-15.137,0.000
1728632055.749,-69.336,-44.434,-992.188,-37.109,0.000
1728632055.753,-58.105,-44.922,-1000.000,-31.738,0.000
1728632055.757,-26.855,-34.180,-997.559,-26.367,0.000
1728632055.761,-12.207,-33.203,-1000.000,-22.461,0.000
1728632055.765,-27.832,-37.109,-1000.000,-22.949,0.000
1728632055.769,-44.434,-52.246,-1000.000,-33.691,0.000
1728632055.773,-52.246,-67.871,-1000.000,-52.246,0.000
1728632055.777,-33.691,-57.617,-1000.000,-41.992,0.000
1728632055.780,-26.367,-45.898,-1000.000,-36.621,0.000
1728632055.784,-41.504,-40.527,-1000.000,-46.875,0.000
1728632055.788,-58.105,-41.016,-1000.000,-50.293,0.000
1728632055.792,-54.199,-38.574,-1000.000,-36.621,0.000
1728632055.796,-20.020,-45.898,-1000.000,-24.902,0.000
1728632055.800,0.000,-55.664,-1000.000,-25.391,0.000
1728632055.804,0.000,-37.598,-1000.000,-5.859,0.000
1728632055.808,0.000,-36.621,-999.512,-3.418,0.000
1728632055.812,0.000,-55.176,-1000.000,-28.809,0.000
1728632055.816,0.000,-67.383,-997.559,-44.434,0.000
1728632055.820,0.000,-61.523,-968.262,-35.645,0.000
1728632055.824,0.000,-51.758,-934.570,-35.156,0.000
1728632055.828,0.000,-53.223,-915.039,-34.180,0.000
1728632055.832,0.000,-57.617,-883.301,-27.832,0.000
1728632055.835,0.000,-42.480,-836.914,-25.391,0.000
1728632055.839,0.000,-32.227,-792.969,-21.973,0.000
1728632055.843,0.000,-36.621,-765.137,-25.391,0.000
1728632055.847,-43.457,-37.598,-748.535,-20.508,0.000
1728632055.851,-48.340,-35.645,-722.168,-33.691,0.000
1728632055.855,-35.156,-37.598,-660.645,-35.156,0.000
1728632055.859,-12.207,-41.504,-582.520,-19.531,0.000
1728632055.863,-15.625,-41.992,-536.621,-26.367,0.000
1728632055.867,-40.039,-43.945,-504.395,-31.738,0.000
1728632055.871,-51.758,-42.480,-411.133,-37.598,0.000
1728632055.874,-28.320,-29.785,-318.848,-30.762,0.000
1728632055.878,-2.930,-33.203,-276.367,-11.719,0.000
1728632055.882,-5.859,-49.316,-228.027,-14.160,0.000
1728632055.886,-31.738,-48.340,-197.754,-29.785,0.000
1728632055.890,-41.504,-35.645,-174.805,-30.762,0.000
1728632055.894,-25.879,-23.438,-79.590,-21.484,0.000
1728632055.898,-12.207,-20.020,117.188,-14.160,0.000
1728632055.902,-14.648,-28.809,312.500,-9.766,0.000
1728632055.905,-25.391,-47.852,357.422,-9.277,0.000
1728632055.909,-37.598,-47.363,407.715,-23.926,0.000
1728632055.913,-41.504,-33.691,631.348,-40.039,0.000
1728632055.917,-21.484,-37.109,822.754,-34.180,0.000
1728632055.921,-5.859,-39.551,855.469,-29.785,0.000
1728632055.925,-14.648,-37.109,865.234,-32.227,0.000
1728632055.929,-39.062,-43.945,907.715,-38.086,0.000
1728632055.933,-43.945,-38.086,952.637,-30.762,0.000
1728632055.937,-20.508,-27.344,968.262,-22.949,0.000
1728632055.940,-14.160,-28.320,965.820,-33.691,0.000
1728632055.944,-32.227,-30.273,965.332,-37.598,0.000
1728632055.948,-39.062,-34.668,966.797,-45.898,0.000
1728632055.952,-34.668,-41.992,963.867,-53.223,0.000
1728632055.956,-20.020,-42.969,907.715,-48.340,0.000
1728632055.960,-26.367,-39.551,846.191,-51.270,0.000
1728632055.964,-33.691,-40.039,832.520,-50.293,0.000
1728632055.968,-42.969,-37.109,799.316,-57.617,0.000
1728632055.972,-55.176,-26.855,743.164,-57.617,0.000
1728632055.975,-40.527,-21.484,691.895,-40.039,0.000
1728632055.979,-21.973,-28.809,629.883,-24.414,0.000
1728632055.983,-32.227,-41.016,566.406,-32.227,0.000
1728632055.987,-45.410,-38.086,536.621,-49.805,0.000
1728632055.991,-47.363,-37.109,497.559,-53.711,0.000
1728632055.994,-29.297,-45.410,470.703,-34.668,0.000
1728632055.998,4.395,-26.855,472.656,-23.926,0.000
1728632056.002,-5.859,-14.648,460.938,-38.574,0.000
1728632056.006,-50.293,-35.645,443.848,-47.363,0.000
1728632056.010,-54.199,-38.574,437.012,-36.133,0.000
1728632056.014,-41.016,-27.344,415.039,-29.297,0.000
1728632056.018,-32.715,-30.762,387.695,-39.062,0.000
1728632056.022,-34.180,-42.480,359.375,-44.922,0.000
1728632056.026,-58.105,-56.152,322.266,-39.062,0.000
1728632056.030,-61.035,-68.848,297.852,-38.574,0.000
1728632056.033,-40.039,-68.848,291.992,-48.340,0.000
1728632056.037,-33.691,-41.992,269.531,-41.016,0.000
1728632056.041,-37.109,-23.926,248.535,-36.621,0.000
1728632056.045,-46.875,-25.391,241.699,-49.805,0.000
1728632056.048,-54.688,-37.109,232.910,-49.316,0.000
1728632056.052,-43.945,-40.527,215.332,-41.992,0.000
1728632056.056,-9.277,-33.203,204.590,-32.227,0.000
1728632056.060,-4.883,-29.785,218.750,-32.715,0.000
1728632056.064,-37.598,-40.039,223.633,-29.785,0.000
1728632056.068,-46.387,-63.477,202.148,-22.949,0.000
1728632056.072,-41.504,-54.688,177.734,-30.762,0.000
1728632056.076,-23.438,-33.203,176.270,-29.785,0.000
1728632056.080,0.000,-24.902,178.223,-23.438,0.000
1728632056.084,0.000,-21.973,172.363,-21.973,0.000
1728632056.088,0.000,-26.855,160.645,-27.832,0.000
1728632056.092,0.000,-32.227,142.090,-34.668,0.000
1728632056.096,0.000,-31.250,132.324,-23.438,0.000
1728632056.100,0.000,-32.227,116.211,-11.230,0.000
1728632056.104,0.000,-40.039,97.656,-15.137,0.000
1728632056.108,0.000,-38.086,95.215,-24.902,0.000
1728632056.112,0.000,-29.785,92.773,-28.809,0.000
1728632056.116,0.000,-39.062,83.496,-19.531,0.000
1728632056.120,0.000,-41.504,84.473,-15.137,0.000
1728632056.123,0.000,-26.367,85.449,-24.414,0.000
1728632056.124,-11.719,-18.066,63.477,-55.176,0.000
1728632056.128,-30.273,-28.809,50.293,-52.734,0.000
1728632056.132,-52.734,-34.180,50.293,-29.297,0.000
1728632056.136,-54.199,-32.715,41.016,-24.414,0.000
1728632056.139,-23.438,-39.551,35.156,-31.250,0.000
1728632056.143,-5.859,-36.133,37.598,-42.969,0.000
1728632056.147,-33.691,-25.879,52.734,-36.133,0.000
1728632056.151,-53.223,-17.090,73.730,-20.996,0.000
1728632056.155,-44.922,-26.855,63.477,-13.184,0.000
1728632056.159,-22.949,-42.480,47.852,-26.855,0.000
1728632056.163,-16.113,-46.387,55.176,-46.875,0.000
1728632056.167,-29.297,-40.527,59.570,-46.875,0.000
1728632056.171,-33.203,-37.598,68.359,-30.273,0.000
1728632056.175,-20.508,-46.387,68.359,-27.344,0.000
1728632056.179,-23.438,-41.504,62.012,-32.227,0.000
1728632056.183,-38.086,-36.133,52.734,-33.203,0.000
1728632056.187,-53.223,-40.527,39.062,-38.574,0.000
1728632056.191,-35.156,-45.410,34.180,-36.133,0.000
1728632056.195,-18.066,-40.039,40.039,-29.297,0.000
1728632056.199,-18.555,-31.738,34.180,-20.508,0.000
1728632056.203,-36.133,-30.762,21.484,-15.137,0.000
1728632056.206,-57.617,-23.438,43.945,-33.203,0.000
1728632056.210,-50.293,-23.438,55.664,-42.969,0.000
1728632056.214,-26.367,-33.203,41.016,-39.551,0.000
1728632056.218,-30.273,-36.133,29.297,-41.992,0.000
1728632056.222,-52.246,-44.434,26.855,-48.340,0.000
1728632056.226,-58.594,-38.086,39.062,-52.246,0.000
1728632056.230,-41.016,-41.992,51.758,-45.410,0.000
1728632056.234,-13.184,-56.152,53.711,-33.691,0.000
1728632056.238,-18.555,-47.363,57.617,-36.621,0.000
1728632056.242,-52.734,-39.551,53.223,-48.828,0.000
1728632056.246,-62.500,-29.785,51.270,-52.734,0.000
1728632056.250,-45.410,-12.695,61.035,-47.852,0.000
1728632056.254,-35.156,-12.207,61.523,-45.410,0.000
1728632056.257,-34.668,-25.391,55.664,-44.922,0.000
1728632056.261,-43.457,-39.062,49.805,-45.898,0.000
1728632056.265,-53.223,-41.992,40.527,-48.828,0.000
1728632056.269,-39.551,-33.691,38.574,-50.781,0.000
1728632056.273,-23.438,-32.227,29.785,-44.434,0.000
1728632056.277,-19.043,-33.203,25.391,-45.898,0.000
1728632056.281,-16.602,-27.832,39.551,-42.969,0.000
1728632056.285,-37.598,-27.344,49.316,-31.738,0.000
1728632056.289,-51.270,-28.320,59.570,-29.297,0.000
1728632056.293,-28.809,-46.875,54.688,-25.879,0.000
1728632056.297,-21.484,-55.664,35.645,-36.621,0.000
1728632056.301,-30.762,-38.086,31.738,-41.016,0.000
1728632056.304,-36.621,-32.227,33.691,-37.109,0.000
1728632056.308,-35.645,-38.574,35.645,-44.922,0.000
1728632056.312,-28.320,-31.738,41.016,-40.527,0.000
1728632056.316,-26.855,-22.949,38.086,-30.273,0.000
1728632056.320,-36.621,-21.484,30.273,-28.809,0.000
1728632056.324,-57.617,-27.832,16.113,-47.363,0.000
1728632056.328,-58.594,-40.527,4.395,-61.035,0.000
1728632056.332,-29.297,-30.273,-6.836,-46.387,0.000
1728632056.336,-24.902,-29.297,-8.301,-45.410,0.000
1728632056.340,-40.527,-43.457,3.418,-40.527,0.000
1728632056.343,-49.805,-48.828,5.371,-37.598,0.000
1728632056.347,-45.898,-49.805,7.812,-34.668,0.000
1728632056.351,-33.691,-39.551,11.230,-26.367,0.000
1728632056.355,-23.438,-25.391,14.648,-20.508,0.000
1728632056.360,-22.461,-18.555,12.695,-15.625,0.000
1728632056.364,-40.039,-27.344,-0.488,-36.621,0.000
1728632056.368,-47.852,-33.203,-1.465,-54.199,0.000
1728632056.372,-38.086,-29.297,4.883,-53.223,0.000
1728632056.376,-25.391,-33.203,7.324,-35.645,0.000
1728632056.380,-31.738,-39.551,10.742,-27.344,0.000
1728632056.384,-42.969,-39.062,9.766,-32.715,0.000
1728632056.388,-53.711,-41.016,11.230,-35.645,0.000
1728632056.392,-45.898,-54.199,11.719,-38.574,0.000
1728632056.395,-24.902,-51.270,8.301,-34.180,0.000
1728632056.399,-32.227,-42.480,2.441,-30.762,0.000
1728632056.403,-37.598,-46.387,-3.906,-32.715,0.000
1728632056.407,-41.992,-31.250,-2.441,-46.387,0.000
1728632056.411,-30.273,-28.320,5.859,-41.016,0.000
1728632056.414,-18.555,-34.668,14.160,-28.320,0.000
1728632056.418,-28.809,-30.762,11.230,-22.949,0.000
1728632056.422,-40.039,-27.344,0.488,-22.461,0.000
1728632056.426,-40.039,-22.949,-1.953,-37.109,0.000
1728632056.430,-32.715,-14.648,1.953,-31.250,0.000
1728632056.434,-23.926,-23.926,3.906,-22.461,0.000
1728632056.438,-19.043,-39.551,1.465,-27.832,0.000
1728632056.442,-39.062,-50.293,-7.812,-29.297,0.000
1728632056.446,-61.035,-47.852,-8.789,-27.832,0.000
1728632056.450,-54.688,-35.156,-6.348,-35.156,0.000
1728632056.454,0.000,-33.691,-0.488,-35.645,0.000
1728632056.458,0.000,-39.062,4.883,-21.484,0.000
1728632056.462,0.000,-33.691,5.859,-18.066,0.000
1728632056.466,0.000,-34.180,3.418,-27.344,0.000
1728632056.470,0.000,-47.363,-6.348,-35.156,0.000
1728632056.474,0.000,-42.969,-9.277,-31.250,0.000
1728632056.478,0.000,-24.902,-5.371,-28.320,0.000
1728632056.482,0.000,-26.855,-9.277,-32.715,0.000
1728632056.486,0.000,-31.250,-9.766,-23.438,0.000
1728632056.490,0.000,-26.367,-4.395,-15.137,0.000
1728632056.493,0.000,-29.297,-7.324,-20.020,0.000
1728632056.497,0.000,-31.250,-18.066,-28.320,0.000
1728632056.502,-34.180,-35.645,-24.902,-32.715,0.000
1728632056.506,-39.062,-34.180,-23.438,-34.668,0.000
1728632056.510,-42.480,-25.879,-23.926,-39.551,0.000
1728632056.514,-33.203,-29.297,-32.715,-43.457,0.000
1728632056.517,-16.602,-39.062,-30.273,-29.785,0.000
1728632056.521,-31.738,-43.945,-28.809,-26.855,0.000
1728632056.525,-47.363,-37.598,-27.832,-34.180,0.000
1728632056.529,-35.156,-31.250,-13.184,-21.973,0.000
1728632056.533,-31.250,-29.785,-8.789,-6.348,0.000
1728632056.537,-30.273,-21.973,-18.066,-14.160,0.000
1728632056.541,-31.738,-22.461,-21.973,-29.785,0.000
1728632056.545,-47.852,-27.832,-22.949,-39.551,0.000
1728632056.549,-51.270,-30.762,-23.926,-43.457,0.000
1728632056.553,-38.086,-25.391,-18.555,-36.133,0.000
1728632056.557,-27.832,-23.926,-8.301,-30.273,0.000
1728632056.561,-18.066,-32.715,-5.371,-19.043,0.000
1728632056.565,-28.809,-38.086,-8.301,-11.230,0.000
1728632056.569,-32.715,-31.250,-5.371,-3.906,0.000
1728632056.572,-20.020,-23.438,-3.906,-11.719,0.000
1728632056.576,-11.719,-31.250,-18.066,-30.273,0.000
1728632056.580,-21.973,-38.574,-24.902,-26.855,0.000
1728632056.584,-54.199,-43.945,-20.508,-35.645,0.000
1728632056.588,-61.523,-41.504,-18.555,-42.480,0.000
1728632056.592,-40.039,-32.715,-12.695,-37.109,0.000
1728632056.596,-24.414,-28.320,-15.137,-25.391,0.000
1728632056.600,-29.297,-44.434,-25.391,-28.320,0.000
1728632056.604,-32.715,-42.480,-24.902,-35.645,0.000
1728632056.608,-47.363,-24.902,-18.555,-45.410,0.000
1728632056.612,-54.199,-32.715,-20.020,-49.316,0.000
1728632056.615,-37.598,-34.668,-26.367,-44.922,0.000
1728632056.619,-35.645,-39.062,-27.344,-44.922,0.000
1728632056.623,-44.434,-51.758,-26.367,-32.227,0.000
1728632056.627,-54.688,-45.898,-32.227,-36.133,0.000
1728632056.631,-50.293,-29.785,-31.250,-49.316,0.000
1728632056.635,-28.320,-22.949,-12.695,-38.086,0.000
1728632056.639,-20.996,-23.926,-13.184,-27.832,0.000
1728632056.643,-35.156,-42.969,-18.066,-26.855,0.000
1728632056.647,-48.340,-41.992,-7.324,-37.598,0.000
1728632056.651,-51.758,-29.297,-1.953,-41.016,0.000
1728632056.654,-32.227,-35.645,-6.836,-31.738,0.000
1728632056.658,-21.973,-41.504,-18.066,-41.016,0.000
1728632056.662,-50.781,-38.574,-21.484,-46.875,0.000
1728632056.666,-66.895,-32.227,-17.090,-49.805,0.000
1728632056.670,-51.270,-30.762,-10.742,-41.016,0.000
1728632056.674,-24.902,-24.902,-7.324,-24.414,0.000
1728632056.678,0.000,-17.578,-7.812,-21.973,0.000
1728632056.682,-20.508,-30.273,-15.137,-36.133,0.000
1728632056.686,-51.270,-36.133,-24.902,-48.340,0.000
1728632056.691,-47.363,-31.738,-22.461,-41.504,0.000
1728632056.695,-34.668,-26.367,-19.531,-41.016,0.000
1728632056.699,-25.391,-23.438,-19.043,-36.133,0.000
1728632056.703,-27.344,-31.738,-26.855,-34.668,0.000
1728632056.706,-39.062,-34.668,-24.902,-53.223,0.000
1728632056.710,-49.805,-39.551,-16.602,-52.734,0.000
1728632056.714,-30.273,-52.246,-16.602,-38.574,0.000
1728632056.718,-10.254,-50.781,-8.301,-40.527,0.000
1728632056.722,-30.762,-29.297,-1.465,-30.762,0.000
1728632056.726,-53.711,-19.043,-11.719,-38.574,0.000
1728632056.730,-58.105,-17.578,-20.020,-54.688,0.000
1728632056.734,-41.504,-20.508,-19.043,-46.387,0.000
1728632056.739,-16.602,-24.902,-23.926,-32.715,0.000
1728632056.742,-30.273,-38.086,-24.902,-35.156,0.000
1728632056.746,-52.246,-44.922,-21.973,-47.363,0.000
1728632056.750,-58.105,-45.410,-20.996,-50.293,0.000
1728632056.754,-41.504,-41.504,-13.672,-44.434,0.000
1728632056.758,-14.160,-32.715,-13.672,-28.809,0.000
1728632056.762,-13.184,-22.949,-15.137,-22.949,0.000
1728632056.766,-29.297,-16.602,-20.020,-28.320,0.000
1728632056.770,-39.551,-23.438,-26.855,-34.180,0.000
1728632056.774,-25.391,-26.855,-20.020,-39.551,0.000
1728632056.778,-3.418,-31.250,-22.949,-35.645,0.000
1728632056.781,-12.695,-38.574,-32.715,-28.809,0.000
1728632056.785,-34.668,-56.152,-33.203,-29.297,0.000
1728632056.788,-49.805,-58.594,-36.133,-38.574,0.000
1728632056.792,-54.199,-42.969,-35.156,-41.992,0.000
1728632056.796,-25.391,-29.297,-26.367,-33.691,0.000
1728632056.800,-18.555,-35.156,-18.555,-27.344,0.000
1728632056.804,-41.992,-40.039,-28.320,-29.297,0.000
1728632056.808,-44.922,-40.527,-31.250,-38.574,0.000
1728632056.812,-31.738,-53.711,-29.297,-47.852,0.000
1728632056.816,-14.160,-46.387,-25.879,-46.875,0.000
1728632056.820,-12.207,-32.227,-15.137,-36.621,0.000
1728632056.824,-34.668,-33.203,-18.066,-31.250,0.000
1728632056.828,-53.711,-39.551,-26.855,-41.016,0.000
1728632056.832,-45.898,-34.668,-22.461,-40.527,0.000
1728632056.836,-21.484,-25.879,-15.625,-32.227,0.000
1728632056.840,-6.348,-23.438,-16.602,-22.949,0.000
1728632056.844,-33.691,-33.691,-20.508,-20.020,0.000
1728632056.848,-65.430,-44.434,-19.531,-31.250,0.000
1728632056.851,-55.664,-42.480,-17.090,-34.668,0.000
1728632056.855,-29.297,-41.504,-17.578,-20.996,0.000
1728632056.859,-19.043,-43.945,-20.508,-21.973,0.000
1728632056.863,-37.109,-40.527,-22.461,-33.691,0.000
1728632056.867,-50.781,-37.109,-21.973,-28.809,0.000
1728632056.871,-40.527,-29.297,-10.742,-22.949,0.000
1728632056.875,-19.531,-27.344,-3.418,-18.066,0.000
1728632056.879,-20.996,-35.645,-17.578,-17.090,0.000
1728632056.883,-39.062,-43.945,-23.438,-24.902,0.000
1728632056.887,-55.664,-47.363,-22.949,-36.133,0.000
1728632056.891,-54.199,-32.715,-22.949,-46.875,0.000
1728632056.895,-24.902,-23.438,-17.578,-35.645,0.000
1728632056.899,-6.836,-28.320,-24.902,-20.020,0.000
1728632056.903,-17.578,-33.203,-41.016,-29.297,0.000
1728632056.906,-31.738,-30.273,-35.156,-40.527,0.000
1728632056.910,-44.922,-35.645,-26.367,-29.785,0.000
1728632056.914,-33.691,-48.340,-24.902,-22.461,0.000
1728632056.918,-12.207,-49.316,-22.461,-25.879,0.000
1728632056.922,-6.836,-42.480,-17.578,-19.531,0.000
1728632056.926,-30.273,-27.344,-21.484,-27.832,0.000
1728632056.930,-54.688,-14.648,-29.297,-44.922,0.000
1728632056.934,-53.711,-22.949,-25.879,-45.898,0.000
1728632056.938,-29.785,-26.367,-16.602,-26.855,0.000
1728632056.942,-20.996,-23.438,-8.301,-15.625,0.000
1728632056.946,-47.852,-34.180,-10.742,-29.297,0.000
1728632056.950,-61.523,-44.922,-17.578,-44.434,0.000
1728632056.953,-52.246,-45.410,-20.996,-41.016,0.000
1728632056.957,-40.039,-47.363,-27.344,-40.039,0.000
1728632056.961,-39.551,-52.246,-34.668,-44.434,0.000
1728632056.965,-51.270,-51.270,-32.227,-41.992,0.000
1728632056.969,-60.059,-45.898,-35.156,-53.711,0.000
1728632056.973,-43.945,-47.852,-32.715,-60.059,0.000
1728632056.977,-20.508,-47.363,-31.738,-42.969,0.000
1728632056.981,-20.020,-42.969,-29.785,-28.809,0.000
1728632056.985,-35.156,-32.227,-21.973,-35.156,0.000
1728632056.988,-50.781,-29.297,-18.066,-51.270,0.000
1728632056.992,-45.898,-38.086,-20.508,-46.875,0.000
1728632056.996,-29.785,-47.363,-28.809,-41.016,0.000
1728632057.000,-16.602,-50.293,-27.344,-42.480,0.000
1728632057.004,-28.809,-41.504,-26.855,-39.062,0.000
1728632057.008,-58.594,-38.574,-35.645,-42.969,0.000
1728632057.012,-45.898,-45.410,-28.320,-37.598,0.000
1728632057.016,-13.184,-36.133,-25.391,-32.715,0.000
1728632057.019,-21.484,-27.832,-37.109,-35.156,0.000
1728632057.023,-40.039,-27.344,-36.621,-33.203,0.000
1728632057.027,-57.129,-33.691,-31.738,-48.340,0.000
1728632057.031,-48.828,-45.898,-31.738,-56.641,0.000
1728632057.035,-26.367,-41.992,-26.855,-40.527,0.000
1728632057.039,-20.996,-22.461,-20.996,-15.625,0.000
1728632057.043,-18.066,-23.438,-24.902,-12.695,0.000
1728632057.047,-19.531,-39.551,-31.738,-28.320,0.000
1728632057.051,-50.293,-41.016,-37.598,-46.875,0.000
1728632057.055,-48.828,-35.645,-31.250,-40.039,0.000
1728632057.058,-23.926,-38.574,-19.531,-19.531,0.000
1728632057.062,-40.527,-34.180,-22.949,-30.762,0.000
1728632057.066,-60.059,-25.391,-36.133,-42.480,0.000
1728632057.070,-51.270,-20.996,-34.668,-47.363,0.000
1728632057.074,-30.273,-23.926,-29.785,-37.598,0.000
1728632057.078,-8.789,-25.879,-29.785,-22.949,0.000
1728632057.081,-11.719,-29.297,-36.621,-24.902,0.000
1728632057.085,-49.316,-36.133,-44.434,-35.645,0.000
1728632057.089,-67.871,-41.992,-41.504,-47.363,0.000
1728632057.093,-41.504,-48.340,-32.227,-42.480,0.000
1728632057.097,-10.254,-34.668,-19.043,-26.855,0.000
1728632057.101,-23.926,-28.320,-20.020,-23.438,0.000
1728632057.105,-41.016,-30.762,-35.645,-37.598,0.000
1728632057.109,-39.551,-25.391,-40.039,-43.945,0.000
1728632057.112,-51.270,-24.414,-38.086,-45.410,0.000
1728632057.116,-33.691,-23.926,-44.922,-36.133,0.000
1728632057.120,-25.391,-31.738,-47.363,-35.156,0.000
1728632057.124,-50.293,-39.062,-36.621,-50.293,0.000
1728632057.128,-53.711,-36.621,-34.668,-56.641,0.000
1728632057.132,-31.738,-29.297,-38.574,-47.852,0.000
1728632057.135,-27.344,-32.227,-33.203,-28.809,0.000
1728632057.139,-43.945,-40.527,-29.785,-27.344,0.000
1728632057.143,-50.293,-37.109,-36.133,-48.828,0.000
1728632057.147,-50.293,-33.203,-38.574,-51.758,0.000
1728632057.151,-39.062,-39.062,-32.715,-35.645,0.000
1728632057.155,-22.461,-38.574,-22.461,-23.926,0.000
1728632057.158,-25.391,-27.832,-24.414,-21.973,0.000
1728632057.162,-36.133,-23.438,-27.344,-24.414,0.000
1728632057.166,-46.875,-28.809,-26.855,-35.156,0.000
1728632057.170,-31.250,-25.391,-20.508,-33.203,0.000
1728632057.174,-7.812,-28.320,-14.648,-28.809,0.000
1728632057.178,-26.855,-38.086,-14.648,-36.133,0.000
1728632057.182,-48.340,-38.086,-26.855,-41.992,0.000
1728632057.186,-60.547,-38.086,-29.297,-49.805,0.000
1728632057.189,-52.734,-35.156,-20.020,-48.340,0.000
1728632057.193,-28.320,-26.367,-18.066,-35.156,0.000
1728632057.197,-27.344,-30.273,-19.531,-25.391,0.000
1728632057.201,-43.457,-41.016,-28.809,-34.180,0.000
1728632057.206,-52.734,-47.852,-31.250,-41.992,0.000
1728632057.210,-44.922,-42.969,-21.973,-46.875,0.000
1728632057.214,-15.137,-35.156,-17.578,-46.387,0.000
1728632057.217,-26.367,-34.180,-25.391,-43.457,0.000
1728632057.221,-63.477,-37.598,-43.457,-46.387,0.000
1728632057.225,-68.359,-41.504,-45.898,-42.969,0.000
1728632057.229,-60.059,-44.434,-27.344,-42.969,0.000
1728632057.233,-36.621,-40.039,-20.996,-29.297,0.000
1728632057.237,-11.230,-34.180,-40.527,-20.020,0.000
1728632057.241,-20.020,-43.945,-54.688,-35.645,0.000
1728632057.245,-39.551,-46.387,-48.828,-37.598,0.000
1728632057.249,-47.852,-38.574,-49.316,-41.016,0.000
1728632057.253,0.000,-31.738,-45.898,-41.016,0.000
1728632057.257,0.000,-27.832,-33.691,-39.062,0.000
1728632057.261,0.000,-25.391,-38.574,-42.969,0.000
1728632057.265,0.000,-31.738,-42.480,-41.016,0.000
1728632057.269,0.000,-42.969,-34.668,-37.109,0.000
1728632057.273,0.000,-42.480,-22.461,-26.367,0.000
1728632057.276,0.000,-34.668,-16.113,-15.625,0.000
1728632057.280,0.000,-41.016,-27.344,-18.555,0.000
1728632057.284,0.000,-43.457,-38.086,-27.344,0.000
1728632057.288,0.000,-30.273,-34.668,-29.785,0.000
1728632057.292,0.000,-32.227,-24.902,-22.461,0.000
1728632057.296,0.000,-38.574,-23.926,-19.043,0.000
1728632057.300,-19.043,-34.180,-31.250,-24.902,0.000
1728632057.304,-42.969,-39.551,-29.785,-36.621,0.000
1728632057.308,-61.035,-46.387,-27.344,-43.457,0.000
1728632057.312,-54.199,-44.922,-29.785,-39.062,0.000
1728632057.316,-37.598,-37.598,-33.203,-46.387,0.000
1728632057.320,-41.016,-41.992,-45.410,-49.316,0.000
1728632057.324,-51.270,-47.363,-46.875,-54.688,0.000
1728632057.328,-57.617,-45.898,-36.133,-63.477,0.000
1728632057.331,-48.340,-34.180,-27.344,-57.129,0.000
1728632057.335,-33.203,-35.645,-22.949,-51.270,0.000
1728632057.339,-30.273,-41.992,-31.250,-50.781,0.000
1728632057.343,-47.363,-43.945,-36.621,-43.945,0.000
1728632057.347,-57.617,-46.387,-35.645,-47.852,0.000
1728632057.351,-48.340,-36.621,-34.180,-57.617,0.000
1728632057.355,-29.785,-29.297,-29.785,-49.805,0.000
1728632057.359,-21.484,-28.809,-34.180,-35.645,0.000
1728632057.363,-33.203,-32.715,-40.039,-29.297,0.000
1728632057.367,-48.828,-44.922,-40.039,-34.180,0.000
1728632057.370,-52.734,-41.016,-31.738,-42.480,0.000
1728632057.374,-35.156,-27.344,-21.973,-41.504,0.000
1728632057.378,-20.508,-23.926,-25.879,-26.855,0.000
1728632057.382,-30.273,-30.273,-34.668,-34.668,0.000
1728632057.386,-37.109,-37.598,-37.598,-44.434,0.000
1728632057.390,-36.621,-42.480,-34.180,-37.598,0.000
1728632057.394,-20.020,-34.668,-31.738,-33.691,0.000
1728632057.398,-14.160,-33.691,-29.297,-26.367,0.000
1728632057.401,-44.434,-41.992,-31.250,-27.344,0.000
1728632057.405,-50.781,-43.945,-42.480,-31.738,0.000
1728632057.409,-46.387,-36.133,-46.875,-38.574,0.000
1728632057.413,-36.621,-30.273,-41.504,-40.039,0.000
1728632057.417,-30.273,-35.156,-42.480,-36.133,0.000
1728632057.421,-42.480,-40.527,-47.852,-35.156,0.000
1728632057.425,-57.129,-39.551,-57.617,-35.156,0.000
1728632057.429,-53.223,-43.457,-58.105,-46.387,0.000
1728632057.433,-23.926,-48.340,-41.504,-48.340,0.000
1728632057.437,-9.766,-33.691,-31.250,-36.133,0.000
1728632057.440,0.000,-25.391,-45.898,-39.062,0.000
1728632057.444,0.000,-30.273,-52.734,-49.316,0.000
1728632057.448,0.000,-36.133,-59.570,-60.547,0.000
1728632057.452,0.000,-41.992,-61.523,-50.293,0.000
1728632057.456,0.000,-35.645,-52.246,-32.227,0.000
1728632057.460,0.000,-41.016,-49.316,-37.109,0.000
1728632057.464,0.000,-50.293,-39.551,-39.062,0.000
1728632057.468,0.000,-47.363,-33.203,-40.527,0.000
1728632057.471,0.000,-34.668,-28.320,-41.992,0.000
1728632057.475,0.000,-20.020,-20.996,-28.809,0.000
1728632057.479,0.000,-24.414,-32.715,-37.109,0.000
1728632057.483,0.000,-43.945,-50.781,-42.480,0.000
1728632057.488,-56.641,-38.574,-43.945,-34.180,0.000
1728632057.492,-40.039,-29.297,-25.879,-32.227,0.000
1728632057.496,-22.949,-29.297,-19.043,-24.902,0.000
1728632057.500,-15.625,-22.461,-13.184,-18.555,0.000
1728632057.504,-22.949,-31.738,-15.137,-25.879,0.000
1728632057.508,-59.082,-39.062,-33.691,-41.992,0.000
1728632057.511,-55.176,-39.062,-33.691,-47.363,0.000
1728632057.515,-20.508,-32.227,-19.043,-34.668,0.000
1728632057.519,-18.555,-30.762,-20.996,-31.250,0.000
1728632057.523,-41.992,-40.039,-26.367,-38.086,0.000
1728632057.527,-61.035,-44.922,-26.855,-47.852,0.000
1728632057.531,-50.293,-33.691,-27.832,-41.016,0.000
1728632057.534,-20.508,-18.555,-30.762,-21.973,0.000
1728632057.538,-9.277,-20.020,-29.297,-15.137,0.000
1728632057.542,-36.133,-38.574,-31.250,-19.531,0.000
1728632057.546,-58.105,-44.434,-37.109,-34.180,0.000
1728632057.550,-35.156,-43.945,-29.785,-33.203,0.000
1728632057.554,-16.602,-50.781,-15.137,-26.855,0.000
1728632057.558,-5.859,-44.922,-16.602,-20.020,0.000
1728632057.561,-20.020,-33.691,-20.508,-22.461,0.000
1728632057.565,-61.035,-34.180,-21.973,-38.574,0.000
1728632057.569,-49.316,-45.898,-24.414,-35.645,0.000
1728632057.573,-22.461,-45.410,-16.602,-11.230,0.000
1728632057.577,-32.715,-31.250,-19.531,-22.461,0.000
1728632057.581,-40.527,-33.691,-30.273,-38.574,0.000
1728632057.585,-46.875,-49.805,-35.645,-28.320,0.000
1728632057.589,-42.480,-45.898,-30.273,-24.902,0.000
1728632057.593,-23.438,-33.691,-19.043,-25.879,0.000
1728632057.597,-11.719,-29.297,-16.113,-26.855,0.000
1728632057.601,-28.809,-29.785,-22.461,-30.762,0.000
1728632057.605,-48.828,-40.527,-33.203,-42.969,0.000
1728632057.609,-36.621,-34.180,-43.945,-45.898,0.000
1728632057.613,-18.555,-30.762,-39.551,-35.156,0.000
1728632057.617,-15.137,-45.410,-23.926,-29.785,0.000
1728632057.621,-30.762,-42.480,-20.996,-33.203,0.000
1728632057.624,-42.480,-43.457,-22.949,-35.156,0.000
1728632057.629,0.000,-47.363,-21.973,-38.086,0.000
1728632057.633,0.000,-38.574,-20.996,-36.133,0.000
1728632057.637,0.000,-41.504,-31.738,-39.551,0.000
1728632057.640,0.000,-41.992,-44.922,-36.133,0.000
1728632057.644,0.000,-42.969,-42.480,-35.645,0.000
1728632057.648,0.000,-45.898,-34.180,-43.945,0.000
1728632057.652,0.000,-44.922,-27.832,-43.945,0.000
1728632057.656,0.000,-41.992,-22.461,-42.969,0.000
1728632057.660,0.000,-39.062,-23.438,-33.691,0.000
1728632057.664,0.000,-45.410,-32.715,-32.715,0.000
1728632057.668,0.000,-47.363,-31.250,-36.621,0.000
1728632057.672,0.000,-49.316,-24.902,-30.273,0.000
1728632057.676,-8.789,-40.039,-30.273,-24.902,0.000
1728632057.680,-14.648,-34.668,-30.273,-24.414,0.000
1728632057.684,-42.480,-42.969,-28.809,-36.133,0.000
1728632057.687,-68.848,-38.574,-39.062,-49.316,0.000
1728632057.691,-52.246,-39.062,-40.039,-39.551,0.000
1728632057.695,-10.742,-42.969,-38.086,-25.391,0.000
1728632057.699,-12.207,-44.922,-31.738,-22.949,0.000
1728632057.703,-44.434,-45.410,-26.367,-25.391,0.000
1728632057.707,-49.316,-47.852,-35.156,-25.879,0.000
1728632057.711,-42.480,-44.922,-33.203,-24.902,0.000
1728632057.715,-28.320,-27.344,-19.043,-27.832,0.000
1728632057.719,-27.344,-32.715,-18.555,-30.273,0.000
1728632057.722,-51.758,-49.805,-28.320,-43.457,0.000
1728632057.726,-74.707,-44.434,-25.391,-60.059,0.000
1728632057.730,-46.875,-17.578,-29.297,-45.410,0.000
1728632057.734,-33.203,-36.133,-16.602,-32.227,0.000
1728632057.738,-13.672,-54.688,-11.230,-27.344,0.000
1728632057.742,-24.414,-38.574,-37.109,-29.297,0.000
1728632057.746,-68.848,-45.898,-40.039,-61.523,0.000
1728632057.750,-47.363,-58.594,-22.949,-60.547,0.000
1728632057.754,-36.133,-74.219,-28.320,-52.734,0.000
1728632057.758,-41.504,-49.316,-35.645,-54.688,0.000
1728632057.762,-20.020,-13.672,-71.777,-11.719,0.000
1728632057.765,-27.832,-22.461,-118.164,-2.930,0.000
1728632057.769,-38.086,-27.344,-119.141,-32.715,0.000
1728632057.773,-48.828,-11.230,-126.953,-44.434,0.000
1728632057.777,-37.598,2.441,-157.715,-42.969,0.000
1728632057.781,-50.293,-11.230,-174.805,-56.641,0.000
1728632057.785,-28.809,-8.301,-212.891,-31.738,0.000
1728632057.789,-21.484,-17.578,-263.184,-27.344,0.000
1728632057.793,-21.973,-34.668,-300.293,-30.273,0.000
1728632057.796,-33.691,-47.363,-389.648,-41.992,0.000
1728632057.800,-44.922,-38.086,-458.496,-38.574,0.000
1728632057.804,-33.691,-17.578,-540.527,-29.785,0.000
1728632057.808,-43.945,-20.020,-651.367,-35.156,0.000
1728632057.812,-32.715,-25.879,-763.672,-10.254,0.000
1728632057.816,-9.766,-28.809,-933.105,-0.488,0.000
1728632057.820,-6.348,-30.273,-1000.000,-4.883,0.000
1728632057.823,-40.527,-40.527,-995.117,-20.996,0.000
1728632057.827,-64.941,-48.828,-1000.000,-39.062,0.000
1728632057.831,-50.781,-50.781,-1000.000,-42.969,0.000
1728632057.835,-18.066,-43.945,-1000.000,-32.715,0.000
1728632057.839,-14.160,-43.457,-1000.000,-26.855,0.000
1728632057.843,-39.062,-53.223,-1000.000,-28.320,0.000
1728632057.847,-57.617,-46.875,-1000.000,-46.387,0.000
1728632057.851,-46.875,-39.062,-1000.000,-46.875,0.000
1728632057.855,-19.043,-33.691,-1000.000,-26.855,0.000
1728632057.859,-5.371,-31.250,-1000.000,-26.367,0.000
1728632057.862,-33.203,-31.738,-1000.000,-37.598,0.000
1728632057.866,-54.199,-32.227,-1000.000,-48.340,0.000
1728632057.870,-27.344,-29.785,-999.512,-35.156,0.000
1728632057.874,-18.555,-34.668,-1000.000,-19.043,0.000
1728632057.878,-34.180,-51.758,-1000.000,-28.809,0.000
1728632057.882,-38.086,-55.176,-974.609,-21.973,0.000
1728632057.885,-28.320,-38.574,-931.152,-8.789,0.000
1728632057.889,-28.809,-37.109,-896.484,-22.949,0.000
1728632057.893,-35.156,-55.176,-870.117,-28.320,0.000
1728632057.897,-35.156,-56.641,-809.570,-24.414,0.000
1728632057.901,-49.805,-53.223,-707.031,-34.180,0.000
1728632057.905,-62.988,-50.293,-613.281,-37.598,0.000
1728632057.908,-53.223,-38.574,-562.500,-35.156,0.000
1728632057.912,-38.574,-35.156,-537.598,-33.203,0.000
1728632057.916,-26.855,-38.574,-500.977,-28.809,0.000
1728632057.920,-27.344,-36.133,-451.660,-16.602,0.000
1728632057.924,-42.969,-32.227,-347.656,-21.973,0.000
1728632057.928,-49.316,-30.273,-233.398,-42.969,0.000
1728632057.932,-20.996,-35.156,-42.969,-32.715,0.000
1728632057.936,-22.949,-50.781,238.770,-28.320,0.000
1728632057.939,-42.969,-55.176,423.340,-36.621,0.000
1728632057.943,-42.969,-45.898,567.871,-39.551,0.000
1728632057.947,-37.109,-40.039,703.613,-30.273,0.000
1728632057.951,-25.391,-34.180,802.246,-22.949,0.000
1728632057.956,-30.273,-37.598,870.117,-30.273,0.000
1728632057.960,-36.621,-40.527,862.793,-30.762,0.000
1728632057.963,-52.734,-37.598,888.184,-30.762,0.000
1728632057.967,-45.898,-40.527,916.504,-33.203,0.000
1728632057.971,-19.531,-35.156,895.996,-24.902,0.000
1728632057.975,-12.207,-26.367,888.184,-9.766,0.000
1728632057.979,-28.320,-23.926,853.516,-8.789,0.000
1728632057.983,-50.781,-25.879,810.547,-27.344,0.000
1728632057.987,-62.500,-30.762,783.203,-41.992,0.000
1728632057.991,-39.551,-34.668,757.324,-35.156,0.000
1728632057.995,-11.719,-31.738,715.820,-20.508,0.000
1728632057.999,-14.160,-27.832,663.086,-16.602,0.000
1728632058.003,-30.273,-34.180,629.883,-22.949,0.000
1728632058.007,-43.457,-38.574,604.980,-36.133,0.000
1728632058.011,-27.344,-42.969,565.918,-28.320,0.000
1728632058.015,-6.348,-47.363,528.320,-13.184,0.000
1728632058.019,-22.461,-37.598,502.930,-19.043,0.000
1728632058.022,-47.852,-26.855,474.121,-31.738,0.000
1728632058.026,-43.457,-23.438,450.684,-45.410,0.000
1728632058.030,-30.762,-22.949,446.289,-36.621,0.000
1728632058.034,-16.602,-28.320,425.293,-24.902,0.000
1728632058.038,-8.789,-32.227,393.066,-20.020,0.000
1728632058.042,-22.949,-28.320,371.582,-16.602,0.000
1728632058.046,-41.992,-34.180,341.797,-29.297,0.000
1728632058.050,-41.504,-41.504,317.871,-38.086,0.000
1728632058.054,-28.320,-32.715,295.410,-33.203,0.000
1728632058.058,-17.578,-28.320,269.531,-18.066,0.000
1728632058.062,-25.879,-41.504,252.441,-23.438,0.000
1728632058.066,-39.062,-43.945,245.117,-33.691,0.000
1728632058.070,-34.668,-44.434,245.117,-23.438,0.000
1728632058.073,-2.930,-40.039,246.094,-5.859,0.000
1728632058.077,-3.906,-30.273,246.582,-7.812,0.000
1728632058.081,-43.457,-35.645,237.305,-29.785,0.000
1728632058.085,-64.453,-36.133,225.586,-39.062,0.000
1728632058.089,-54.688,-27.344,209.473,-46.387,0.000
1728632058.093,-20.020,-29.297,190.918,-34.180,0.000
1728632058.097,-10.254,-39.062,174.805,-19.531,0.000
1728632058.101,-36.133,-44.434,157.227,-36.133,0.000
1728632058.105,-57.129,-46.387,151.367,-50.781,0.000
1728632058.109,-49.316,-37.598,152.832,-54.199,0.000
1728632058.112,-24.414,-30.273,153.809,-39.062,0.000
1728632058.116,-26.367,-29.297,147.461,-26.855,0.000
1728632058.120,-37.109,-23.438,138.672,-27.344,0.000
1728632058.124,-33.203,-28.809,134.277,-34.668,0.000
1728632058.128,-24.902,-35.156,129.395,-32.715,0.000
1728632058.132,-18.555,-26.367,132.324,-24.414,0.000
1728632058.136,-22.949,-35.645,124.512,-29.297,0.000
1728632058.140,-34.668,-37.598,112.793,-41.504,0.000
1728632058.144,-54.688,-22.949,107.910,-44.434,0.000
1728632058.147,-57.617,-29.785,104.492,-41.504,0.000
1728632058.151,-41.016,-36.133,97.168,-39.062,0.000
1728632058.155,-24.414,-27.832,87.402,-28.320,0.000
1728632058.159,-30.273,-29.785,98.633,-26.855,0.000
1728632058.163,-35.156,-36.621,98.633,-37.598,0.000
1728632058.167,-31.250,-36.133,88.379,-46.387,0.000
1728632058.171,-31.738,-33.203,90.820,-41.992,0.000
1728632058.175,-27.344,-36.621,85.938,-32.715,0.000
1728632058.179,-28.320,-45.410,74.219,-37.109,0.000
1728632058.183,-54.688,-42.480,66.406,-42.480,0.000
1728632058.187,-61.523,-34.668,56.641,-52.734,0.000
1728632058.190,-35.156,-34.668,46.875,-49.805,0.000
1728632058.194,-30.273,-38.086,33.691,-27.832,0.000
1728632058.198,-37.598,-38.574,20.996,-20.996,0.000
1728632058.202,-43.945,-35.156,22.461,-38.086,0.000
1728632058.206,-47.852,-33.691,22.949,-55.176,0.000
1728632058.210,-44.922,-33.691,31.738,-47.363,0.000
1728632058.214,-30.273,-34.668,56.641,-30.273,0.000
1728632058.217,-29.785,-31.250,58.105,-22.461,0.000
1728632058.221,-48.828,-24.414,46.875,-26.367,0.000
1728632058.225,-51.270,-26.855,41.504,-35.645,0.000
1728632058.229,-32.227,-39.062,44.434,-42.480,0.000
1728632058.233,-12.695,-28.320,42.480,-47.363,0.000
1728632058.237,0.000,-18.066,47.852,-38.574,0.000
1728632058.241,0.000,-32.715,52.246,-35.645,0.000
1728632058.244,0.000,-38.574,41.504,-44.434,0.000
1728632058.248,0.000,-38.086,32.715,-45.898,0.000
1728632058.252,0.000,-26.855,27.832,-32.715,0.000
1728632058.256,0.000,-20.508,30.762,-25.391,0.000
1728632058.260,0.000,-25.879,31.738,-34.180,0.000
1728632058.264,0.000,-32.715,27.344,-38.574,0.000
1728632058.268,0.000,-33.203,27.344,-37.598,0.000
1728632058.272,0.000,-28.809,32.715,-24.902,0.000
1728632058.276,0.000,-25.879,30.762,-32.715,0.000
1728632058.280,0.000,-30.273,24.414,-44.434,0.000
1728632058.283,-51.270,-40.039,22.949,-47.852,0.000
1728632058.287,-43.457,-32.715,25.391,-39.062,0.000
1728632058.291,-21.484,-22.461,32.227,-22.949,0.000
1728632058.295,-23.438,-24.902,35.156,-26.367,0.000
1728632058.298,-33.691,-37.109,25.391,-31.250,0.000
1728632058.302,-47.852,-43.457,8.789,-33.691,0.000
1728632058.306,-46.875,-38.086,2.930,-28.809,0.000
1728632058.310,-16.602,-31.738,6.836,-24.902,0.000
1728632058.314,1.953,-28.320,10.742,-19.531,0.000
1728632058.318,-10.742,-38.086,5.371,-14.648,0.000
1728632058.322,-36.621,-44.922,6.348,-28.809,0.000
1728632058.326,-45.898,-39.551,11.719,-39.062,0.000
1728632058.332,-21.484,-34.668,11.230,-24.902,0.000
1728632058.336,-7.812,-29.785,2.441,-19.043,0.000
1728632058.339,-28.320,-27.832,-4.883,-29.297,0.000
1728632058.343,-53.711,-26.855,-5.859,-43.457,0.000
1728632058.347,-57.617,-26.367,-6.836,-47.363,0.000
1728632058.351,-33.203,-39.551,-11.719,-42.969,0.000
1728632058.355,-18.066,-40.039,-9.277,-41.016,0.000
1728632058.359,-31.738,-24.414,-0.977,-31.738,0.000
1728632058.363,-41.992,-25.391,-7.812,-28.320,0.000
1728632058.367,-49.805,-35.156,-8.789,-29.785,0.000
1728632058.371,-39.062,-38.086,-4.883,-36.133,0.000
1728632058.375,-21.973,-35.645,-10.742,-38.574,0.000
1728632058.379,-28.320,-31.250,-14.648,-30.762,0.000
1728632058.383,-48.828,-30.273,-15.137,-28.320,0.000
1728632058.387,-57.129,-33.203,-20.020,-35.645,0.000
1728632058.391,-28.809,-29.297,-16.113,-32.715,0.000
1728632058.395,-4.395,-23.926,-18.555,-29.785,0.000
1728632058.398,-10.254,-28.320,-25.879,-30.273,0.000
1728632058.402,-16.113,-33.691,-23.926,-29.785,0.000
1728632058.406,-33.691,-39.062,-26.367,-31.250,0.000
1728632058.410,-42.480,-46.875,-28.809,-34.180,0.000
1728632058.414,-30.273,-46.875,-13.672,-38.574,0.000
1728632058.418,-29.297,-33.691,-3.906,-29.297,0.000
1728632058.422,-34.180,-25.879,-10.254,-29.785,0.000
1728632058.426,-46.875,-46.387,-16.113,-37.598,0.000
1728632058.430,-36.133,-48.828,-15.137,-34.180,0.000
1728632058.434,-4.883,-29.297,-16.602,-31.738,0.000
1728632058.438,-10.254,-31.250,-22.949,-34.668,0.000
1728632058.441,-43.457,-38.574,-22.949,-33.203,0.000
1728632058.445,-54.199,-47.363,-29.297,-39.062,0.000
1728632058.449,-41.504,-45.410,-26.855,-39.551,0.000
1728632058.453,-19.043,-35.645,-10.254,-17.090,0.000
1728632058.457,-1.953,-37.109,-13.184,-12.695,0.000
1728632058.461,-23.438,-39.551,-16.602,-28.809,0.000
1728632058.465,-64.453,-40.527,-11.719,-44.922,0.000
1728632058.469,-62.988,-27.344,-8.301,-40.527,0.000
1728632058.473,-25.391,-21.973,-7.812,-26.855,0.000
1728632058.477,-18.555,-39.062,-8.301,-23.438,0.000
1728632058.480,-37.109,-42.969,-9.766,-24.414,0.000
1728632058.484,-45.410,-33.691,-2.930,-28.809,0.000
1728632058.488,-45.410,-29.297,4.395,-37.598,0.000
1728632058.492,-28.320,-37.598,2.441,-30.273,0.000
1728632058.496,-5.859,-40.039,3.418,-34.180,0.000
1728632058.500,-0.488,-32.227,3.906,-28.320,0.000
1728632058.504,-38.574,-30.273,-1.465,-31.738,0.000
1728632058.508,-62.988,-25.879,-6.836,-44.434,0.000
1728632058.512,-24.902,-25.391,-1.465,-24.902,0.000
1728632058.516,-5.859,-30.273,0.000,-23.926,0.000
1728632058.519,0.000,-32.715,-13.672,-37.109,0.000
1728632058.523,0.000,-40.039,-20.508,-43.945,0.000
1728632058.527,0.000,-42.969,-12.695,-44.922,0.000
1728632058.531,0.000,-33.691,-2.930,-32.715,0.000
1728632058.535,0.000,-21.484,2.441,-21.973,0.000
1728632058.539,0.000,-20.020,-2.930,-19.043,0.000
1728632058.543,0.000,-23.926,-7.812,-31.250,0.000
1728632058.547,0.000,-24.902,-6.836,-36.621,0.000
1728632058.551,0.000,-27.832,-12.207,-25.879,0.000
1728632058.554,0.000,-34.668,-16.602,-13.184,0.000
1728632058.558,0.000,-35.645,-10.742,-12.207,0.000
1728632058.562,0.000,-32.227,1.465,-23.438,0.000
1728632058.566,-15.137,-32.227,-3.418,-43.457,0.000
1728632058.570,-12.695,-27.344,-5.859,-37.109,0.000
1728632058.574,-11.230,-23.926,1.465,-17.090,0.000
1728632058.578,-11.719,-25.391,-2.441,-14.648,0.000
1728632058.581,-29.785,-27.832,-12.207,-29.297,0.000
1728632058.585,-36.133,-23.438,-16.113,-36.133,0.000
1728632058.589,-25.879,-18.555,-18.066,-18.555,0.000
1728632058.593,-16.113,-24.902,-9.766,-19.043,0.000
1728632058.597,-18.066,-34.180,-3.906,-34.668,0.000
1728632058.601,-23.926,-36.621,-10.254,-31.738,0.000
1728632058.605,-40.527,-36.621,-18.066,-38.086,0.000
1728632058.609,-39.551,-35.645,-15.625,-38.086,0.000
1728632058.612,-20.020,-30.762,-13.184,-24.414,0.000
1728632058.616,-16.113,-38.086,-11.230,-21.973,0.000
1728632058.620,-22.461,-55.176,-15.625,-25.391,0.000
1728632058.624,-36.133,-53.223,-23.926,-31.250,0.000
1728632058.628,-37.598,-39.551,-14.648,-40.527,0.000
1728632058.632,-27.832,-35.156,-10.742,-31.738,0.000
1728632058.636,-21.973,-33.691,-13.672,-19.043,0.000
1728632058.640,-32.227,-24.414,-12.207,-27.832,0.000
1728632058.643,-55.664,-26.367,-11.230,-39.062,0.000
1728632058.647,-57.617,-33.691,-14.160,-41.016,0.000
1728632058.651,-42.480,-30.273,-18.555,-34.668,0.000
1728632058.655,-45.410,-27.832,-18.066,-20.996,0.000
1728632058.658,-70.801,-36.133,-21.973,-16.113,0.000
1728632058.662,-81.055,-49.316,-26.855,-26.855,0.000
1728632058.666,-71.777,-44.434,-28.320,-41.504,0.000
1728632058.670,-46.875,-28.809,-30.762,-36.133,0.000
1728632058.674,-27.344,-21.484,-23.926,-24.414,0.000
1728632058.678,-23.438,-22.461,-22.461,-23.926,0.000
1728632058.682,-37.598,-21.973,-25.391,-14.160,0.000
1728632058.686,-36.133,-21.973,-20.508,-13.672,0.000
1728632058.690,-5.859,-22.949,-18.066,-19.531,0.000
1728632058.694,12.695,-29.785,-24.902,-20.996,0.000
1728632058.697,4.883,-33.691,-28.320,-19.531,0.000
1728632058.701,-25.391,-37.598,-32.715,-29.785,0.000
1728632058.706,-36.621,-41.992,-42.969,-54.199,0.000
1728632058.710,-8.789,-34.668,-43.457,-48.828,0.000
1728632058.714,-3.906,-35.645,-38.086,-35.645,0.000
1728632058.718,-28.809,-42.480,-33.691,-32.715,0.000
1728632058.721,-45.898,-42.480,-29.785,-31.738,0.000
1728632058.725,-55.176,-49.316,-40.039,-41.016,0.000
1728632058.729,-50.293,-57.617,-34.668,-41.992,0.000
1728632058.733,-37.598,-37.598,-20.996,-32.227,0.000
1728632058.737,-43.945,-20.996,-29.297,-33.203,0.000
1728632058.741,-67.871,-30.273,-39.551,-41.504,0.000
1728632058.745,-81.055,-31.738,-38.086,-55.176,0.000
1728632058.749,-64.453,-36.621,-34.180,-52.246,0.000
1728632058.753,0.000,-42.969,-30.273,-34.668,0.000
1728632058.757,0.000,-42.969,-26.855,-31.738,0.000
1728632058.761,0.000,-46.387,-34.668,-48.340,0.000
1728632058.765,0.000,-38.086,-35.645,-58.594,0.000
1728632058.769,0.000,-24.902,-27.344,-57.129,0.000
1728632058.773,0.000,-17.578,-24.902,-50.293,0.000
1728632058.777,0.000,-23.438,-28.809,-43.457,0.000
1728632058.781,0.000,-29.785,-21.484,-39.062,0.000
1728632058.784,0.000,-25.879,-14.648,-36.621,0.000
1728632058.788,0.000,-29.297,-15.137,-31.738,0.000
1728632058.792,0.000,-37.109,-4.883,-33.691,0.000
1728632058.796,0.000,-36.621,-12.207,-42.480,0.000
1728632058.797,-39.551,-30.273,-27.832,-42.480,0.000
1728632058.800,-45.410,-37.598,-25.879,-41.016,0.000
1728632058.804,-66.895,-36.133,-20.020,-38.574,0.000
1728632058.808,-69.824,-32.227,-17.090,-29.785,0.000
1728632058.812,-65.918,-36.621,-18.066,-30.273,0.000
1728632058.816,-47.363,-38.086,-25.879,-44.434,0.000
1728632058.820,-35.645,-46.875,-22.461,-61.523,0.000
1728632058.824,-44.922,-51.758,-16.602,-54.688,0.000
1728632058.828,-52.734,-45.410,-18.555,-27.344,0.000
1728632058.832,-42.480,-32.715,-18.555,-19.043,0.000
1728632058.836,-23.926,-34.668,-25.879,-45.898,0.000
1728632058.839,-22.461,-37.109,-29.297,-58.594,0.000
1728632058.844,-62.988,-29.297,-18.555,-46.387,0.000
1728632058.848,-42.969,-24.902,-20.508,-33.203,0.000
1728632058.851,-22.949,-17.578,-24.414,-23.926,0.000
1728632058.855,-29.297,-17.090,-19.531,-24.414,0.000
1728632058.859,-51.270,-24.902,-19.043,-42.969,0.000
1728632058.863,-51.270,-28.320,-19.043,-60.059,0.000
1728632058.867,-37.598,-31.738,-25.391,-52.734,0.000
1728632058.871,-37.598,-31.250,-38.574,-44.434,0.000
1728632058.875,-58.594,-33.691,-48.828,-61.523,0.000
1728632058.879,-74.707,-31.738,-51.270,-69.336,0.000
1728632058.883,-58.594,-31.250,-55.176,-52.246,0.000
1728632058.887,-32.227,-44.434,-47.363,-41.992,0.000
1728632058.891,-20.020,-36.621,-33.691,-36.621,0.000
1728632058.895,-29.785,-31.738,-36.133,-33.691,0.000
1728632058.899,-49.316,-41.016,-36.621,-40.039,0.000
1728632058.902,-49.805,-32.227,-37.109,-39.551,0.000
1728632058.906,-32.715,-28.809,-45.898,-36.133,0.000
1728632058.910,-9.766,-37.109,-45.410,-26.855,0.000
1728632058.914,-18.555,-35.156,-40.527,-23.926,0.000
1728632058.918,-41.016,-31.738,-42.480,-26.367,0.000
1728632058.922,-34.668,-25.391,-33.691,-20.508,0.000
1728632058.926,-16.602,-24.414,-19.531,-22.461,0.000
1728632058.930,-7.324,-39.062,-15.137,-19.531,0.000
1728632058.934,-11.719,-43.945,-20.996,-15.625,0.000
1728632058.938,-30.273,-32.227,-25.879,-20.508,0.000
1728632058.941,-48.340,-26.855,-30.762,-26.367,0.000
1728632058.945,-38.086,-25.391,-39.062,-35.645,0.000
1728632058.949,-10.254,-18.066,-35.645,-35.156,0.000
1728632058.953,-16.113,-12.695,-29.785,-26.367,0.000
1728632058.957,-40.527,-19.043,-33.203,-26.855,0.000
1728632058.961,-45.898,-24.902,-46.387,-32.227,0.000
1728632058.965,-40.527,-31.738,-54.199,-33.691,0.000
1728632058.969,-32.715,-35.156,-37.109,-29.297,0.000
1728632058.973,-33.691,-25.391,-24.902,-22.461,0.000
1728632058.977,-41.016,-22.949,-29.785,-29.297,0.000
1728632058.980,-46.875,-28.809,-26.367,-48.828,0.000
1728632058.984,-46.387,-30.273,-26.855,-71.289,0.000
1728632058.988,-43.457,-35.156,-33.691,-64.453,0.000
1728632058.992,-47.852,-41.504,-38.574,-57.129,0.000
1728632058.996,-56.641,-42.480,-36.621,-66.895,0.000
1728632059.000,-74.707,-46.875,-35.156,-69.824,0.000
1728632059.004,-69.824,-52.734,-43.457,-66.406,0.000
1728632059.008,-37.598,-41.992,-40.039,-54.688,0.000
1728632059.012,-27.344,-35.645,-37.598,-48.340,0.000
1728632059.015,-38.086,-35.645,-38.086,-48.340,0.000
1728632059.019,-61.035,-42.969,-46.875,-60.059,0.000
1728632059.023,-69.824,-44.922,-45.898,-66.406,0.000
1728632059.027,-46.875,-46.387,-35.156,-49.805,0.000
1728632059.031,-37.109,-57.617,-31.738,-44.922,0.000
1728632059.035,-45.410,-66.406,-30.273,-49.316,0.000
1728632059.038,-53.223,-61.035,-32.227,-48.828,0.000
1728632059.042,-54.199,-38.574,-30.273,-48.340,0.000
1728632059.046,-36.621,-36.621,-29.785,-45.898,0.000
1728632059.050,-19.043,-48.340,-32.715,-31.738,0.000
1728632059.054,-24.902,-46.875,-37.109,-27.344,0.000
1728632059.058,-45.898,-40.039,-36.621,-39.551,0.000
1728632059.062,-45.410,-29.785,-30.273,-41.992,0.000
1728632059.066,-14.160,-32.715,-18.066,-11.719,0.000
1728632059.070,12.207,-39.551,-10.742,3.418,0.000
1728632059.074,1.465,-35.156,-14.648,-16.602,0.000
1728632059.078,-14.648,-27.832,-16.113,-8.789,0.000
1728632059.082,-16.113,-29.297,-10.742,3.906,0.000
1728632059.086,1.953,-31.250,-11.719,6.348,0.000
1728632059.090,15.137,-24.414,-18.066,1.953,0.000
1728632059.094,-2.441,-15.137,-21.484,-13.184,0.000
1728632059.098,-22.461,-11.230,-27.832,-22.461,0.000
1728632059.102,-20.020,-20.996,-33.203,-31.738,0.000
1728632059.106,-10.254,-26.367,-34.180,-33.691,0.000
1728632059.110,-7.812,-21.973,-32.715,-22.461,0.000
1728632059.113,-8.789,-22.461,-31.250,-18.066,0.000
1728632059.117,-18.555,-32.227,-31.738,-36.621,0.000
1728632059.121,-35.156,-26.855,-30.273,-47.852,0.000
1728632059.126,-26.367,-15.625,-30.273,-35.156,0.000
1728632059.130,-4.883,-25.391,-26.367,-30.762,0.000
1728632059.134,-18.066,-37.598,-30.762,-38.086,0.000
1728632059.138,-40.039,-41.504,-47.363,-40.527,0.000
1728632059.141,-52.246,-39.551,-49.316,-50.293,0.000
1728632059.145,-42.480,-37.109,-44.434,-49.805,0.000
1728632059.149,-27.344,-36.621,-42.969,-39.062,0.000
1728632059.153,-28.320,-34.180,-34.668,-31.250,0.000
1728632059.157,-44.922,-38.086,-34.180,-33.203,0.000
1728632059.161,-66.406,-45.898,-47.363,-55.664,0.000
1728632059.165,-74.219,-47.852,-53.223,-72.754,0.000
1728632059.169,-53.223,-56.152,-52.734,-64.941,0.000
1728632059.173,-41.504,-64.453,-50.781,-51.270,0.000
1728632059.177,-55.176,-62.988,-51.758,-45.410,0.000
1728632059.181,-63.965,-49.805,-55.664,-44.434,0.000
1728632059.185,-54.688,-43.945,-51.270,-35.156,0.000
1728632059.189,-32.227,-46.387,-43.457,-38.574,0.000
1728632059.193,-23.438,-50.293,-44.434,-38.574,0.000
1728632059.196,-49.805,-47.852,-42.969,-35.156,0.000
1728632059.200,-60.059,-40.039,-30.273,-39.062,0.000
1728632059.204,-40.527,-31.738,-29.297,-33.203,0.000
1728632059.208,-20.996,-17.090,-29.297,-20.508,0.000
1728632059.212,-13.184,-15.625,-28.320,-20.020,0.000
1728632059.216,-25.879,-29.297,-37.598,-40.527,0.000
1728632059.220,-46.387,-42.480,-45.410,-52.246,0.000
1728632059.224,-51.270,-37.598,-40.039,-45.898,0.000
1728632059.228,-34.180,-20.996,-31.250,-36.621,0.000
1728632059.232,-25.391,-11.230,-36.621,-23.926,0.000
1728632059.236,-42.480,-21.973,-52.246,-29.297,0.000
1728632059.240,-66.406,-32.227,-57.617,-51.758,0.000
1728632059.243,-70.801,-37.598,-54.199,-66.406,0.000
1728632059.247,-41.992,-32.715,-46.875,-42.480,0.000
1728632059.251,-20.996,-36.133,-45.898,-28.809,0.000
1728632059.255,-34.668,-39.551,-49.805,-48.828,0.000
1728632059.259,-53.223,-33.691,-55.176,-56.152,0.000
1728632059.263,-65.430,-29.785,-49.805,-54.199,0.000
1728632059.267,-56.152,-29.785,-45.898,-47.363,0.000
1728632059.271,-38.574,-43.945,-45.898,-38.574,0.000
1728632059.275,-48.340,-53.711,-46.387,-37.109,0.000
1728632059.279,-74.219,-51.758,-46.875,-48.340,0.000
1728632059.282,-82.520,-43.945,-45.410,-60.059,0.000
1728632059.286,-60.547,-43.457,-34.668,-48.828,0.000
1728632059.290,-24.414,-45.898,-32.715,-44.434,0.000
1728632059.294,-25.879,-46.875,-44.922,-53.711,0.000
1728632059.298,-55.664,-47.363,-41.016,-51.758,0.000
1728632059.302,-73.730,-49.805,-37.109,-59.570,0.000
1728632059.306,-67.383,-48.340,-34.180,-60.547,0.000
1728632059.310,-44.434,-41.992,-25.879,-50.781,0.000
1728632059.314,-45.898,-46.875,-29.297,-55.664,0.000
1728632059.317,-60.547,-55.176,-36.621,-61.035,0.000
1728632059.321,-73.242,-55.664,-41.504,-60.059,0.000
1728632059.325,-58.594,-39.551,-36.133,-58.594,0.000
1728632059.329,-25.391,-34.180,-31.738,-44.434,0.000
1728632059.333,-4.395,-41.992,-28.320,-27.832,0.000
1728632059.337,-23.438,-30.273,-21.484,-27.832,0.000
1728632059.341,-58.105,-31.250,-30.273,-37.598,0.000
1728632059.345,-57.617,-37.109,-34.668,-45.410,0.000
1728632059.349,-33.691,-30.762,-23.438,-36.133,0.000
1728632059.353,-10.742,-27.832,-19.531,-27.344,0.000
1728632059.357,-11.719,-23.438,-18.066,-18.066,0.000
1728632059.360,-30.273,-17.578,-16.602,-15.137,0.000
1728632059.364,-27.344,-15.625,-16.113,-27.344,0.000
1728632059.368,-0.488,-14.160,-13.672,-17.578,0.000
1728632059.372,3.418,-13.184,-20.996,-13.184,0.000
1728632059.376,-10.742,-12.207,-27.832,-8.789,0.000
1728632059.380,-18.066,-14.648,-32.227,-16.113,0.000
1728632059.384,-27.344,-20.020,-38.086,-33.691,0.000
1728632059.387,-26.855,-15.137,-31.738,-24.414,0.000
1728632059.391,-8.789,-5.371,-20.996,-17.090,0.000
1728632059.395,-17.090,-11.230,-16.113,-20.996,0.000
1728632059.399,-40.039,-35.645,-26.855,-31.250,0.000
1728632059.403,-35.645,-39.551,-28.809,-29.785,0.000
1728632059.406,-13.672,-29.297,-20.996,-16.602,0.000
1728632059.410,-1.465,-24.414,-27.832,-14.648,0.000
1728632059.414,-27.832,-28.320,-38.086,-24.414,0.000
1728632059.418,-56.641,-30.273,-37.109,-37.109,0.000
1728632059.422,-50.781,-41.504,-32.227,-38.086,0.000
1728632059.426,-32.715,-44.922,-19.043,-22.461,0.000
1728632059.430,-21.973,-35.156,-13.672,-17.578,0.000
1728632059.434,-31.738,-35.156,-23.926,-20.996,0.000
1728632059.438,-69.336,-46.387,-32.715,-34.180,0.000
1728632059.442,-62.012,-49.316,-33.691,-32.227,0.000
1728632059.446,-26.855,-36.621,-40.527,-22.461,0.000
1728632059.449,-18.555,-36.133,-39.062,-25.879,0.000
1728632059.454,-33.203,-40.039,-33.691,-34.668,0.000
1728632059.458,-58.105,-39.062,-39.551,-50.293,0.000
1728632059.462,-69.336,-47.363,-49.316,-62.988,0.000
1728632059.466,-49.805,-47.852,-44.922,-51.758,0.000
1728632059.470,-19.531,-37.109,-37.109,-44.434,0.000
1728632059.474,-21.973,-31.250,-45.410,-39.551,0.000
1728632059.478,-40.527,-34.180,-46.875,-36.621,0.000
1728632059.481,-53.711,-34.668,-40.039,-37.109,0.000
1728632059.485,-40.527,-34.668,-28.809,-39.062,0.000
1728632059.489,-23.438,-39.062,-26.855,-37.598,0.000
1728632059.493,-30.762,-41.016,-29.785,-34.668,0.000
1728632059.497,-41.992,-44.922,-28.809,-38.086,0.000
1728632059.502,-48.340,-45.410,-31.250,-48.340,0.000
1728632059.505,-27.832,-39.551,-27.832,-40.527,0.000
1728632059.509,-18.555,-33.203,-26.367,-21.484,0.000
1728632059.513,-21.973,-23.926,-29.785,-23.926,0.000
1728632059.517,-28.320,-20.020,-31.250,-38.574,0.000
1728632059.521,-48.828,-29.785,-31.250,-47.363,0.000
1728632059.525,-49.805,-32.715,-24.902,-40.527,0.000
1728632059.529,-21.973,-19.531,-13.184,-30.273,0.000
1728632059.533,-13.672,-21.973,-20.996,-26.855,0.000
1728632059.537,-31.738,-39.062,-36.621,-24.414,0.000
1728632059.541,-53.711,-42.480,-38.574,-43.457,0.000
1728632059.544,-48.828,-31.250,-31.250,-60.059,0.000
1728632059.549,-28.809,-28.809,-19.043,-47.852,0.000
1728632059.553,-27.832,-40.039,-19.043,-34.668,0.000
1728632059.557,-38.574,-47.852,-30.762,-34.668,0.000
1728632059.560,-49.805,-48.340,-32.227,-48.340,0.000
1728632059.564,-51.270,-43.457,-20.020,-49.316,0.000
1728632059.568,-30.762,-38.086,-14.648,-32.227,0.000
1728632059.572,-18.555,-37.109,-25.879,-34.180,0.000
1728632059.576,-41.016,-41.504,-40.527,-44.922,0.000
1728632059.580,-73.242,-54.199,-45.410,-47.363,0.000
1728632059.584,-66.406,-51.270,-32.227,-43.945,0.000
1728632059.588,-34.668,-37.109,-13.672,-41.992,0.000
1728632059.592,-29.297,-34.180,-17.090,-48.828,0.000
1728632059.596,-46.387,-42.480,-25.391,-51.270,0.000
1728632059.600,-56.641,-44.434,-20.996,-53.711,0.000
1728632059.603,-52.734,-48.340,-17.578,-49.316,0.000
1728632059.607,-29.785,-62.012,-28.320,-47.852,0.000
1728632059.611,-20.020,-58.105,-37.109,-51.270,0.000
1728632059.615,-42.480,-42.969,-38.574,-50.781,0.000
1728632059.619,-55.176,-34.668,-41.992,-54.199,0.000
1728632059.623,-57.617,-34.180,-42.480,-56.152,0.000
1728632059.627,-49.316,-33.691,-38.086,-49.805,0.000
1728632059.631,-30.762,-28.320,-34.180,-41.016,0.000
1728632059.635,-27.344,-30.273,-39.062,-31.738,0.000
1728632059.639,-33.691,-33.203,-45.898,-34.668,0.000
1728632059.642,-41.504,-33.203,-38.086,-49.316,0.000
1728632059.646,-37.109,-31.250,-29.297,-44.434,0.000
1728632059.650,-35.156,-25.391,-27.832,-33.203,0.000
1728632059.654,-28.809,-27.344,-26.855,-25.879,0.000
1728632059.658,-34.668,-37.109,-35.156,-32.227,0.000
1728632059.662,-51.758,-40.039,-39.062,-43.945,0.000
1728632059.666,-35.645,-26.367,-20.508,-29.785,0.000
1728632059.670,2.930,-15.625,-14.648,-17.578,0.000
1728632059.674,4.395,-20.996,-25.391,-18.555,0.000
1728632059.678,-26.367,-18.555,-26.367,-23.438,0.000
1728632059.682,-41.504,-19.043,-17.090,-25.391,0.000
1728632059.685,-34.668,-33.203,-10.254,-22.461,0.000
1728632059.689,-16.602,-34.668,-15.625,-21.484,0.000
1728632059.693,-10.742,-24.414,-21.484,-19.531,0.000
1728632059.697,-33.203,-24.902,-30.762,-28.320,0.000
1728632059.701,-52.246,-26.855,-29.785,-46.387,0.000
1728632059.705,-42.969,-31.250,-21.484,-47.852,0.000
1728632059.709,-25.879,-31.738,-27.344,-38.574,0.000
1728632059.713,-28.809,-36.133,-29.785,-36.621,0.000
1728632059.717,-51.270,-41.504,-31.250,-36.133,0.000
1728632059.720,-67.383,-35.645,-29.785,-45.898,0.000
1728632059.724,-54.199,-27.832,-24.902,-49.316,0.000
1728632059.728,-38.086,-27.832,-25.879,-41.992,0.000
1728632059.732,-30.762,-33.203,-29.297,-39.062,0.000
1728632059.736,-31.738,-41.016,-34.668,-35.156,0.000
1728632059.740,-50.781,-41.504,-40.527,-46.875,0.000
1728632059.744,-41.504,-45.410,-47.852,-48.340,0.000
1728632059.747,-27.832,-47.363,-42.969,-37.109,0.000
1728632059.751,-28.320,-32.715,-35.645,-38.574,0.000
1728632059.755,-33.691,-22.949,-36.133,-44.434,0.000
1728632059.759,-62.012,-30.273,-38.086,-41.016,0.000
1728632059.763,-62.500,-43.457,-46.875,-39.551,0.000
1728632059.767,-40.039,-47.363,-52.246,-41.992,0.000
1728632059.771,-23.438,-47.363,-48.828,-39.551,0.000
1728632059.775,-35.645,-56.641,-56.641,-37.598,0.000
1728632059.779,-59.082,-51.758,-60.547,-50.293,0.000
1728632059.782,-63.477,-35.156,-54.199,-58.594,0.000
1728632059.786,-46.387,-34.180,-40.527,-43.945,0.000
1728632059.790,-21.973,-41.992,-35.156,-34.180,0.000
1728632059.794,-23.926,-39.062,-41.992,-35.645,0.000
1728632059.798,-42.969,-23.926,-49.805,-40.039,0.000
1728632059.802,-48.340,-19.531,-50.293,-51.758,0.000
1728632059.805,-34.668,-25.391,-44.434,-46.875,0.000
1728632059.809,-10.254,-35.645,-44.922,-38.574,0.000
1728632059.813,-5.371,-39.062,-44.922,-20.508,0.000
1728632059.817,-31.738,-32.227,-47.852,-13.672,0.000
1728632059.821,-49.316,-27.832,-45.410,-25.879,0.000
1728632059.825,-18.066,-15.625,-30.762,-25.391,0.000
1728632059.830,0.000,-19.043,-26.367,-14.648,0.000
1728632059.834,0.000,-40.039,-37.598,-13.184,0.000
1728632059.837,0.000,-51.270,-42.969,-20.020,0.000
1728632059.841,0.000,-46.387,-40.039,-36.621,0.000
1728632059.845,0.000,-40.039,-37.598,-34.180,0.000
1728632059.849,0.000,-47.363,-45.898,-32.227,0.000
1728632059.853,0.000,-38.086,-39.062,-22.949,0.000
1728632059.857,0.000,-28.320,-30.273,-20.020,0.000
1728632059.861,0.000,-33.691,-40.527,-43.945,0.000
1728632059.865,0.000,-39.551,-37.598,-41.016,0.000
1728632059.869,0.000,-48.340,-22.949,-38.086,0.000
1728632059.873,0.000,-51.758,-22.461,-36.133,0.000
1728632059.877,-53.711,-49.805,-35.156,-39.551,0.000
1728632059.881,-65.918,-41.992,-37.109,-49.805,0.000
1728632059.885,-53.223,-35.156,-34.180,-49.805,0.000
1728632059.889,-23.438,-38.574,-31.250,-39.551,0.000
1728632059.893,-23.926,-43.945,-31.738,-33.691,0.000
1728632059.897,-51.270,-52.246,-31.738,-36.133,0.000
1728632059.900,-65.918,-48.828,-33.203,-45.410,0.000
1728632059.904,-61.523,-39.551,-32.227,-51.270,0.000
1728632059.908,-36.621,-35.156,-30.273,-41.016,0.000
1728632059.912,-31.738,-33.691,-37.109,-32.227,0.000
1728632059.916,-46.387,-43.457,-39.062,-29.297,0.000
1728632059.920,-57.129,-46.387,-43.457,-41.016,0.000
1728632059.924,-53.711,-42.969,-46.387,-52.246,0.000
1728632059.928,-22.949,-46.387,-39.551,-40.527,0.000
1728632059.932,-6.836,-35.645,-33.203,-36.133,0.000
1728632059.936,-41.992,-46.875,-35.645,-39.551,0.000
1728632059.940,-72.266,-56.152,-39.551,-43.457,0.000
1728632059.944,-49.805,-37.598,-41.016,-51.270,0.000
1728632059.947,-14.648,-28.320,-35.645,-40.039,0.000
1728632059.951,-21.484,-26.855,-25.391,-29.297,0.000
1728632059.955,-44.434,-38.086,-28.320,-41.016,0.000
1728632059.959,-64.453,-44.922,-35.645,-59.082,0.000
1728632059.963,-60.547,-32.227,-36.621,-73.730,0.000
1728632059.967,-27.832,-19.531,-24.902,-56.152,0.000
1728632059.971,-7.324,-18.555,-20.508,-32.715,0.000
1728632059.975,-15.625,-18.066,-37.598,-25.879,0.000
1728632059.979,-50.781,-36.133,-64.941,-56.152,0.000
1728632059.983,-43.457,-43.945,-66.406,-70.312,0.000
1728632059.987,-26.367,-36.133,-45.410,-53.711,0.000
1728632059.991,-29.785,-31.738,-41.992,-32.715,0.000
1728632059.994,-23.926,-23.926,-61.523,-12.207,0.000
1728632059.998,-35.156,-20.020,-75.195,-20.020,0.000
1728632060.002,-63.965,-29.785,-51.270,-52.246,0.000
1728632060.006,-73.242,-39.062,-67.383,-77.637,0.000
1728632060.010,-20.996,-19.531,-112.793,-30.762,0.000
1728632060.014,10.742,-17.578,-124.023,8.789,0.000
1728632060.018,-33.203,-42.480,-140.625,-16.602,0.000
1728632060.022,-52.246,-43.457,-160.645,-37.598,0.000
1728632060.026,-13.672,-24.902,-166.992,-18.066,0.000
1728632060.030,-17.578,-31.250,-196.289,-11.719,0.000
1728632060.033,-50.293,-49.805,-250.488,-29.785,0.000
1728632060.037,-58.594,-58.105,-272.461,-52.734,0.000
1728632060.041,-62.988,-59.082,-293.457,-67.383,0.000
1728632060.045,-37.109,-43.945,-372.070,-35.156,0.000
1728632060.049,-13.672,-38.574,-467.285,-10.742,0.000
1728632060.053,-8.789,-32.715,-520.020,-11.230,0.000
1728632060.057,-37.598,-39.551,-562.988,-36.133,0.000
1728632060.061,-51.270,-40.527,-633.789,-39.062,0.000
1728632060.064,-40.527,-45.410,-782.227,-36.621,0.000
1728632060.068,-12.695,-46.387,-929.688,-11.230,0.000
1728632060.072,-23.438,-51.270,-993.652,-13.184,0.000
1728632060.076,-40.039,-58.105,-1000.000,-27.344,0.000
1728632060.080,-41.504,-58.105,-999.023,-23.926,0.000
1728632060.084,-40.039,-63.965,-1000.000,-36.133,0.000
1728632060.088,-17.090,-56.152,-1000.000,-17.578,0.000
1728632060.092,-3.418,-46.387,-1000.000,-2.441,0.000
1728632060.096,-20.508,-42.969,-1000.000,-7.812,0.000
1728632060.100,-31.738,-41.016,-1000.000,-18.555,0.000
1728632060.104,-4.395,-35.645,-1000.000,-6.836,0.000
1728632060.107,15.625,-25.391,-1000.000,6.836,0.000
1728632060.111,1.953,-33.203,-1000.000,9.766,0.000
1728632060.115,-10.254,-45.898,-1000.000,13.184,0.000
1728632060.119,-20.020,-42.969,-999.023,-3.906,0.000
1728632060.123,-26.367,-33.691,-1000.000,-16.602,0.000
1728632060.127,-4.883,-21.484,-995.117,-1.953,0.000
1728632060.130,15.625,-19.531,-943.848,8.301,0.000
1728632060.134,-1.953,-20.020,-896.484,4.395,0.000
1728632060.138,-31.738,-23.438,-845.215,-7.324,0.000
1728632060.142,-17.090,-24.902,-741.211,-21.973,0.000
1728632060.146,4.883,-32.227,-659.668,-12.207,0.000
1728632060.150,-2.441,-41.992,-619.141,-6.348,0.000
1728632060.154,-16.602,-38.574,-578.125,-13.672,0.000
1728632060.157,-44.922,-44.922,-535.156,-20.020,0.000
1728632060.161,-50.781,-52.734,-472.656,-23.926,0.000
1728632060.165,-37.598,-47.363,-420.410,-24.902,0.000
1728632060.169,-35.156,-38.086,-327.637,-22.461,0.000
1728632060.173,-47.363,-40.527,-225.586,-23.926,0.000
1728632060.177,-64.453,-58.105,-69.336,-34.180,0.000
1728632060.181,-68.848,-58.594,237.793,-40.527,0.000
1728632060.185,-41.504,-46.875,486.816,-38.574,0.000
1728632060.189,-17.090,-52.734,643.555,-28.320,0.000
1728632060.192,-30.273,-61.523,713.379,-18.066,0.000
1728632060.196,-48.828,-55.176,741.699,-32.227,0.000
1728632060.200,-54.688,-40.527,845.703,-48.828,0.000
1728632060.205,0.000,-36.621,867.188,-30.273,0.000
1728632060.209,0.000,-42.969,911.133,-24.902,0.000
1728632060.213,0.000,-49.316,943.359,-27.344,0.000
1728632060.217,0.000,-57.129,906.738,-24.414,0.000
1728632060.220,0.000,-60.547,934.570,-37.109,0.000
1728632060.224,0.000,-52.246,921.875,-34.668,0.000
1728632060.228,0.000,-41.016,857.910,-32.227,0.000
1728632060.232,0.000,-41.992,797.852,-27.832,0.000
1728632060.236,0.000,-50.293,750.000,-21.484,0.000
1728632060.240,0.000,-49.805,709.473,-32.227,0.000
1728632060.244,0.000,-40.039,672.363,-33.691,0.000
1728632060.248,0.000,-22.461,629.883,-29.785,0.000
1728632060.252,-34.668,-15.625,598.145,-30.273,0.000
1728632060.256,-43.945,-25.391,578.613,-23.438,0.000
1728632060.260,-56.152,-21.973,549.805,-29.785,0.000
1728632060.264,-46.387,-14.648,520.996,-41.504,0.000
1728632060.268,-15.625,-15.625,492.676,-38.086,0.000
1728632060.272,-0.488,-19.531,463.379,-27.344,0.000
1728632060.276,-15.137,-21.484,433.594,-18.066,0.000
1728632060.280,-30.273,-12.207,409.180,-15.137,0.000
1728632060.283,-29.297,-5.371,380.859,-24.414,0.000
1728632060.287,-18.066,-15.625,346.191,-27.344,0.000
1728632060.291,-12.695,-27.344,328.613,-31.250,0.000
1728632060.295,-20.508,-26.367,316.895,-30.273,0.000
1728632060.299,-45.898,-27.344,292.969,-30.273,0.000
1728632060.303,-52.246,-27.832,272.461,-47.852,0.000
1728632060.307,-29.785,-25.879,253.418,-47.852,0.000
1728632060.311,-28.320,-32.227,245.117,-41.504,0.000
1728632060.315,-36.133,-41.992,238.770,-36.133,0.000
1728632060.319,-40.039,-40.527,222.656,-36.133,0.000
1728632060.323,-45.898,-42.480,208.984,-57.129,0.000
1728632060.327,-32.227,-50.293,182.129,-57.617,0.000
1728632060.331,-31.738,-54.199,147.949,-43.945,0.000
1728632060.335,-56.152,-48.340,141.113,-55.176,0.000
1728632060.338,-74.219,-44.922,155.762,-65.918,0.000
1728632060.342,-67.871,-39.062,164.062,-50.781,0.000
1728632060.346,-39.062,-33.691,167.480,-33.203,0.000
1728632060.350,-35.645,-45.410,160.645,-37.109,0.000
1728632060.354,-56.641,-52.246,155.762,-34.180,0.000
1728632060.358,-65.918,-43.945,152.832,-30.762,0.000
1728632060.362,-63.477,-42.969,141.113,-45.410,0.000
1728632060.366,-44.434,-42.969,127.441,-47.363,0.000
1728632060.370,-34.180,-36.621,123.047,-40.039,0.000
1728632060.374,-42.480,-34.180,115.234,-38.086,0.000
1728632060.378,-55.664,-41.504,103.027,-35.156,0.000
1728632060.381,-61.035,-32.227,97.168,-50.781,0.000
1728632060.385,-46.387,-22.949,93.262,-55.664,0.000
1728632060.389,-29.297,-25.391,97.168,-40.039,0.000
1728632060.393,-22.461,-20.508,94.238,-35.156,0.000
1728632060.397,-28.809,-25.879,85.449,-40.527,0.000
1728632060.401,-41.504,-36.621,75.195,-44.434,0.000
1728632060.405,-44.434,-36.133,61.523,-43.945,0.000
1728632060.409,-36.621,-22.461,50.293,-46.387,0.000
1728632060.413,-38.086,-19.531,45.410,-43.457,0.000
1728632060.417,-52.734,-27.832,57.129,-43.945,0.000
1728632060.420,-53.223,-29.297,68.359,-48.828,0.000
1728632060.424,-35.645,-33.691,69.824,-45.898,0.000
1728632060.428,-24.414,-32.715,62.012,-29.785,0.000
1728632060.432,-21.484,-27.832,48.340,-24.902,0.000
1728632060.436,-27.832,-34.668,41.016,-32.715,0.000
1728632060.440,-37.598,-34.180,39.551,-39.551,0.000
1728632060.444,-28.809,-30.762,41.992,-45.410,0.000
1728632060.447,-8.789,-36.621,45.898,-32.227,0.000
1728632060.451,-11.230,-38.086,46.387,-27.344,0.000
1728632060.455,-41.016,-36.133,53.223,-35.645,0.000
1728632060.459,-56.152,-45.898,55.664,-42.480,0.000
1728632060.463,-42.480,-61.035,52.734,-39.062,0.000
1728632060.467,-25.879,-51.758,51.758,-30.273,0.000
1728632060.471,-16.113,-39.062,55.664,-29.297,0.000
1728632060.475,-14.648,-43.945,57.617,-37.598,0.000
1728632060.479,-47.363,-54.688,48.828,-47.363,0.000
1728632060.483,-59.082,-58.105,36.621,-51.270,0.000
1728632060.486,-35.156,-48.828,42.480,-55.664,0.000
1728632060.490,-24.414,-40.527,39.062,-48.340,0.000
1728632060.494,-37.109,-39.551,29.297,-43.945,0.000
1728632060.498,-55.664,-44.922,45.410,-52.734,0.000
1728632060.502,-48.340,-42.969,54.688,-43.945,0.000
1728632060.506,-30.762,-34.668,45.410,-36.133,0.000
1728632060.509,-22.461,-33.691,38.574,-30.273,0.000
1728632060.513,-44.434,-41.504,25.879,-33.691,0.000
1728632060.517,-61.035,-35.645,19.531,-46.387,0.000
1728632060.521,-46.387,-10.254,31.250,-49.316,0.000
1728632060.525,-21.484,-2.441,36.133,-34.180,0.000
1728632060.529,-18.066,-22.461,23.438,-34.668,0.000
1728632060.534,-33.203,-27.832,14.160,-44.922,0.000
1728632060.538,-41.992,-22.949,15.625,-35.645,0.000
1728632060.541,-45.410,-23.438,14.648,-35.156,0.000
1728632060.545,-27.344,-21.973,14.160,-37.109,0.000
1728632060.549,4.883,-20.020,16.602,-25.879,0.000
1728632060.553,-2.930,-17.578,10.254,-26.367,0.000
1728632060.557,-32.227,-19.531,1.465,-27.344,0.000
1728632060.561,-35.645,-21.484,7.812,-30.762,0.000
1728632060.565,-10.742,-14.160,12.207,-20.020,0.000
1728632060.569,8.301,-21.973,5.371,-0.488,0.000
1728632060.573,0.000,-32.715,6.836,-12.695,0.000
1728632060.577,-15.625,-28.809,10.742,-23.926,0.000
1728632060.581,0.000,-18.555,10.254,-20.508,0.000
1728632060.585,0.000,-14.648,7.324,-23.438,0.000
1728632060.589,0.000,-13.184,4.395,-22.949,0.000
1728632060.593,0.000,-15.625,0.488,-16.602,0.000
1728632060.597,0.000,-30.273,1.465,-22.461,0.000
1728632060.601,0.000,-42.969,12.207,-37.109,0.000
1728632060.605,0.000,-49.805,16.602,-38.086,0.000
1728632060.608,0.000,-48.340,7.812,-40.527,0.000
1728632060.612,0.000,-45.898,-3.418,-51.758,0.000
1728632060.616,0.000,-43.945,-4.395,-45.898,0.000
1728632060.620,0.000,-42.969,-4.395,-42.969,0.000
1728632060.624,0.000,-44.434,-8.789,-45.898,0.000
1728632060.628,-67.871,-60.059,-11.230,-47.852,0.000
1728632060.632,-68.848,-62.988,-15.137,-52.734,0.000
1728632060.636,-47.363,-50.781,-12.695,-54.199,0.000
1728632060.640,-23.926,-39.062,-13.672,-44.922,0.000
1728632060.644,-20.996,-28.809,-22.949,-37.109,0.000
1728632060.648,-48.828,-37.598,-35.156,-53.223,0.000
1728632060.652,-52.246,-34.668,-38.574,-55.176,0.000
1728632060.656,-35.156,-22.949,-31.250,-58.105,0.000
1728632060.659,-18.555,-21.973,-26.855,-60.059,0.000
1728632060.663,-13.672,-28.320,-27.344,-40.039,0.000
1728632060.667,-40.527,-39.551,-23.926,-33.691,0.000
1728632060.671,-48.340,-33.691,-17.090,-36.621,0.000
1728632060.675,-22.461,-19.531,-12.207,-32.227,0.000
1728632060.679,3.906,-11.719,-13.184,-14.648,0.000
1728632060.683,12.207,-23.438,-11.719,-0.977,0.000
1728632060.687,-4.883,-43.457,-14.648,-5.371,0.000
1728632060.691,-30.762,-40.039,-19.531,-18.555,0.000
1728632060.695,-33.691,-20.020,-20.996,-21.484,0.000
1728632060.699,-23.438,-17.578,-24.902,-20.996,0.000
1728632060.703,-21.484,-24.902,-25.391,-30.762,0.000
1728632060.707,-21.484,-20.508,-16.113,-21.484,0.000
1728632060.710,-24.414,-11.719,-4.395,-13.184,0.000
1728632060.714,-21.484,-12.695,-4.395,-17.578,0.000
1728632060.718,-3.906,-10.254,-7.324,-12.207,0.000
1728632060.723,2.441,-20.020,-1.953,-12.207,0.000
1728632060.727,-12.695,-32.227,-9.766,-12.207,0.000
1728632060.731,-23.926,-39.551,-21.973,-25.391,0.000
1728632060.735,-20.020,-38.574,-17.578,-30.273,0.000
1728632060.739,-3.906,-30.273,-18.066,-17.578,0.000
1728632060.743,0.977,-30.762,-20.508,-13.672,0.000
1728632060.747,-17.090,-19.531,-17.090,-18.066,0.000
1728632060.751,-31.738,-13.184,-15.137,-27.832,0.000
1728632060.755,-42.969,-21.973,-16.113,-34.668,0.000
1728632060.758,-30.273,-26.855,-14.160,-26.367,0.000
1728632060.762,-14.160,-25.879,-15.625,-26.367,0.000
1728632060.766,-22.461,-38.086,-14.160,-21.973,0.000
1728632060.772,-34.180,-45.898,-11.230,-29.297,0.000
1728632060.776,-42.969,-46.387,-12.695,-47.363,0.000
1728632060.780,-40.039,-47.363,-6.348,-37.598,0.000
1728632060.784,-30.762,-45.898,-5.859,-33.203,0.000
1728632060.788,-29.785,-45.898,-16.113,-39.062,0.000
1728632060.792,-56.152,-44.434,-20.996,-45.410,0.000
1728632060.796,-66.406,-35.645,-12.207,-49.805,0.000
1728632060.800,-37.598,-31.738,-4.883,-43.945,0.000
1728632060.804,-17.578,-42.969,-11.719,-34.180,0.000
1728632060.808,-32.715,-56.152,-27.832,-36.133,0.000
1728632060.811,-67.383,-53.711,-37.109,-46.387,0.000
1728632060.815,-78.125,-41.992,-36.133,-57.617,0.000
1728632060.820,-40.039,-32.715,-26.855,-57.129,0.000
1728632060.824,-16.113,-31.738,-20.020,-58.105,0.000
1728632060.828,-41.016,-35.645,-24.414,-58.594,0.000
1728632060.832,-65.918,-32.227,-29.785,-48.828,0.000
1728632060.836,-76.172,-32.227,-29.297,-53.711,0.000
1728632060.839,-61.523,-32.715,-29.297,-53.223,0.000
1728632060.843,-45.410,-34.180,-28.320,-58.594,0.000
1728632060.847,-50.293,-46.387,-23.438,-57.617,0.000
1728632060.851,-60.059,-50.293,-22.461,-41.992,0.000
1728632060.855,-57.129,-38.086,-21.973,-35.645,0.000
1728632060.859,-50.781,-32.227,-15.625,-39.062,0.000
1728632060.863,-46.875,-40.039,-16.113,-33.691,0.000
1728632060.867,-48.828,-45.898,-24.414,-28.320,0.000
1728632060.871,-62.012,-44.922,-26.367,-41.992,0.000
1728632060.875,-77.637,-44.434,-21.973,-49.316,0.000
1728632060.879,-60.059,-46.387,-10.254,-43.945,0.000
1728632060.883,-31.250,-37.598,-12.695,-46.387,0.000
1728632060.887,-32.227,-28.320,-25.879,-42.480,0.000
1728632060.891,-47.363,-38.086,-25.879,-37.598,0.000
1728632060.895,-63.477,-50.781,-32.715,-44.434,0.000
1728632060.899,-61.035,-43.945,-41.016,-53.223,0.000
1728632060.902,-27.344,-33.691,-33.691,-55.664,0.000
1728632060.906,-19.043,-29.785,-39.551,-50.781,0.000
1728632060.910,-41.504,-32.715,-51.270,-57.617,0.000
1728632060.914,-59.082,-40.039,-49.316,-70.801,0.000
1728632060.918,-51.270,-36.621,-41.016,-62.012,0.000
1728632060.922,-35.645,-32.715,-38.086,-35.156,0.000
1728632060.926,-34.180,-35.156,-43.457,-24.902,0.000
1728632060.930,-33.691,-34.180,-35.156,-28.809,0.000
1728632060.934,-51.270,-32.715,-27.344,-33.203,0.000
1728632060.938,-61.035,-41.016,-26.855,-43.945,0.000
1728632060.942,-32.715,-46.387,-21.484,-25.879,0.000
1728632060.946,-24.414,-54.199,-24.414,-13.672,0.000
1728632060.950,-44.922,-65.918,-31.250,-31.738,0.000
1728632060.953,-61.035,-62.500,-38.086,-47.363,0.000
1728632060.957,-64.941,-50.781,-36.621,-42.969,0.000
1728632060.961,-51.270,-38.086,-30.273,-29.297,0.000
1728632060.965,-36.133,-34.180,-25.879,-20.508,0.000
1728632060.969,-42.480,-44.434,-24.902,-18.066,0.000
1728632060.973,-65.430,-42.480,-32.715,-35.645,0.000
1728632060.977,-58.594,-34.668,-30.273,-44.434,0.000
1728632060.981,-23.926,-34.180,-27.344,-33.203,0.000
1728632060.985,-4.883,-37.109,-26.855,-37.109,0.000
1728632060.989,-18.555,-35.156,-29.297,-37.109,0.000
1728632060.992,-42.480,-23.926,-33.691,-36.621,0.000
1728632060.996,-41.992,-17.578,-29.785,-39.551,0.000
1728632061.000,-30.762,-28.320,-33.203,-34.180,0.000
1728632061.004,-31.250,-35.645,-47.363,-27.832,0.000
1728632061.008,-27.832,-23.926,-42.480,-22.949,0.000
1728632061.012,-32.715,-18.066,-28.320,-25.879,0.000
1728632061.016,-45.410,-24.414,-28.809,-41.992,0.000
1728632061.020,-41.504,-20.996,-22.461,-39.551,0.000
1728632061.024,-27.344,-14.648,-7.812,-26.855,0.000
1728632061.028,-26.855,-20.996,-16.113,-20.996,0.000
1728632061.031,-47.852,-36.133,-31.250,-30.273,0.000
1728632061.035,-67.383,-39.551,-29.785,-44.922,0.000
1728632061.039,-48.828,-29.297,-24.902,-35.645,0.000
1728632061.043,-17.578,-24.902,-26.367,-18.066,0.000
1728632061.047,-33.691,-22.461,-30.273,-27.344,0.000
1728632061.051,-63.965,-26.367,-27.832,-53.711,0.000
1728632061.055,-68.359,-34.668,-22.461,-61.523,0.000
1728632061.059,-55.664,-41.016,-19.043,-51.758,0.000
1728632061.062,-38.086,-37.109,-18.555,-52.246,0.000
1728632061.066,-37.598,-37.598,-26.367,-50.781,0.000
1728632061.070,-49.805,-48.340,-32.715,-51.758,0.000
1728632061.074,-58.594,-54.199,-37.109,-55.176,0.000
1728632061.078,-53.711,-48.828,-32.715,-52.734,0.000
1728632061.082,-38.574,-36.621,-28.320,-45.410,0.000
1728632061.086,-27.344,-33.203,-31.738,-39.062,0.000
1728632061.090,-39.062,-34.180,-30.762,-39.062,0.000
1728632061.094,-67.871,-35.645,-29.297,-43.457,0.000
1728632061.098,-59.570,-38.086,-20.020,-41.016,0.000
1728632061.101,-10.254,-39.062,-17.090,-26.367,0.000
1728632061.105,-9.277,-39.062,-30.273,-22.949,0.000
1728632061.109,-50.293,-41.504,-35.645,-28.320,0.000
1728632061.113,-68.848,-37.109,-39.062,-39.062,0.000
1728632061.117,-71.289,-32.715,-38.086,-47.852,0.000
1728632061.121,-47.363,-37.598,-26.855,-41.504,0.000
1728632061.124,-35.156,-31.250,-21.973,-24.414,0.000
1728632061.128,-47.363,-20.508,-31.738,-25.879,0.000
1728632061.132,-53.711,-23.926,-38.574,-41.504,0.000
1728632061.136,-55.176,-34.180,-33.691,-40.039,0.000
1728632061.140,-36.621,-24.414,-28.320,-33.203,0.000
1728632061.144,-22.949,-15.137,-32.715,-31.250,0.000
1728632061.149,0.000,-21.973,-33.203,-30.273,0.000
1728632061.153,0.000,-23.438,-32.227,-42.480,0.000
1728632061.156,0.000,-22.461,-33.691,-49.805,0.000
1728632061.160,0.000,-23.926,-22.461,-40.039,0.000
1728632061.164,0.000,-30.273,-17.578,-32.227,0.000
1728632061.168,0.000,-35.156,-25.879,-33.691,0.000
1728632061.172,0.000,-28.320,-29.297,-41.016,0.000
1728632061.176,0.000,-28.809,-18.066,-46.875,0.000
1728632061.180,0.000,-42.969,-14.160,-37.109,0.000
1728632061.184,0.000,-47.852,-22.461,-31.250,0.000
1728632061.188,0.000,-39.551,-24.902,-39.062,0.000
1728632061.192,0.000,-30.762,-26.855,-47.852,0.000
1728632061.193,-31.250,-32.227,-30.273,-57.617,0.000
1728632061.196,-47.852,-37.109,-29.785,-56.152,0.000
1728632061.200,-54.688,-35.156,-28.320,-36.133,0.000
1728632061.204,-25.391,-27.344,-25.879,-31.738,0.000
1728632061.208,-14.648,-32.715,-23.926,-56.152,0.000
1728632061.212,-37.109,-48.828,-21.484,-64.453,0.000
1728632061.216,-49.805,-53.223,-15.625,-46.387,0.000
1728632061.220,-47.363,-48.828,-12.695,-33.691,0.000
1728632061.224,-26.855,-59.082,-20.020,-30.273,0.000
1728632061.228,-20.996,-66.406,-16.113,-24.414,0.000
1728632061.232,-36.621,-54.199,-12.207,-43.457,0.000
1728632061.236,-53.711,-43.457,-14.648,-56.641,0.000
1728632061.240,-25.879,-42.480,-19.043,-46.875,0.000
1728632061.244,-18.555,-34.668,-21.484,-31.738,0.000
1728632061.248,-24.414,-27.344,-23.926,-31.250,0.000
1728632061.252,-24.414,-35.156,-26.367,-38.574,0.000
1728632061.256,-17.090,-34.180,-27.344,-29.297,0.000
1728632061.260,4.395,-31.250,-33.691,-15.625,0.000
1728632061.264,2.930,-32.715,-29.297,-5.859,0.000
1728632061.267,-27.344,-33.691,-28.809,-12.695,0.000
1728632061.271,-40.039,-41.992,-34.668,-20.508,0.000
1728632061.275,-31.738,-34.668,-35.156,-23.438,0.000
1728632061.279,-15.625,-27.344,-37.109,-18.555,0.000
1728632061.283,5.371,-23.438,-34.180,0.488,0.000
1728632061.287,5.371,-20.996,-32.227,11.230,0.000
1728632061.291,-10.254,-19.043,-30.273,-1.953,0.000
1728632061.295,-4.883,-14.160,-26.855,-7.324,0.000
1728632061.299,14.648,-12.207,-16.113,3.418,0.000
1728632061.303,5.371,-12.695,-15.625,-5.859,0.000
1728632061.307,-14.160,-24.414,-21.484,-18.066,0.000
1728632061.311,-19.043,-31.250,-18.066,-24.902,0.000
1728632061.315,-23.926,-25.391,-15.137,-26.367,0.000
1728632061.319,-5.859,-16.602,-10.254,-20.508,0.000
1728632061.322,9.277,-16.113,-5.859,-11.230,0.000
1728632061.326,-7.324,-23.438,-11.719,-8.301,0.000
1728632061.330,-19.043,-23.926,-14.648,-11.230,0.000
1728632061.334,-17.578,-25.391,-15.137,-14.648,0.000
1728632061.338,0.000,-26.855,-12.207,-8.789,0.000
1728632061.342,13.184,-25.879,-15.137,4.395,0.000
1728632061.346,-9.766,-24.414,-24.414,1.465,0.000
1728632061.350,-37.109,-29.785,-32.715,-21.484,0.000
1728632061.354,-44.434,-45.410,-34.668,-38.574,0.000
1728632061.358,-36.133,-58.594,-26.367,-23.926,0.000
1728632061.362,-27.832,-55.176,-21.484,-16.113,0.000
1728632061.366,-32.715,-39.062,-18.555,-25.879,0.000
1728632061.370,-48.340,-29.785,-23.926,-33.691,0.000
1728632061.373,-59.570,-36.133,-35.156,-48.340,0.000
1728632061.377,-54.688,-43.457,-36.133,-48.340,0.000
1728632061.381,-48.828,-42.969,-35.156,-35.156,0.000
1728632061.385,-57.129,-46.387,-41.016,-29.785,0.000
1728632061.389,-69.336,-55.664,-42.480,-37.598,0.000
1728632061.393,-66.895,-69.824,-38.574,-47.363,0.000
1728632061.397,-41.016,-75.195,-37.109,-33.203,0.000
1728632061.401,-34.668,-61.523,-36.133,-24.414,0.000
1728632061.405,-42.969,-43.945,-38.574,-33.203,0.000
1728632061.409,-50.293,-34.668,-40.527,-41.504,0.000
1728632061.413,-60.059,-36.621,-38.086,-51.270,0.000
1728632061.416,-44.922,-34.668,-44.922,-51.270,0.000
1728632061.420,-18.066,-23.438,-46.387,-39.551,0.000
1728632061.424,-24.414,-27.344,-46.875,-35.645,0.000
1728632061.428,-50.293,-37.598,-58.105,-48.828,0.000
1728632061.432,-60.059,-37.598,-50.293,-55.664,0.000
1728632061.436,-41.016,-41.504,-47.363,-58.105,0.000
1728632061.440,-21.973,-42.969,-56.152,-58.105,0.000
1728632061.444,-29.785,-39.062,-53.711,-43.945,0.000
1728632061.448,-37.598,-37.109,-50.293,-31.738,0.000
1728632061.451,-39.062,-42.480,-46.387,-36.133,0.000
1728632061.455,-41.504,-43.945,-36.621,-47.852,0.000
1728632061.459,-23.926,-32.227,-33.691,-40.527,0.000
1728632061.463,-13.184,-38.574,-35.645,-34.668,0.000
1728632061.467,-32.715,-58.594,-28.809,-39.551,0.000
1728632061.471,-62.988,-56.152,-33.691,-51.270,0.000
1728632061.476,-62.988,-36.133,-35.156,-59.082,0.000
1728632061.480,-36.133,-23.926,-30.273,-51.758,0.000
1728632061.484,-34.180,-25.879,-26.367,-35.156,0.000
1728632061.488,-50.781,-34.668,-24.414,-30.273,0.000
1728632061.491,-66.406,-40.527,-31.250,-41.016,0.000
1728632061.495,-66.895,-41.504,-36.133,-45.410,0.000
1728632061.499,-50.781,-44.922,-31.738,-44.922,0.000
1728632061.503,-17.578,-50.293,-29.297,-40.039,0.000
1728632061.507,-25.879,-56.641,-43.945,-43.457,0.000
1728632061.511,-71.289,-58.105,-47.852,-49.805,0.000
1728632061.515,-72.266,-42.969,-42.969,-57.129,0.000
1728632061.519,-42.480,-40.527,-39.062,-60.059,0.000
1728632061.524,-22.949,-45.898,-35.645,-46.387,0.000
1728632061.527,-28.320,-43.457,-38.574,-38.086,0.000
1728632061.531,-50.293,-42.480,-39.062,-44.434,0.000
1728632061.535,-61.523,-37.598,-34.180,-48.828,0.000
1728632061.539,-33.691,-36.621,-27.832,-36.621,0.000
1728632061.543,-22.461,-40.527,-32.715,-19.531,0.000
1728632061.547,-37.598,-41.992,-39.062,-20.996,0.000
1728632061.551,-38.086,-36.621,-36.621,-34.180,0.000
1728632061.555,-41.992,-32.227,-34.180,-40.039,0.000
1728632061.559,-35.645,-40.039,-38.086,-37.109,0.000
1728632061.563,-17.578,-32.227,-36.133,-29.785,0.000
1728632061.566,-34.668,-29.785,-41.016,-37.109,0.000
1728632061.571,0.000,-40.527,-43.945,-44.434,0.000
1728632061.575,0.000,-42.969,-39.551,-52.246,0.000
1728632061.579,0.000,-39.551,-33.203,-48.828,0.000
1728632061.583,0.000,-44.434,-26.855,-30.762,0.000
1728632061.587,0.000,-47.852,-35.156,-36.621,0.000
1728632061.591,0.000,-35.645,-45.410,-43.457,0.000
1728632061.594,0.000,-26.367,-34.180,-47.363,0.000
1728632061.598,0.000,-19.043,-21.973,-48.828,0.000
1728632061.602,0.000,-19.043,-22.461,-29.785,0.000
1728632061.606,0.000,-26.367,-18.555,-19.531,0.000
1728632061.610,0.000,-26.855,-19.531,-30.273,0.000
1728632061.614,0.000,-24.414,-24.414,-42.969,0.000
1728632061.618,-34.180,-29.297,-20.020,-45.410,0.000
1728632061.622,-16.113,-28.809,-13.184,-31.250,0.000
1728632061.626,-10.742,-22.461,-18.066,-28.809,0.000
1728632061.630,-28.320,-31.250,-25.391,-41.016,0.000
1728632061.634,-52.734,-43.457,-26.367,-50.781,0.000
1728632061.638,-55.176,-49.805,-27.344,-58.594,0.000
1728632061.642,-34.180,-47.363,-25.391,-40.039,0.000
1728632061.646,-22.461,-37.109,-27.344,-19.531,0.000
1728632061.649,-43.945,-33.203,-32.715,-34.180,0.000
1728632061.653,-74.707,-38.086,-32.227,-63.477,0.000
1728632061.657,-66.406,-41.504,-28.809,-65.918,0.000
1728632061.661,-31.250,-29.297,-31.738,-48.340,0.000
1728632061.665,-28.320,-27.344,-38.574,-45.898,0.000
1728632061.669,-44.922,-33.691,-39.551,-47.852,0.000
1728632061.673,-55.664,-40.039,-41.504,-53.711,0.000
1728632061.677,-54.688,-51.270,-49.805,-59.082,0.000
1728632061.681,-34.180,-50.781,-50.781,-49.316,0.000
1728632061.685,-17.090,-35.645,-48.828,-40.039,0.000
1728632061.689,-25.879,-30.762,-41.016,-41.504,0.000
1728632061.693,-35.156,-35.645,-34.180,-41.016,0.000
1728632061.696,-37.109,-38.086,-36.621,-42.969,0.000
1728632061.700,-24.414,-33.203,-37.598,-38.086,0.000
1728632061.704,-18.555,-29.297,-37.109,-25.879,0.000
1728632061.708,-30.762,-39.551,-42.480,-28.809,0.000
1728632061.712,0.000,-47.852,-53.711,-36.133,0.000
1728632061.716,0.000,-36.133,-56.152,-44.922,0.000
1728632061.720,0.000,-39.551,-48.828,-46.875,0.000
1728632061.724,0.000,-45.410,-42.480,-37.598,0.000
1728632061.728,0.000,-30.273,-37.109,-30.762,0.000
1728632061.732,0.000,-17.578,-35.156,-41.504,0.000
1728632061.736,0.000,-22.461,-33.203,-54.199,0.000
1728632061.739,0.000,-30.762,-31.250,-42.480,0.000
1728632061.743,0.000,-25.391,-31.738,-30.762,0.000
1728632061.747,0.000,-26.855,-39.062,-37.598,0.000
1728632061.751,0.000,-33.691,-42.480,-35.156,0.000
1728632061.755,0.000,-32.715,-41.504,-33.203,0.000
1728632061.759,-41.016,-32.715,-43.945,-38.574,0.000
1728632061.763,-21.484,-45.898,-39.551,-38.574,0.000
1728632061.767,-10.254,-49.316,-39.551,-37.598,0.000
1728632061.771,-32.715,-46.387,-41.992,-41.504,0.000
1728632061.775,-60.547,-47.363,-43.457,-41.992,0.000
1728632061.778,-47.363,-43.945,-50.781,-35.645,0.000
1728632061.782,-27.344,-51.758,-51.270,-36.133,0.000
1728632061.786,-41.992,-50.781,-42.969,-34.180,0.000
1728632061.790,-59.570,-41.504,-44.922,-40.527,0.000
1728632061.794,-61.523,-37.109,-48.340,-49.805,0.000
1728632061.798,-43.457,-39.062,-41.016,-49.316,0.000
1728632061.802,-25.879,-41.992,-35.645,-42.969,0.000
1728632061.805,-34.668,-48.828,-37.598,-40.039,0.000
1728632061.809,-42.969,-56.152,-33.691,-35.645,0.000
1728632061.813,-59.082,-52.734,-33.691,-46.387,0.000
1728632061.817,-55.664,-39.551,-36.621,-58.594,0.000
1728632061.821,-16.113,-26.367,-25.879,-45.410,0.000
1728632061.825,-3.418,-23.926,-23.926,-30.762,0.000
1728632061.829,-33.203,-28.809,-27.344,-32.227,0.000
1728632061.833,-46.387,-40.527,-25.391,-35.156,0.000
1728632061.837,-31.250,-41.016,-31.250,-32.227,0.000
1728632061.841,-22.949,-35.156,-21.973,-28.809,0.000
1728632061.845,-19.043,-41.504,-9.766,-30.762,0.000
1728632061.848,-33.691,-38.574,-12.695,-35.156,0.000
1728632061.852,-50.293,-23.926,-15.137,-33.203,0.000
1728632061.856,-46.387,-12.695,-19.531,-35.645,0.000
1728632061.860,-31.250,-15.137,-21.973,-30.273,0.000
1728632061.863,-30.273,-23.926,-21.973,-14.648,0.000
1728632061.867,-39.062,-23.438,-22.949,-8.789,0.000
1728632061.871,-44.434,-23.926,-26.367,-16.113,0.000
1728632061.875,-36.621,-22.949,-26.855,-21.973,0.000
1728632061.879,-5.371,-23.438,-22.461,-19.531,0.000
1728632061.883,7.812,-25.391,-18.555,-13.672,0.000
1728632061.887,-9.277,-24.414,-22.461,-13.672,0.000
1728632061.891,-48.828,-25.879,-32.715,-22.461,0.000
1728632061.895,-55.176,-26.367,-39.062,-34.668,0.000
1728632061.899,-28.809,-35.156,-33.203,-34.668,0.000
1728632061.903,-7.324,-34.180,-19.043,-18.066,0.000
1728632061.907,-13.672,-25.879,-22.461,-17.090,0.000
1728632061.911,-44.922,-19.531,-35.156,-38.086,0.000
1728632061.915,-62.012,-25.879,-37.109,-49.316,0.000
1728632061.919,-48.340,-27.344,-35.645,-44.922,0.000
1728632061.923,-29.785,-25.391,-29.785,-37.598,0.000
1728632061.927,-40.527,-23.438,-26.855,-39.062,0.000
1728632061.931,-52.734,-21.484,-31.738,-40.039,0.000
1728632061.935,-57.129,-30.273,-30.762,-55.176,0.000
1728632061.938,-44.434,-34.180,-22.461,-57.617,0.000
1728632061.942,-28.320,-35.156,-24.414,-39.062,0.000
1728632061.947,0.000,-41.504,-36.133,-45.410,0.000
1728632061.951,0.000,-42.480,-39.062,-54.688,0.000
1728632061.955,0.000,-39.551,-34.180,-54.688,0.000
1728632061.959,0.000,-44.922,-24.902,-46.875,0.000
1728632061.962,0.000,-45.898,-20.508,-38.086,0.000
1728632061.966,0.000,-45.410,-28.320,-38.574,0.000
1728632061.970,0.000,-39.551,-32.227,-47.852,0.000
1728632061.974,0.000,-45.410,-29.297,-48.828,0.000
1728632061.978,0.000,-61.523,-29.297,-39.551,0.000
1728632061.982,0.000,-50.781,-24.902,-30.762,0.000
1728632061.986,0.000,-30.762,-25.879,-30.762,0.000
1728632061.990,0.000,-34.180,-34.668,-36.133,0.000
1728632061.994,-29.785,-37.598,-41.504,-48.828,0.000
1728632061.998,-22.461,-28.809,-42.480,-45.898,0.000
1728632062.002,-23.438,-25.879,-35.156,-31.738,0.000
1728632062.006,-28.320,-29.297,-28.809,-27.832,0.000
1728632062.010,-30.273,-31.250,-29.785,-17.090,0.000
1728632062.013,-35.156,-30.762,-25.391,-14.648,0.000
1728632062.017,-27.832,-35.156,-20.996,-19.043,0.000
1728632062.021,-13.672,-40.039,-31.250,-12.695,0.000
1728632062.025,-7.324,-36.133,-34.668,-15.137,0.000
1728632062.029,-17.578,-34.668,-35.156,-18.555,0.000
1728632062.033,-32.715,-33.691,-42.480,-23.926,0.000
1728632062.037,-33.203,-31.250,-37.598,-37.598,0.000
1728632062.041,-7.812,-25.879,-25.391,-28.809,0.000
1728632062.045,-3.418,-26.367,-19.531,-23.926,0.000
1728632062.049,-31.738,-30.273,-27.832,-26.367,0.000
1728632062.053,-50.781,-24.902,-28.809,-31.250,0.000
1728632062.056,-51.270,-29.297,-23.438,-37.109,0.000
1728632062.060,-37.598,-36.621,-15.625,-27.344,0.000
1728632062.064,-18.555,-34.668,-21.973,-23.926,0.000
1728632062.068,-41.992,-39.062,-38.086,-30.762,0.000
1728632062.072,-64.453,-34.668,-35.156,-39.062,0.000
1728632062.076,-50.781,-26.367,-33.203,-46.387,0.000
1728632062.080,-42.969,-43.457,-32.227,-38.086,0.000
1728632062.084,-32.715,-52.246,-29.785,-31.250,0.000
1728632062.088,-42.969,-36.621,-34.668,-34.668,0.000
1728632062.092,-60.059,-31.738,-37.109,-51.270,0.000
1728632062.095,-61.523,-40.039,-41.992,-55.176,0.000
1728632062.099,-53.223,-50.781,-50.293,-52.246,0.000
1728632062.103,-37.598,-45.898,-48.340,-46.875,0.000
1728632062.107,-46.387,-36.133,-46.875,-43.457,0.000
1728632062.111,-64.941,-41.992,-49.805,-48.828,0.000
1728632062.115,-63.965,-41.504,-57.617,-51.758,0.000
1728632062.119,-35.645,-36.133,-50.293,-43.457,0.000
1728632062.123,-24.414,-41.016,-43.945,-38.574,0.000
1728632062.127,-38.086,-41.016,-43.945,-38.574,0.000
1728632062.131,-50.293,-34.668,-38.574,-30.273,0.000
1728632062.134,-55.176,-37.109,-35.645,-30.762,0.000
1728632062.138,-40.527,-41.504,-30.273,-29.785,0.000
1728632062.142,-19.531,-33.691,-35.645,-28.320,0.000
1728632062.146,-18.555,-22.461,-38.086,-27.344,0.000
1728632062.150,-22.461,-23.438,-34.180,-18.555,0.000
1728632062.154,-34.180,-24.902,-39.062,-26.367,0.000
1728632062.158,-34.668,-21.973,-39.062,-25.879,0.000
1728632062.162,-17.578,-22.461,-36.133,-9.277,0.000
1728632062.166,-19.531,-22.949,-30.273,-3.906,0.000
1728632062.169,-17.578,-20.508,-16.602,2.441,0.000
1728632062.173,-22.949,-25.391,-18.066,-7.812,0.000
1728632062.177,-24.414,-20.996,-24.414,-14.648,0.000
1728632062.181,-10.742,-16.602,-23.926,-6.836,0.000
1728632062.185,-13.672,-32.227,-30.273,-6.348,0.000
1728632062.189,-21.484,-34.180,-29.297,-14.160,0.000
1728632062.193,-37.109,-25.391,-32.715,-27.832,0.000
1728632062.196,-42.969,-21.484,-34.180,-22.461,0.000
1728632062.200,-20.020,-28.320,-29.785,-8.789,0.000
1728632062.204,1.953,-39.551,-23.926,-6.836,0.000
1728632062.208,-9.766,-29.297,-20.996,-18.066,0.000
1728632062.212,-44.434,-27.832,-31.738,-36.133,0.000
1728632062.216,-44.922,-35.645,-31.738,-34.668,0.000
1728632062.220,-21.973,-36.621,-28.320,-30.273,0.000
1728632062.224,-12.207,-38.574,-25.391,-31.250,0.000
1728632062.228,-23.438,-40.527,-23.926,-33.203,0.000
1728632062.232,-53.711,-41.504,-24.902,-42.969,0.000
1728632062.236,-59.082,-45.898,-25.391,-47.852,0.000
1728632062.240,-43.945,-47.363,-24.414,-36.621,0.000
1728632062.244,-35.156,-44.434,-23.926,-29.297,0.000
1728632062.248,-39.551,-52.734,-27.832,-38.086,0.000
1728632062.252,-55.664,-45.410,-19.043,-39.062,0.000
1728632062.256,-56.152,-34.180,-19.043,-35.156,0.000
1728632062.260,-35.645,-36.621,-33.203,-41.992,0.000
1728632062.264,-29.785,-41.504,-42.969,-48.340,0.000
1728632062.267,-41.016,-40.527,-39.062,-44.434,0.000
1728632062.271,-65.430,-43.457,-42.480,-54.688,0.000
1728632062.276,-74.219,-49.316,-46.875,-63.477,0.000
1728632062.280,-40.527,-39.062,-41.504,-49.805,0.000
1728632062.284,-17.090,-30.762,-39.062,-24.902,0.000
1728632062.288,-23.926,-34.180,-35.156,-25.391,0.000
1728632062.291,-31.738,-27.344,-31.738,-42.480,0.000
1728632062.295,-29.785,-24.902,-29.785,-44.922,0.000
1728632062.299,-23.926,-30.273,-29.297,-37.598,0.000
1728632062.303,-13.184,-28.809,-30.762,-24.414,0.000
1728632062.307,-18.555,-24.902,-32.715,-28.809,0.000
1728632062.311,-30.273,-29.297,-34.668,-36.133,0.000
1728632062.315,-39.551,-26.367,-32.715,-38.574,0.000
1728632062.319,-41.016,-10.742,-26.855,-35.645,0.000
1728632062.323,-30.762,-9.766,-21.973,-28.809,0.000
1728632062.327,-28.320,-20.996,-21.484,-32.227,0.000
1728632062.331,-40.039,-31.738,-22.461,-43.457,0.000
1728632062.335,-56.152,-43.457,-18.555,-43.457,0.000
1728632062.339,-39.551,-37.598,-17.090,-35.645,0.000
1728632062.343,-16.602,-24.414,-17.090,-35.645,0.000
1728632062.347,-25.879,-33.203,-19.531,-27.832,0.000
1728632062.350,-34.668,-46.875,-25.879,-28.320,0.000
1728632062.354,-32.715,-41.992,-30.273,-35.156,0.000
1728632062.358,-28.809,-25.391,-29.297,-25.879,0.000
1728632062.362,-16.113,-17.090,-21.484,-20.508,0.000
1728632062.366,-19.043,-24.902,-24.902,-35.645,0.000
1728632062.370,-45.410,-40.527,-41.016,-55.176,0.000
1728632062.374,-70.801,-38.574,-44.922,-68.359,0.000
1728632062.378,-65.918,-31.738,-36.133,-62.988,0.000
1728632062.382,-51.270,-51.270,-34.180,-61.035,0.000
1728632062.386,-42.969,-60.059,-37.109,-71.289,0.000
1728632062.390,-54.688,-66.895,-39.062,-72.754,0.000
1728632062.394,-75.195,-66.895,-32.715,-59.570,0.000
1728632062.397,-64.453,-44.922,-24.902,-53.711,0.000
1728632062.401,-41.504,-40.039,-34.180,-43.945,0.000
1728632062.405,-30.762,-43.945,-41.504,-35.645,0.000
1728632062.409,-38.574,-51.270,-38.086,-49.316,0.000
1728632062.413,-52.734,-51.270,-43.457,-54.199,0.000
1728632062.417,-56.641,-39.551,-40.039,-48.340,0.000
1728632062.421,-33.203,-34.180,-26.855,-45.898,0.000
1728632062.425,-18.555,-45.410,-20.020,-49.316,0.000
1728632062.429,-34.668,-44.434,-28.320,-52.246,0.000
1728632062.432,-53.711,-43.457,-40.039,-59.082,0.000
1728632062.436,-81.543,-62.012,-47.363,-81.055,0.000
1728632062.440,-53.223,-55.664,-44.434,-59.082,0.000
1728632062.444,-5.859,-41.992,-42.480,-32.227,0.000
1728632062.448,0.000,-25.391,-59.082,-15.137,0.000
1728632062.452,-46.875,-24.902,-46.875,-44.922,0.000
1728632062.456,-81.055,-45.410,-62.988,-76.660,0.000
1728632062.460,-40.527,-29.297,-93.262,-31.250,0.000
1728632062.464,-6.348,-20.996,-93.262,-23.926,0.000
1728632062.468,-13.672,-31.250,-127.441,-34.668,0.000
1728632062.471,-22.949,-18.555,-182.129,-8.789,0.000
1728632062.475,-37.109,-23.438,-195.801,-33.691,0.000
1728632062.479,-41.504,-52.246,-213.867,-67.871,0.000
1728632062.483,-17.090,-44.434,-285.156,-25.879,0.000
1728632062.487,-4.883,-14.160,-423.828,3.906,0.000
1728632062.491,-42.969,-15.625,-544.922,-29.785,0.000
1728632062.495,-59.082,-31.738,-640.137,-38.086,0.000
1728632062.499,-36.133,-35.156,-745.605,-35.156,0.000
1728632062.503,-31.738,-34.668,-912.598,-40.039,0.000
1728632062.507,-56.152,-50.781,-1000.000,-49.805,0.000
1728632062.510,-69.336,-49.316,-996.094,-52.246,0.000
1728632062.514,-63.477,-45.410,-999.023,-50.293,0.000
1728632062.518,-43.945,-50.781,-1000.000,-41.504,0.000
1728632062.522,-21.484,-47.363,-1000.000,-31.250,0.000
1728632062.526,-24.902,-46.875,-1000.000,-38.086,0.000
1728632062.530,-48.340,-47.852,-1000.000,-42.480,0.000
1728632062.534,-72.266,-54.688,-1000.000,-46.387,0.000
1728632062.538,-66.895,-55.176,-1000.000,-42.969,0.000
1728632062.541,-42.480,-51.758,-1000.000,-33.203,0.000
1728632062.545,-29.297,-45.410,-1000.000,-28.320,0.000
1728632062.549,-35.156,-34.180,-1000.000,-33.691,0.000
1728632062.553,-55.664,-37.109,-1000.000,-38.086,0.000
1728632062.557,-43.457,-46.387,-1000.000,-19.531,0.000
1728632062.561,-7.324,-41.504,-1000.000,-7.812,0.000
1728632062.565,-3.906,-35.645,-1000.000,-24.902,0.000
1728632062.568,-23.926,-37.598,-1000.000,-36.621,0.000
1728632062.572,-44.922,-36.133,-999.023,-55.664,0.000
1728632062.576,-36.133,-35.156,-999.512,-55.176,0.000
1728632062.580,-13.184,-36.133,-974.121,-31.738,0.000
1728632062.584,-7.324,-27.344,-885.742,-33.691,0.000
1728632062.588,-10.742,-18.066,-765.137,-38.086,0.000
1728632062.592,-35.645,-31.250,-667.969,-39.551,0.000
1728632062.596,-45.898,-42.480,-596.191,-34.668,0.000
1728632062.600,-23.438,-31.738,-542.480,-18.555,0.000
1728632062.604,-17.090,-23.438,-446.289,-11.719,0.000
1728632062.608,-27.344,-28.320,-317.871,-18.066,0.000
1728632062.612,-42.480,-40.039,-47.852,-28.809,0.000
1728632062.616,-33.203,-41.992,306.152,-34.180,0.000
1728632062.620,-11.230,-40.039,512.695,-44.434,0.000
1728632062.624,-14.160,-43.945,672.363,-44.434,0.000
1728632062.628,-28.809,-46.387,789.551,-44.922,0.000
1728632062.632,-40.039,-40.039,883.301,-41.992,0.000
1728632062.635,-44.922,-30.762,959.473,-35.156,0.000
1728632062.639,-30.273,-27.344,962.891,-22.949,0.000
1728632062.643,-13.672,-29.297,948.242,-17.090,0.000
1728632062.647,-20.996,-36.621,942.383,-21.484,0.000
1728632062.652,0.000,-52.246,911.621,-31.250,0.000
1728632062.655,0.000,-47.852,853.027,-47.363,0.000
1728632062.659,0.000,-40.039,814.453,-39.551,0.000
1728632062.663,0.000,-46.387,779.785,-32.227,0.000
1728632062.667,0.000,-43.457,729.492,-31.250,0.000
1728632062.671,0.000,-48.340,688.965,-46.875,0.000
1728632062.675,0.000,-56.152,674.316,-62.500,0.000
1728632062.679,0.000,-45.410,675.293,-54.688,0.000
1728632062.683,0.000,-44.434,651.367,-45.410,0.000
1728632062.687,0.000,-46.387,614.258,-30.762,0.000
1728632062.691,0.000,-44.922,583.008,-39.062,0.000
1728632062.695,0.000,-43.457,555.176,-44.434,0.000
1728632062.699,-44.922,-35.156,518.555,-32.227,0.000
1728632062.703,-35.156,-38.574,478.027,-23.926,0.000
1728632062.707,-37.598,-45.898,444.336,-33.203,0.000
1728632062.710,-43.457,-37.598,426.270,-43.457,0.000
1728632062.714,-51.270,-29.297,414.551,-50.293,0.000
1728632062.718,-36.621,-24.414,393.555,-56.152,0.000
1728632062.722,-16.602,-27.832,373.047,-46.387,0.000
1728632062.726,-27.344,-37.109,354.004,-39.551,0.000
1728632062.730,-37.109,-43.457,330.078,-27.344,0.000
1728632062.734,-44.434,-40.527,307.617,-26.367,0.000
1728632062.738,-41.016,-29.297,296.875,-37.598,0.000
1728632062.742,-20.508,-25.879,276.855,-39.062,0.000
1728632062.746,-20.996,-30.762,261.230,-37.598,0.000
1728632062.750,-35.645,-35.156,246.094,-34.180,0.000
1728632062.753,-43.457,-34.668,226.074,-43.945,0.000
1728632062.757,-41.016,-33.691,232.910,-37.598,0.000
1728632062.761,-21.484,-35.645,247.559,-25.391,0.000
1728632062.765,-5.371,-36.133,239.746,-20.996,0.000
1728632062.769,-15.137,-39.551,229.004,-25.879,0.000
1728632062.773,-34.668,-46.875,227.539,-31.738,0.000
1728632062.777,-40.039,-41.504,228.516,-18.066,0.000
1728632062.781,-15.625,-30.273,218.262,-9.766,0.000
1728632062.785,3.906,-31.738,197.266,-17.090,0.000
1728632062.789,-12.695,-38.086,183.105,-31.250,0.000
1728632062.792,-44.922,-36.133,178.711,-40.527,0.000
1728632062.796,-62.988,-34.180,166.504,-43.945,0.000
1728632062.800,-35.156,-37.109,160.156,-31.250,0.000
1728632062.804,-17.578,-34.180,162.598,-25.879,0.000
1728632062.808,-27.832,-38.574,153.320,-29.785,0.000
1728632062.812,-41.504,-45.898,144.531,-30.762,0.000
1728632062.816,-53.711,-42.480,142.090,-47.363,0.000
1728632062.820,-43.457,-41.504,138.184,-53.223,0.000
1728632062.824,-26.855,-41.016,133.301,-49.316,0.000
1728632062.828,-33.691,-33.691,125.488,-47.852,0.000
1728632062.831,-62.988,-36.621,110.352,-56.152,0.000
1728632062.835,-70.312,-45.898,103.027,-61.035,0.000
1728632062.839,-34.668,-37.598,108.398,-34.180,0.000
1728632062.843,-15.137,-35.645,108.398,-24.902,0.000
1728632062.847,-30.273,-53.223,102.051,-31.250,0.000
1728632062.851,-54.688,-56.641,93.750,-37.109,0.000
1728632062.855,-48.828,-38.574,90.332,-47.363,0.000
1728632062.859,-19.531,-22.461,96.680,-36.621,0.000
1728632062.862,-16.602,-23.926,93.750,-32.227,0.000
1728632062.866,-32.715,-29.297,85.449,-41.504,0.000
1728632062.870,-42.480,-35.645,83.984,-38.574,0.000
1728632062.874,-53.223,-46.875,78.125,-46.387,0.000
1728632062.878,-44.922,-50.781,82.031,-39.551,0.000
1728632062.882,-31.738,-46.387,83.496,-28.809,0.000
1728632062.886,-34.668,-42.969,79.102,-40.039,0.000
1728632062.889,-36.133,-41.504,78.613,-36.133,0.000
1728632062.893,-35.156,-39.551,69.824,-28.809,0.000
1728632062.897,-31.250,-36.621,67.383,-25.391,0.000
1728632062.901,-18.555,-36.133,76.660,-16.602,0.000
1728632062.905,-6.348,-33.203,69.336,-14.648,0.000
1728632062.909,-30.273,-47.363,43.457,-29.785,0.000
1728632062.913,-57.129,-61.035,44.434,-39.551,0.000
1728632062.917,-35.645,-49.805,62.500,-30.762,0.000
1728632062.921,-11.719,-49.805,56.641,-22.461,0.000
1728632062.925,-24.902,-50.781,47.363,-20.996,0.000
1728632062.929,-34.180,-42.969,47.363,-20.020,0.000
1728632062.932,-46.875,-35.156,40.039,-34.668,0.000
1728632062.936,-63.477,-48.340,31.738,-40.039,0.000
1728632062.940,-50.293,-60.059,31.250,-30.762,0.000
1728632062.944,-37.109,-59.082,28.809,-34.180,0.000
1728632062.948,-52.734,-65.430,21.973,-38.086,0.000
1728632062.952,-72.754,-69.336,19.043,-43.945,0.000
1728632062.955,-65.430,-65.430,19.043,-44.922,0.000
1728632062.959,-39.551,-47.852,23.926,-36.133,0.000
1728632062.963,-32.715,-40.039,26.855,-33.203,0.000
1728632062.967,-37.109,-47.852,21.484,-38.574,0.000
1728632062.971,-46.875,-59.570,17.090,-43.945,0.000
1728632062.975,-57.129,-61.523,12.695,-44.434,0.000
1728632062.978,-42.969,-50.781,3.906,-36.133,0.000
1728632062.982,-28.809,-47.852,-4.883,-36.621,0.000
1728632062.986,-25.391,-46.387,-9.766,-39.551,0.000
1728632062.990,-38.574,-45.898,-15.137,-44.922,0.000
1728632062.994,-47.363,-42.480,-16.602,-52.246,0.000
1728632062.998,-25.391,-38.086,-12.695,-39.551,0.000
1728632063.002,-8.789,-33.691,-5.859,-31.250,0.000
1728632063.006,-19.043,-28.320,2.441,-30.762,0.000
1728632063.010,-44.922,-27.344,-1.953,-32.227,0.000
1728632063.013,-51.758,-26.855,-6.348,-30.762,0.000
1728632063.017,-30.273,-27.344,-2.930,-30.273,0.000
1728632063.021,-16.113,-30.273,-4.883,-25.391,0.000
1728632063.026,-22.461,-37.598,-13.184,-16.602,0.000
1728632063.030,-44.434,-41.016,-22.461,-28.320,0.000
1728632063.034,-49.805,-37.598,-19.043,-41.992,0.000
1728632063.037,-23.926,-34.180,-10.742,-30.762,0.000
1728632063.041,-8.789,-31.250,-10.742,-15.625,0.000
1728632063.045,-10.254,-34.180,-8.301,-18.066,0.000
1728632063.049,-29.785,-35.645,-8.301,-25.391,0.000
1728632063.053,-45.898,-32.227,-12.695,-31.738,0.000
1728632063.057,-26.855,-31.250,-4.883,-22.949,0.000
1728632063.061,-12.207,-36.133,2.441,-12.695,0.000
1728632063.065,-23.926,-38.086,2.441,-20.996,0.000
1728632063.069,-45.898,-33.691,-2.930,-31.250,0.000
1728632063.073,-62.012,-32.715,-12.207,-50.781,0.000
1728632063.077,-41.992,-29.297,-8.789,-41.504,0.000
1728632063.081,-20.996,-37.109,-6.836,-24.414,0.000
1728632063.085,-32.715,-54.199,-14.160,-25.391,0.000
1728632063.089,-59.570,-53.223,-25.879,-36.621,0.000
1728632063.092,-72.754,-53.223,-29.785,-54.688,0.000
1728632063.096,-58.594,-56.152,-17.090,-44.434,0.000
1728632063.100,-36.133,-43.945,-15.625,-38.086,0.000
1728632063.104,-30.273,-42.969,-31.738,-36.621,0.000
1728632063.108,-47.363,-56.641,-36.621,-34.180,0.000
1728632063.112,-69.336,-60.059,-26.855,-48.828,0.000
1728632063.116,-62.012,-55.664,-21.973,-50.781,0.000
1728632063.120,0.000,-47.852,-24.902,-33.691,0.000
1728632063.124,0.000,-43.945,-27.344,-22.461,0.000
1728632063.128,0.000,-48.340,-25.391,-23.438,0.000
1728632063.132,0.000,-50.781,-26.367,-44.922,0.000
1728632063.136,0.000,-41.016,-24.902,-50.293,0.000
1728632063.140,0.000,-32.227,-24.902,-27.344,0.000
1728632063.143,0.000,-31.250,-27.832,-30.762,0.000
1728632063.147,0.000,-34.668,-29.297,-41.504,0.000
1728632063.151,0.000,-34.180,-30.762,-31.250,0.000
1728632063.155,0.000,-15.625,-35.645,-30.762,0.000
1728632063.159,0.000,-18.066,-34.180,-32.715,0.000
1728632063.163,0.000,-38.086,-32.715,-30.762,0.000
1728632063.167,-34.668,-36.133,-36.621,-43.457,0.000
1728632063.171,-52.246,-30.273,-34.668,-54.688,0.000
1728632063.175,-45.898,-34.668,-28.320,-60.059,0.000
1728632063.179,-40.527,-33.691,-25.391,-51.758,0.000
1728632063.182,-36.621,-29.297,-25.879,-37.109,0.000
1728632063.186,-45.898,-27.832,-28.809,-30.273,0.000
1728632063.190,-69.336,-24.414,-31.250,-39.062,0.000
1728632063.194,-67.871,-27.832,-25.879,-54.688,0.000
1728632063.198,-50.781,-30.273,-21.973,-43.945,0.000
1728632063.202,-33.203,-18.066,-11.230,-22.949,0.000
1728632063.206,-24.902,-14.160,-3.906,-10.254,0.000
1728632063.210,-41.016,-23.438,-16.113,-22.949,0.000
1728632063.214,-58.105,-28.809,-22.461,-47.363,0.000
1728632063.218,-38.574,-32.227,-17.090,-51.270,0.000
1728632063.221,-19.043,-30.762,-20.508,-42.480,0.000
1728632063.225,-34.668,-28.320,-31.250,-39.062,0.000
1728632063.229,-47.363,-41.992,-38.086,-45.898,0.000
1728632063.233,-45.898,-56.641,-36.133,-43.457,0.000
1728632063.237,-42.969,-48.340,-32.227,-41.504,0.000
1728632063.241,-35.156,-44.922,-31.738,-43.945,0.000
1728632063.245,-44.434,-41.016,-30.273,-38.574,0.000
1728632063.249,-62.500,-27.832,-28.320,-47.363,0.000
1728632063.253,-64.453,-21.973,-30.762,-62.012,0.000
1728632063.257,-52.246,-20.508,-29.297,-52.246,0.000
1728632063.260,-37.598,-26.855,-24.902,-43.457,0.000
1728632063.264,-36.621,-39.551,-32.715,-44.434,0.000
1728632063.268,-42.480,-44.434,-32.715,-38.086,0.000
1728632063.272,-48.828,-36.133,-27.832,-45.410,0.000
1728632063.276,-45.410,-27.832,-28.809,-53.223,0.000
1728632063.280,-24.414,-43.457,-27.344,-36.621,0.000
1728632063.284,-11.719,-51.270,-22.949,-22.461,0.000
1728632063.288,-32.227,-34.668,-22.461,-32.715,0.000
1728632063.292,-41.016,-17.578,-23.926,-44.922,0.000
1728632063.295,-18.555,-7.812,-19.531,-33.691,0.000
1728632063.299,-14.648,-20.508,-21.973,-31.738,0.000
1728632063.303,-19.043,-41.992,-31.250,-37.598,0.000
1728632063.307,-28.809,-31.738,-33.691,-39.551,0.000
1728632063.311,-43.457,-18.066,-32.715,-42.969,0.000
1728632063.315,-32.227,-20.508,-29.785,-33.203,0.000
1728632063.318,-6.836,-26.855,-26.855,-27.832,0.000
1728632063.322,-5.859,-26.855,-22.461,-39.551,0.000
1728632063.326,-25.879,-24.902,-21.973,-38.574,0.000
1728632063.330,-41.992,-32.715,-22.461,-42.969,0.000
1728632063.334,-35.645,-33.203,-14.648,-47.363,0.000
1728632063.338,-15.625,-17.090,-10.742,-38.086,0.000
1728632063.342,2.441,-12.695,-18.555,-31.738,0.000
1728632063.346,-5.371,-20.020,-21.484,-28.320,0.000
1728632063.350,-41.016,-23.438,-24.902,-38.574,0.000
1728632063.353,-40.039,-28.809,-20.508,-35.645,0.000
1728632063.357,-11.230,-30.273,-6.348,-20.508,0.000
1728632063.361,-12.695,-30.273,-2.930,-22.461,0.000
1728632063.365,-35.645,-40.039,-8.301,-24.414,0.000
1728632063.369,-54.199,-46.875,-7.812,-35.645,0.000
1728632063.373,-48.340,-36.621,-5.371,-43.457,0.000
1728632063.376,-30.273,-35.645,-3.906,-37.598,0.000
1728632063.380,-32.227,-30.762,-4.395,-35.156,0.000
1728632063.384,-39.551,-21.484,-18.555,-36.133,0.000
1728632063.388,-49.805,-36.133,-23.926,-42.969,0.000
1728632063.392,-61.523,-36.621,-18.555,-52.246,0.000
1728632063.396,-49.316,-32.227,-16.113,-44.434,0.000
1728632063.400,-34.668,-44.922,-17.578,-32.227,0.000
1728632063.404,-40.039,-46.387,-20.508,-37.598,0.000
1728632063.408,-54.688,-41.016,-25.879,-40.039,0.000
1728632063.412,-61.523,-33.691,-23.438,-38.574,0.000
1728632063.416,-44.434,-27.832,-15.137,-35.645,0.000
1728632063.420,-16.113,-20.020,-17.090,-22.461,0.000
1728632063.424,-8.301,-22.949,-14.648,-22.461,0.000
1728632063.428,-26.855,-26.855,-8.789,-37.109,0.000
1728632063.432,-37.109,-29.297,-18.066,-41.504,0.000
1728632063.436,-19.531,-39.551,-25.879,-25.391,0.000
1728632063.439,-11.230,-32.715,-20.996,-15.625,0.000
1728632063.443,-17.578,-24.414,-20.020,-15.625,0.000
1728632063.448,-34.668,-21.973,-20.996,-28.320,0.000
1728632063.452,-46.875,-21.973,-20.020,-36.133,0.000
1728632063.455,-29.785,-19.531,-20.996,-33.203,0.000
1728632063.459,-5.371,-20.508,-16.113,-18.066,0.000
1728632063.463,-9.766,-34.180,-19.531,-11.230,0.000
1728632063.467,-35.156,-26.855,-35.645,-27.344,0.000
1728632063.471,-55.176,-18.555,-44.434,-47.852,0.000
1728632063.475,-54.199,-25.391,-39.062,-48.828,0.000
1728632063.479,-34.180,-21.973,-33.203,-27.344,0.000
1728632063.483,-21.484,-21.484,-31.738,-16.602,0.000
1728632063.487,-28.320,-29.785,-27.832,-30.273,0.000
1728632063.491,-41.992,-40.039,-27.832,-47.363,0.000
1728632063.495,-42.480,-39.551,-32.715,-44.434,0.000
1728632063.499,-33.203,-31.738,-39.062,-36.133,0.000
1728632063.502,-33.203,-40.527,-39.062,-31.738,0.000
1728632063.506,-50.293,-50.293,-42.480,-33.691,0.000
1728632063.510,-68.848,-48.828,-52.734,-37.109,0.000
1728632063.514,-68.359,-45.410,-45.410,-38.574,0.000
1728632063.518,-44.434,-40.039,-31.738,-31.738,0.000
1728632063.522,-30.762,-47.852,-36.133,-27.832,0.000
1728632063.526,-37.598,-60.547,-42.969,-33.691,0.000
1728632063.530,-44.434,-52.246,-35.156,-41.992,0.000
1728632063.534,-47.852,-43.457,-26.855,-39.062,0.000
1728632063.538,-35.645,-45.410,-24.902,-27.344,0.000
1728632063.542,-20.020,-36.621,-26.855,-20.508,0.000
1728632063.545,-40.039,-41.504,-35.156,-30.762,0.000
1728632063.549,-61.035,-54.199,-42.480,-43.945,0.000
1728632063.553,-45.898,-51.758,-33.691,-39.551,0.000
1728632063.557,-32.715,-45.898,-31.250,-26.367,0.000
1728632063.561,-22.461,-47.363,-35.645,-18.555,0.000
1728632063.565,-25.879,-48.340,-33.203,-22.949,0.000
1728632063.569,-39.551,-42.969,-38.574,-33.203,0.000
1728632063.573,-45.410,-42.480,-41.992,-38.086,0.000
1728632063.577,-37.109,-38.086,-40.039,-43.945,0.000
1728632063.581,-20.996,-27.832,-35.156,-41.992,0.000
1728632063.585,-21.484,-24.902,-34.180,-27.832,0.000
1728632063.588,-44.922,-23.926,-39.062,-29.297,0.000
1728632063.592,-52.246,-21.484,-32.227,-41.504,0.000
1728632063.596,-31.250,-21.973,-32.227,-41.016,0.000
1728632063.600,-10.742,-23.926,-35.645,-24.414,0.000
1728632063.604,-12.695,-13.672,-38.086,-18.555,0.000
1728632063.608,-33.691,-12.207,-46.875,-31.738,0.000
1728632063.612,-37.109,-19.531,-49.805,-37.109,0.000
1728632063.616,-15.625,-21.973,-50.781,-31.738,0.000
1728632063.620,-14.648,-25.391,-40.039,-27.344,0.000
1728632063.623,-24.414,-21.484,-39.551,-21.484,0.000
1728632063.627,-35.156,-27.832,-41.504,-22.949,0.000
1728632063.631,-45.410,-43.945,-35.645,-27.832,0.000
1728632063.635,-29.297,-41.992,-32.227,-26.367,0.000
1728632063.639,-14.160,-27.344,-32.227,-19.043,0.000
1728632063.643,-21.484,-25.879,-34.668,-20.020,0.000
1728632063.647,-42.969,-24.902,-37.598,-35.156,0.000
1728632063.651,-52.246,-23.926,-40.527,-43.457,0.000
1728632063.654,-42.480,-29.297,-42.480,-39.062,0.000
1728632063.658,-27.344,-41.016,-49.316,-35.645,0.000
1728632063.662,-30.762,-50.293,-41.016,-35.156,0.000
1728632063.666,-54.688,-44.434,-29.785,-42.480,0.000
1728632063.670,-66.895,-43.457,-39.551,-51.758,0.000
1728632063.674,-57.617,-45.410,-33.691,-41.992,0.000
1728632063.678,-37.109,-41.016,-18.555,-33.691,0.000
1728632063.681,-33.691,-39.062,-26.855,-41.016,0.000
1728632063.685,-51.270,-49.316,-35.156,-42.480,0.000
1728632063.689,-65.918,-56.152,-37.109,-48.828,0.000
1728632063.693,-58.105,-49.805,-29.297,-49.316,0.000
1728632063.697,-48.828,-36.133,-23.438,-37.109,0.000
1728632063.701,-35.645,-30.762,-26.367,-32.227,0.000
1728632063.705,-35.645,-32.715,-27.832,-30.273,0.000
1728632063.709,-56.641,-34.668,-34.668,-34.668,0.000
1728632063.713,-49.805,-32.715,-35.156,-44.922,0.000
1728632063.717,-29.785,-32.715,-29.297,-42.969,0.000
1728632063.720,-28.320,-32.715,-35.156,-38.086,0.000
1728632063.724,-36.133,-36.621,-44.434,-42.969,0.000
1728632063.728,-43.457,-45.410,-50.293,-50.781,0.000
1728632063.732,-51.758,-40.039,-45.898,-54.688,0.000
1728632063.735,-34.668,-30.762,-33.203,-47.363,0.000
1728632063.739,-10.742,-18.066,-24.902,-28.320,0.000
1728632063.743,-15.625,-13.672,-26.855,-26.367,0.000
1728632063.747,-29.785,-25.391,-33.691,-37.598,0.000
1728632063.751,-41.504,-41.016,-33.203,-40.527,0.000
1728632063.755,-32.715,-40.039,-37.598,-38.086,0.000
1728632063.759,-17.578,-39.551,-43.945,-40.039,0.000
1728632063.763,-30.273,-41.016,-45.410,-32.227,0.000
1728632063.767,-54.688,-24.414,-38.086,-33.203,0.000
1728632063.771,-51.758,-17.090,-21.484,-34.668,0.000
1728632063.775,-29.785,-19.043,-15.137,-28.320,0.000
1728632063.779,-15.137,-18.555,-12.695,-21.484,0.000
1728632063.783,-28.809,-38.574,-18.066,-31.250,0.000
1728632063.787,-44.434,-52.734,-33.203,-45.898,0.000
1728632063.791,-36.621,-41.016,-37.598,-51.270,0.000
1728632063.795,-29.785,-25.879,-38.574,-47.852,0.000
1728632063.799,-19.531,-24.414,-33.691,-33.691,0.000
1728632063.802,-21.973,-29.785,-26.367,-40.039,0.000
1728632063.806,-44.434,-32.227,-23.926,-44.434,0.000
1728632063.810,-60.059,-31.738,-22.949,-45.898,0.000
1728632063.814,-48.828,-41.992,-18.066,-49.805,0.000
1728632063.818,-17.578,-55.664,-12.207,-43.457,0.000
1728632063.822,-20.508,-50.781,-20.508,-39.551,0.000
1728632063.826,-46.875,-40.527,-32.227,-40.039,0.000
1728632063.830,-62.012,-41.504,-37.109,-51.758,0.000
1728632063.834,-65.430,-50.781,-31.738,-60.547,0.000
1728632063.838,-48.340,-50.781,-28.320,-50.293,0.000
1728632063.842,-33.691,-44.922,-30.273,-41.016,0.000
1728632063.846,-46.875,-52.734,-27.344,-43.945,0.000
1728632063.850,-68.359,-62.012,-31.738,-51.758,0.000
1728632063.854,-62.012,-56.641,-40.039,-48.828,0.000
1728632063.858,-49.805,-51.270,-44.922,-46.387,0.000
1728632063.861,-40.527,-48.340,-39.551,-36.133,0.000
1728632063.865,-39.062,-41.992,-36.133,-24.414,0.000
1728632063.870,-50.781,-38.086,-38.086,-37.109,0.000
1728632063.873,-48.828,-37.598,-36.133,-40.527,0.000
1728632063.877,-27.832,-30.762,-27.832,-29.297,0.000
1728632063.881,-8.789,-26.855,-27.832,-22.949,0.000
1728632063.885,-26.855,-26.367,-32.227,-21.973,0.000
1728632063.889,-44.922,-31.250,-35.156,-32.715,0.000
1728632063.893,-31.738,-33.203,-33.691,-42.969,0.000
1728632063.897,-19.531,-37.598,-35.645,-34.180,0.000
1728632063.901,-25.879,-48.828,-39.062,-29.785,0.000
1728632063.905,-32.715,-45.410,-36.621,-31.738,0.000
1728632063.909,-41.992,-36.621,-33.203,-35.645,0.000
1728632063.913,-40.527,-28.320,-30.762,-41.016,0.000
1728632063.916,-10.742,-24.414,-21.484,-27.832,0.000
1728632063.920,1.465,-20.996,-12.695,-14.160,0.000
1728632063.924,-12.695,-25.879,-21.484,-14.160,0.000
1728632063.928,-28.809,-41.016,-33.691,-31.250,0.000
1728632063.932,-37.598,-42.969,-31.738,-42.969,0.000
1728632063.936,-32.227,-39.551,-22.949,-41.016,0.000
1728632063.940,-22.461,-37.598,-23.438,-32.227,0.000
1728632063.944,-27.344,-36.133,-25.391,-17.090,0.000
1728632063.948,-45.898,-42.969,-20.020,-21.973,0.000
1728632063.952,-48.828,-43.457,-14.160,-33.691,0.000
1728632063.955,-25.879,-40.039,-14.160,-31.738,0.000
1728632063.959,-12.207,-39.551,-11.719,-30.762,0.000
1728632063.963,-24.902,-44.922,-11.719,-39.551,0.000
1728632063.967,-50.293,-61.035,-20.996,-41.992,0.000
1728632063.971,-57.617,-62.012,-20.996,-39.062,0.000
1728632063.975,-51.270,-45.898,-13.672,-43.945,0.000
1728632063.979,-29.785,-40.527,-14.160,-39.062,0.000
1728632063.983,-23.926,-44.434,-21.484,-36.133,0.000
1728632063.987,-56.641,-44.922,-26.855,-45.410,0.000
1728632063.991,-75.195,-51.270,-20.508,-44.922,0.000
1728632063.994,-57.617,-52.734,-12.695,-42.480,0.000
1728632063.998,-31.738,-46.875,-14.160,-36.621,0.000
1728632064.002,-36.621,-35.156,-22.461,-34.180,0.000
1728632064.006,-45.410,-30.762,-26.367,-41.016,0.000
1728632064.010,-39.551,-41.504,0.000,-46.875,0.000
1728632064.014,-51.758,-40.039,0.000,-51.270,0.000
1728632064.018,-46.875,-40.527,0.000,-49.805,0.000
1728632064.022,-22.461,-45.410,0.000,-38.574,0.000
1728632064.025,-33.203,-32.227,0.000,-32.715,0.000
1728632064.029,-51.758,-18.555,0.000,-39.062,0.000
1728632064.033,-45.410,-18.555,0.000,-39.062,0.000
1728632064.037,-29.785,-23.926,0.000,-29.785,0.000
1728632064.041,-14.160,-16.113,0.000,-31.250,0.000
1728632064.045,-8.301,-8.301,0.000,-22.461,0.000
1728632064.049,-21.484,-12.695,0.000,-28.809,0.000
1728632064.053,-22.949,-14.160,0.000,-39.062,0.000
1728632064.056,-21.973,-23.438,-25.391,-28.809,0.000
1728632064.060,-11.230,-31.250,-24.902,-17.090,0.000
1728632064.064,-13.184,-32.715,-20.996,-13.672,0.000
1728632064.068,-26.367,-37.109,-32.227,-26.855,0.000
1728632064.072,-27.832,-43.457,-35.645,-26.855,0.000
1728632064.076,-15.137,-33.203,-26.855,-17.578,0.000
1728632064.080,-11.230,-17.090,-24.902,-14.648,0.000
1728632064.084,-21.484,-16.602,-29.297,-17.090,0.000
1728632064.088,-43.945,-26.855,-23.926,-24.414,0.000
1728632064.091,-54.688,-31.738,-14.160,-36.133,0.000
1728632064.095,-33.203,-28.809,-5.371,-34.668,0.000
1728632064.099,-27.344,-30.762,-8.789,-30.273,0.000
